# visionSample, x, y, visX, visY, angle, rawDist, rawAngle, distM, distC, angleC, angleM, distRSquared, angleRSquared
0 1.5 -5.5 5.85634730137 0.0419935965636 179.160000026 0.600885154902 -0.328125 4.4 1.0 1.0 2.5 0.0 0.0 
0 1.5 -5.5 5.85634730137 0.0419935965636 179.160000026 0.600885154902 -0.328125 4.4 1.0 1.0 2.5 0.0 0.0 
0 1.5 -5.5 5.85634730137 0.0419935965636 179.160000026 0.600885154902 -0.328125 4.4 1.0 1.0 2.5 0.0 0.0 
0 1.5 -5.5 5.85634730137 0.0419935965636 180.0 0.600885154902 -0.328125 4.4 1.0 1.0 2.5 0.0 0.0 
0 1.5 -5.5 5.85634730137 0.0419935965636 180.0 0.600885154902 -0.328125 4.4 1.0 1.0 2.5 0.0 0.0 
0 1.5 -5.5 5.85634730137 0.0419935965636 180.0 0.600885154902 -0.328125 4.4 1.0 1.0 2.5 0.0 0.0 
0 1.5 -5.5 5.85634730137 0.0419935965636 180.0 0.600885154902 -0.328125 4.4 1.0 1.0 2.5 0.0 0.0 
0 1.5 -5.5 5.85634730137 0.0419935965636 180.0 0.600885154902 -0.328125 4.4 1.0 1.0 2.5 0.0 0.0 
0 1.5 -5.5 5.85634730137 0.0419935965636 180.0 0.600885154902 -0.328125 4.4 1.0 1.0 2.5 0.0 0.0 
0 1.5 -5.5 5.85634730137 0.0419935965636 180.0 0.600885154902 -0.328125 4.4 1.0 1.0 2.5 0.0 0.0 
0 1.55403892453 -5.5 5.85634730137 0.0419935965636 180.0 0.600885154902 -0.328125 4.4 1.0 1.0 2.5 0.0 0.0 
0 1.55403892453 -5.5 5.85634730137 0.0419935965636 180.0 0.600885154902 -0.328125 4.4 1.0 1.0 2.5 0.0 0.0 
0 1.55403892453 -5.5 5.85634730137 0.0419935965636 180.0 0.600885154902 -0.328125 4.4 1.0 1.0 2.5 0.0 0.0 
0 1.6211217274 -5.5 5.85634730137 0.0419935965636 180.100000001 0.600885154902 -0.328125 4.4 1.0 1.0 2.5 0.0 0.0 
0 1.6211217274 -5.5 5.85634730137 0.0419935965636 180.100000001 0.600885154902 -0.328125 4.4 1.0 1.0 2.5 0.0 0.0 
0 1.6211217274 -5.5 5.85634730137 0.0419935965636 180.100000001 0.600885154902 -0.328125 4.4 1.0 1.0 2.5 0.0 0.0 
0 1.76926266372 -5.49972632197 5.85634730137 0.0419935965636 180.119999997 0.600885154902 -0.328125 4.4 1.0 1.0 2.5 0.0 0.0 
0 1.76926266372 -5.49972632197 5.85634730137 0.0419935965636 180.119999997 0.600885154902 -0.328125 4.4 1.0 1.0 2.5 0.0 0.0 
0 1.76926266372 -5.49972632197 5.85634730137 0.0419935965636 180.119999997 0.600885154902 -0.328125 4.4 1.0 1.0 2.5 0.0 0.0 
0 2.00032499287 -5.49972632197 5.85634730137 0.0419935965636 180.170000002 0.600885154902 -0.328125 4.4 1.0 1.0 2.5 0.0 0.0 
0 2.00032499287 -5.49917799043 5.85634730137 0.0419935965636 180.170000002 0.600885154902 -0.328125 4.4 1.0 1.0 2.5 0.0 0.0 
0 2.00032499287 -5.49917799043 5.85634730137 0.0419935965636 180.170000002 0.600885154902 -0.328125 4.4 1.0 1.0 2.5 0.0 0.0 
0 2.00032499287 -5.49917799043 5.85634730137 0.0419935965636 180.170000002 0.600885154902 -0.328125 4.4 1.0 1.0 2.5 0.0 0.0 
0 2.28263020915 -5.49823890041 5.85634730137 0.0419935965636 180.270000011 0.600885154902 -0.328125 4.4 1.0 1.0 2.5 0.0 0.0 
0 2.28263020915 -5.49823890041 5.85634730137 0.0419935965636 180.270000011 0.600885154902 -0.328125 4.4 1.0 1.0 2.5 0.0 0.0 
0 2.58077156311 -5.4966257847 5.85634730137 0.0419935965636 180.409999996 0.600885154902 -0.328125 4.4 1.0 1.0 2.5 0.0 0.0 
0 2.58077156311 -5.4966257847 5.85634730137 0.0419935965636 180.409999996 0.600885154902 -0.328125 4.4 1.0 1.0 2.5 0.0 0.0 
0 2.58077156311 -5.4966257847 5.85634730137 0.0419935965636 180.409999996 0.600885154902 -0.328125 4.4 1.0 1.0 2.5 0.0 0.0 
0 2.58077156311 -5.4966257847 5.85634730137 0.0419935965636 180.409999996 0.600885154902 -0.328125 4.4 1.0 1.0 2.5 0.0 0.0 
0 2.85282158999 -5.49454337937 5.85634730137 0.0419935965636 180.550000012 0.600885154902 -0.328125 4.4 1.0 1.0 2.5 0.0 0.0 
0 2.85282158999 -5.49454337937 5.85634730137 0.0419935965636 180.550000012 0.600885154902 -0.328125 4.4 1.0 1.0 2.5 0.0 0.0 
0 2.85282158999 -5.49454337937 5.85634730137 0.0419935965636 180.550000012 0.600885154902 -0.328125 4.4 1.0 1.0 2.5 0.0 0.0 
0 3.09877946568 -5.49207576405 5.85634730137 0.0419935965636 180.639999986 0.600885154902 -0.328125 4.4 1.0 1.0 2.5 0.0 0.0 
0 3.09877946568 -5.49207576405 5.85634730137 0.0419935965636 180.639999986 0.600885154902 -0.328125 4.4 1.0 1.0 2.5 0.0 0.0 
0 3.09877946568 -5.49207576405 5.85634730137 0.0419935965636 180.639999986 0.600885154902 -0.328125 4.4 1.0 1.0 2.5 0.0 0.0 
0 3.34007569946 -5.48933969126 5.85634730137 0.0419935965636 180.670000017 0.600885154902 -0.328125 4.4 1.0 1.0 2.5 0.0 0.0 
0 3.34007569946 -5.48933969126 5.85634730137 0.0419935965636 180.670000017 0.600885154902 -0.328125 4.4 1.0 1.0 2.5 0.0 0.0 
0 3.34007569946 -5.48933969126 5.85634730137 0.0419935965636 180.670000017 0.600885154902 -0.328125 4.4 1.0 1.0 2.5 0.0 0.0 
0 3.55901196791 -5.48681615133 5.85634730137 0.0419935965636 180.589999974 0.600885154902 -0.328125 4.4 1.0 1.0 2.5 0.0 0.0 
0 3.55901196791 -5.48681615133 5.85634730137 0.0419935965636 180.589999974 0.600885154902 -0.328125 4.4 1.0 1.0 2.5 0.0 0.0 
0 3.55901196791 -5.48681615133 5.85634730137 0.0419935965636 180.589999974 0.600885154902 -0.328125 4.4 1.0 1.0 2.5 0.0 0.0 
0 3.74534508641 -5.48510239502 5.85634730137 0.0419935965636 180.280000001 0.600885154902 -0.328125 4.4 1.0 1.0 2.5 0.0 0.0 
0 3.74534508641 -5.48510239502 5.85634730137 0.0419935965636 180.280000001 0.600885154902 -0.328125 4.4 1.0 1.0 2.5 0.0 0.0 
0 3.74534508641 -5.48510239502 5.85634730137 0.0419935965636 180.280000001 0.600885154902 -0.328125 4.4 1.0 1.0 2.5 0.0 0.0 
0 3.92050457452 -5.48453373807 5.85634730137 0.0419935965636 179.909999996 0.600885154902 -0.328125 4.4 1.0 1.0 2.5 0.0 0.0 
0 3.92050457452 -5.48453373807 5.85634730137 0.0419935965636 179.909999996 0.600885154902 -0.328125 4.4 1.0 1.0 2.5 0.0 0.0 
0 3.92050457452 -5.48453373807 5.85634730137 0.0419935965636 179.909999996 0.600885154902 -0.328125 4.4 1.0 1.0 2.5 0.0 0.0 
0 4.08821035204 -5.48509767901 5.85634730137 0.0419935965636 179.5 0.600885154902 -0.328125 4.4 1.0 1.0 2.5 0.0 0.0 
0 4.08821035204 -5.48509767901 5.85634730137 0.0419935965636 179.5 0.600885154902 -0.328125 4.4 1.0 1.0 2.5 0.0 0.0 
0 4.08821035204 -5.48509767901 5.85634730137 0.0419935965636 179.5 0.600885154902 -0.328125 4.4 1.0 1.0 2.5 0.0 0.0 
0 4.24659117128 -5.48677353761 5.85634730137 0.0419935965636 179.170000017 0.600885154902 -0.328125 4.4 1.0 1.0 2.5 0.0 0.0 
0 4.24659117128 -5.48677353761 5.85634730137 0.0419935965636 179.170000017 0.600885154902 -0.328125 4.4 1.0 1.0 2.5 0.0 0.0 
0 4.24659117128 -5.48677353761 5.85634730137 0.0419935965636 179.170000017 0.600885154902 -0.328125 4.4 1.0 1.0 2.5 0.0 0.0 
0 4.24659117128 -5.48677353761 5.85634730137 0.0419935965636 179.149999976 0.600885154902 -0.328125 4.4 1.0 1.0 2.5 0.0 0.0 
0 4.39378422686 -5.4889718249 5.85634730137 0.0419935965636 179.149999976 0.600885154902 -0.328125 4.4 1.0 1.0 2.5 0.0 0.0 
0 4.39378422686 -5.4889718249 5.85634730137 0.0419935965636 179.149999976 0.600885154902 -0.328125 4.4 1.0 1.0 2.5 0.0 0.0 
0 4.39378422686 -5.4889718249 5.85634730137 0.0419935965636 179.149999976 0.600885154902 -0.328125 4.4 1.0 1.0 2.5 0.0 0.0 
0 4.55774636709 -5.49140443075 5.85634730137 0.0419935965636 179.279999971 0.600885154902 -0.328125 4.4 1.0 1.0 2.5 0.0 0.0 
0 4.55774636709 -5.49140443075 5.85634730137 0.0419935965636 179.279999971 0.600885154902 -0.328125 4.4 1.0 1.0 2.5 0.0 0.0 
0 4.55774636709 -5.49140443075 5.85634730137 0.0419935965636 179.279999971 0.600885154902 -0.328125 4.4 1.0 1.0 2.5 0.0 0.0 
0 4.75059799844 -5.49347673165 5.85634730137 0.0419935965636 179.729999989 0.600885154902 -0.328125 4.4 1.0 1.0 2.5 0.0 0.0 
0 4.75059799844 -5.49347673165 5.85634730137 0.0419935965636 179.729999989 0.600885154902 -0.328125 4.4 1.0 1.0 2.5 0.0 0.0 
0 4.75059799844 -5.49347673165 5.85634730137 0.0419935965636 179.729999989 0.600885154902 -0.328125 4.4 1.0 1.0 2.5 0.0 0.0 
0 4.96116229871 -5.49388423883 5.85634730137 0.0419935965636 180.370000005 0.600885154902 -0.328125 4.4 1.0 1.0 2.5 0.0 0.0 
0 4.96116229871 -5.49388423883 5.85634730137 0.0419935965636 180.370000005 0.600885154902 -0.328125 4.4 1.0 1.0 2.5 0.0 0.0 
0 4.96116229871 -5.49388423883 5.85634730137 0.0419935965636 180.370000005 0.600885154902 -0.328125 4.4 1.0 1.0 2.5 0.0 0.0 
0 5.18848827806 -5.4918161584 5.85634730137 0.0419935965636 180.970000029 0.600885154902 -0.328125 4.4 1.0 1.0 2.5 0.0 0.0 
0 5.18848827806 -5.4918161584 5.85634730137 0.0419935965636 180.970000029 0.600885154902 -0.328125 4.4 1.0 1.0 2.5 0.0 0.0 
0 5.18848827806 -5.4918161584 5.85634730137 0.0419935965636 180.970000029 0.600885154902 -0.328125 4.4 1.0 1.0 2.5 0.0 0.0 
0 5.18848827806 -5.4918161584 5.85634730137 0.0419935965636 180.970000029 0.600885154902 -0.328125 4.4 1.0 1.0 2.5 0.0 0.0 
0 5.42323601305 -5.48739432166 5.85634730137 0.0419935965636 181.440000057 0.600885154902 -0.328125 4.4 1.0 1.0 2.5 0.0 0.0 
0 5.42323601305 -5.48739432166 5.85634730137 0.0419935965636 181.440000057 0.600885154902 -0.328125 4.4 1.0 1.0 2.5 0.0 0.0 
0 5.42323601305 -5.48739432166 5.85634730137 0.0419935965636 181.440000057 0.600885154902 -0.328125 4.4 1.0 1.0 2.5 0.0 0.0 
0 5.63280671566 -5.48225690836 5.85634730137 0.0419935965636 181.429999948 0.600885154902 -0.328125 4.4 1.0 1.0 2.5 0.0 0.0 
0 5.63280671566 -5.48225690836 5.85634730137 0.0419935965636 181.429999948 0.600885154902 -0.328125 4.4 1.0 1.0 2.5 0.0 0.0 
0 5.63280671566 -5.48225690836 5.85634730137 0.0419935965636 181.429999948 0.600885154902 -0.328125 4.4 1.0 1.0 2.5 0.0 0.0 
0 5.7268796736 -5.47990852834 5.85634730137 0.0419935965636 181.190000057 0.600885154902 -0.328125 4.4 1.0 1.0 2.5 0.0 0.0 
0 5.7268796736 -5.47990852834 5.85634730137 0.0419935965636 181.190000057 0.600885154902 -0.328125 4.4 1.0 1.0 2.5 0.0 0.0 
0 5.7268796736 -5.47990852834 5.85634730137 0.0419935965636 181.190000057 0.600885154902 -0.328125 4.4 1.0 1.0 2.5 0.0 0.0 
0 5.99608459945 -5.47434967462 5.85634730137 0.0419935965636 180.839999974 0.600885154902 -0.328125 4.4 1.0 1.0 2.5 0.0 0.0 
0 5.99608459945 -5.47434967462 5.85634730137 0.0419935965636 180.839999974 0.600885154902 -0.328125 4.4 1.0 1.0 2.5 0.0 0.0 
0 5.99608459945 -5.47434967462 5.85634730137 0.0419935965636 180.839999974 0.600885154902 -0.328125 4.4 1.0 1.0 2.5 0.0 0.0 
0 6.07620266967 -5.47317499824 5.85634730137 0.0419935965636 180.400000006 0.600885154902 -0.328125 4.4 1.0 1.0 2.5 0.0 0.0 
0 6.07620266967 -5.47317499824 5.85634730137 0.0419935965636 180.400000006 0.600885154902 -0.328125 4.4 1.0 1.0 2.5 0.0 0.0 
0 6.07620266967 -5.47317499824 5.85634730137 0.0419935965636 180.400000006 0.600885154902 -0.328125 4.4 1.0 1.0 2.5 0.0 0.0 
0 6.07620266967 -5.47317499824 5.85634730137 0.0419935965636 180.400000006 0.600885154902 -0.328125 4.4 1.0 1.0 2.5 0.0 0.0 
0 6.23085908966 -5.47177134257 5.85634730137 0.0419935965636 179.98 0.600885154902 -0.328125 4.4 1.0 1.0 2.5 0.0 0.0 
0 6.23085908966 -5.47177134257 5.85634730137 0.0419935965636 179.98 0.600885154902 -0.328125 4.4 1.0 1.0 2.5 0.0 0.0 
0 6.23085908966 -5.47177134257 5.85634730137 0.0419935965636 179.98 0.600885154902 -0.328125 4.4 1.0 1.0 2.5 0.0 0.0 
0 6.38365827925 -5.47173800689 5.85634730137 0.0419935965636 179.710000008 0.600885154902 -0.328125 4.4 1.0 1.0 2.5 0.0 0.0 
0 6.38365827925 -5.47173800689 5.85634730137 0.0419935965636 179.710000008 0.600885154902 -0.328125 4.4 1.0 1.0 2.5 0.0 0.0 
0 6.38365827925 -5.47173800689 5.85634730137 0.0419935965636 179.710000008 0.600885154902 -0.328125 4.4 1.0 1.0 2.5 0.0 0.0 
0 6.44235487708 -5.47205380037 5.85634730137 0.0419935965636 179.639999986 0.600885154902 -0.328125 4.4 1.0 1.0 2.5 0.0 0.0 
0 6.44235487708 -5.47205380037 5.85634730137 0.0419935965636 179.639999986 0.600885154902 -0.328125 4.4 1.0 1.0 2.5 0.0 0.0 
0 6.44235487708 -5.47205380037 5.85634730137 0.0419935965636 179.639999986 0.600885154902 -0.328125 4.4 1.0 1.0 2.5 0.0 0.0 
0 6.46378368278 -5.4721884433 5.85634730137 0.0419935965636 179.650000006 0.600885154902 -0.328125 4.4 1.0 1.0 2.5 0.0 0.0 
0 6.46378368278 -5.4721884433 5.85634730137 0.0419935965636 179.650000006 0.600885154902 -0.328125 4.4 1.0 1.0 2.5 0.0 0.0 
0 6.46378368278 -5.4721884433 5.85634730137 0.0419935965636 179.650000006 0.600885154902 -0.328125 4.4 1.0 1.0 2.5 0.0 0.0 
0 6.50477793831 -5.47244276886 5.85634730137 0.0419935965636 179.689999998 0.600885154902 -0.328125 4.4 1.0 1.0 2.5 0.0 0.0 
0 6.50477793831 -5.47244276886 5.85634730137 0.0419935965636 179.689999998 0.600885154902 -0.328125 4.4 1.0 1.0 2.5 0.0 0.0 
0 6.50477793831 -5.47244276886 5.85634730137 0.0419935965636 179.689999998 0.600885154902 -0.328125 4.4 1.0 1.0 2.5 0.0 0.0 
0 6.50477793831 -5.47244276886 5.85634730137 0.0419935965636 179.689999998 0.600885154902 -0.328125 4.4 1.0 1.0 2.5 0.0 0.0 
0 6.53552375236 -5.47261286151 5.85634730137 0.0419935965636 179.639999986 0.600885154902 -0.328125 4.4 1.0 1.0 2.5 0.0 0.0 
0 6.53552375236 -5.47261286151 5.85634730137 0.0419935965636 179.639999986 0.600885154902 -0.328125 4.4 1.0 1.0 2.5 0.0 0.0 
0 6.53552375236 -5.47261286151 5.85634730137 0.0419935965636 179.639999986 0.600885154902 -0.328125 4.4 1.0 1.0 2.5 0.0 0.0 
0 6.52434353611 -5.47253805995 5.85634730137 0.0419935965636 179.580000013 0.600885154902 -0.328125 4.4 1.0 1.0 2.5 0.0 0.0 
0 6.52434353611 -5.47253805995 5.85634730137 0.0419935965636 179.580000013 0.600885154902 -0.328125 4.4 1.0 1.0 2.5 0.0 0.0 
0 6.52434353611 -5.47253805995 5.85634730137 0.0419935965636 179.580000013 0.600885154902 -0.328125 4.4 1.0 1.0 2.5 0.0 0.0 
0 6.52061681386 -5.47251074116 5.85634730137 0.0419935965636 179.710000008 0.600885154902 -0.328125 4.4 1.0 1.0 2.5 0.0 0.0 
0 6.52061681386 -5.47251074116 5.85634730137 0.0419935965636 179.710000008 0.600885154902 -0.328125 4.4 1.0 1.0 2.5 0.0 0.0 
0 6.52061681386 -5.47251074116 5.85634730137 0.0419935965636 179.710000008 0.600885154902 -0.328125 4.4 1.0 1.0 2.5 0.0 0.0 
0 6.52154850752 -5.47251545693 5.85634730137 0.0419935965636 180.07 0.600885154902 -0.328125 4.4 1.0 1.0 2.5 0.0 0.0 
0 6.52154850752 -5.47251545693 5.85634730137 0.0419935965636 180.07 0.600885154902 -0.328125 4.4 1.0 1.0 2.5 0.0 0.0 
0 6.52154850752 -5.47251545693 5.85634730137 0.0419935965636 180.07 0.600885154902 -0.328125 4.4 1.0 1.0 2.5 0.0 0.0 
0 6.51782169196 -5.47251074115 5.85634730137 0.0419935965636 180.769999981 0.600885154902 -0.328125 4.4 1.0 1.0 2.5 0.0 0.0 
0 6.51782169196 -5.47251074115 5.85634730137 0.0419935965636 180.769999981 0.600885154902 -0.328125 4.4 1.0 1.0 2.5 0.0 0.0 
0 6.51782169196 -5.47251074115 5.85634730137 0.0419935965636 180.769999981 0.600885154902 -0.328125 4.4 1.0 1.0 2.5 0.0 0.0 
0 6.51782169196 -5.47251074115 5.85634730137 0.0419935965636 180.769999981 0.600885154902 -0.328125 4.4 1.0 1.0 2.5 0.0 0.0 
0 6.51502663035 -5.47252830327 5.85634730137 0.0419935965636 182.0 0.600885154902 -0.328125 4.4 1.0 1.0 2.5 0.0 0.0 
0 6.51502663035 -5.47252830327 5.85634730137 0.0419935965636 182.0 0.600885154902 -0.328125 4.4 1.0 1.0 2.5 0.0 0.0 
0 6.51502663035 -5.47252830327 5.85634730137 0.0419935965636 182.0 0.600885154902 -0.328125 4.4 1.0 1.0 2.5 0.0 0.0 
0 6.51595776838 -5.47249578721 5.85634730137 0.0419935965636 183.859999895 0.600885154902 -0.328125 4.4 1.0 1.0 2.5 0.0 0.0 
0 6.51595776838 -5.47249578721 5.85634730137 0.0419935965636 183.859999895 0.600885154902 -0.328125 4.4 1.0 1.0 2.5 0.0 0.0 
0 6.51595776838 -5.47249578721 5.85634730137 0.0419935965636 183.859999895 0.600885154902 -0.328125 4.4 1.0 1.0 2.5 0.0 0.0 
0 6.51688736041 -5.47243306595 5.85634730137 0.0419935965636 186.369999886 0.600885154902 -0.328125 4.4 1.0 1.0 2.5 0.0 0.0 
0 6.51688736041 -5.47243306595 5.85634730137 0.0419935965636 186.369999886 0.600885154902 -0.328125 4.4 1.0 1.0 2.5 0.0 0.0 
0 6.51688736041 -5.47243306595 5.85634730137 0.0419935965636 186.369999886 0.600885154902 -0.328125 4.4 1.0 1.0 2.5 0.0 0.0 
0 6.51688519627 -5.472411384 5.85634730137 0.0419935965636 187.809999943 0.600885154902 -0.328125 4.4 1.0 1.0 2.5 0.0 0.0 
0 6.51688519627 -5.472411384 5.85634730137 0.0419935965636 187.809999943 0.600885154902 -0.328125 4.4 1.0 1.0 2.5 0.0 0.0 
0 6.51688519627 -5.472411384 5.85634730137 0.0419935965636 187.809999943 0.600885154902 -0.328125 4.4 1.0 1.0 2.5 0.0 0.0 
0 6.51688519627 -5.472411384 5.85634730137 0.0419935965636 190.789999962 0.600885154902 -0.328125 4.4 1.0 1.0 2.5 0.0 0.0 
0 6.52243224609 -5.47172144558 5.85634730137 0.0419935965636 190.789999962 0.600885154902 -0.328125 4.4 1.0 1.0 2.5 0.0 0.0 
0 6.52243224609 -5.47172144558 5.85634730137 0.0419935965636 190.789999962 0.600885154902 -0.328125 4.4 1.0 1.0 2.5 0.0 0.0 
0 6.52243224609 -5.47172144558 5.85634730137 0.0419935965636 190.789999962 0.600885154902 -0.328125 4.4 1.0 1.0 2.5 0.0 0.0 
0 6.51968232113 -5.47222086173 5.85634730137 0.0419935965636 193.659999847 0.600885154902 -0.328125 4.4 1.0 1.0 2.5 0.0 0.0 
0 6.51968232113 -5.47222086173 5.85634730137 0.0419935965636 193.659999847 0.600885154902 -0.328125 4.4 1.0 1.0 2.5 0.0 0.0 
0 6.51968232113 -5.47222086173 5.85634730137 0.0419935965636 193.659999847 0.600885154902 -0.328125 4.4 1.0 1.0 2.5 0.0 0.0 
0 6.51965023893 -5.47208860335 5.85634730137 0.0419935965636 197.290000916 0.600885154902 -0.328125 4.4 1.0 1.0 2.5 0.0 0.0 
0 6.51965023893 -5.47208860335 5.85634730137 0.0419935965636 197.290000916 0.600885154902 -0.328125 4.4 1.0 1.0 2.5 0.0 0.0 
0 6.51965023893 -5.47208860335 5.85634730137 0.0419935965636 197.290000916 0.600885154902 -0.328125 4.4 1.0 1.0 2.5 0.0 0.0 
0 6.51699051126 -5.47294869401 5.85634730137 0.0419935965636 198.829999924 0.600885154902 -0.328125 4.4 1.0 1.0 2.5 0.0 0.0 
0 6.51699051126 -5.47294869401 5.85634730137 0.0419935965636 198.829999924 0.600885154902 -0.328125 4.4 1.0 1.0 2.5 0.0 0.0 
0 6.51699051126 -5.47294869401 5.85634730137 0.0419935965636 198.829999924 0.600885154902 -0.328125 4.4 1.0 1.0 2.5 0.0 0.0 
0 6.5152268291 -5.47355013106 5.85634730137 0.0419935965636 199.75 0.600885154902 -0.328125 4.4 1.0 1.0 2.5 0.0 0.0 
0 6.5152268291 -5.47355013106 5.85634730137 0.0419935965636 199.75 0.600885154902 -0.328125 4.4 1.0 1.0 2.5 0.0 0.0 
0 6.5152268291 -5.47355013106 5.85634730137 0.0419935965636 199.75 0.600885154902 -0.328125 4.4 1.0 1.0 2.5 0.0 0.0 
0 6.50995922899 -5.47542169639 5.85634730137 0.0419935965636 200.170000076 0.600885154902 -0.328125 4.4 1.0 1.0 2.5 0.0 0.0 
0 6.50995922899 -5.47542169639 5.85634730137 0.0419935965636 200.170000076 0.600885154902 -0.328125 4.4 1.0 1.0 2.5 0.0 0.0 
0 6.50995922899 -5.47542169639 5.85634730137 0.0419935965636 200.170000076 0.600885154902 -0.328125 4.4 1.0 1.0 2.5 0.0 0.0 
0 6.50820914459 -5.47542169639 5.85634730137 0.0419935965636 200.170000076 0.600885154902 -0.328125 4.4 1.0 1.0 2.5 0.0 0.0 
0 6.50820914459 -5.47606161686 5.85634730137 0.0419935965636 200.270000458 0.600885154902 -0.328125 4.4 1.0 1.0 2.5 0.0 0.0 
0 6.50820914459 -5.47606161686 5.85634730137 0.0419935965636 200.270000458 0.600885154902 -0.328125 4.4 1.0 1.0 2.5 0.0 0.0 
0 6.50820914459 -5.47606161686 5.85634730137 0.0419935965636 200.270000458 0.600885154902 -0.328125 4.4 1.0 1.0 2.5 0.0 0.0 
0 6.50908315008 -5.47573883255 5.85634730137 0.0419935965636 200.280000687 0.600885154902 -0.328125 4.4 1.0 1.0 2.5 0.0 0.0 
0 6.50908315008 -5.47573883255 5.85634730137 0.0419935965636 200.280000687 0.600885154902 -0.328125 4.4 1.0 1.0 2.5 0.0 0.0 
1 6.50908315008 -5.47573883255 5.85634730137 0.0419935965636 200.280000687 0.559857411278 3.78125 4.4 1.0 1.0 2.5 0.0 0.0 
1 6.51257894666 -5.47444708514 5.85634730137 0.0419935965636 200.299999237 0.559857411278 3.78125 4.4 1.0 1.0 2.5 0.0 0.0 
1 6.51257894666 -5.47444708514 5.85634730137 0.0419935965636 200.299999237 0.559857411278 3.78125 4.4 1.0 1.0 2.5 0.0 0.0 
1 6.51257894666 -5.47444708514 5.85634730137 0.0419935965636 200.299999237 0.559857411278 3.78125 4.4 1.0 1.0 2.5 0.0 0.0 
2 6.51520062496 -5.47347781699 5.85634730137 0.0419935965636 200.379999161 0.559857411278 3.78125 4.4 1.0 1.0 2.5 0.0 0.0 
3 6.51520062496 -5.47347781699 5.85634730137 0.0419935965636 200.379999161 0.570841721597 3.78125 4.4 1.0 1.0 2.5 0.0 0.0 
4 6.51520062496 -5.47347781699 5.85634730137 0.0419935965636 200.379999161 0.570841721597 3.78125 4.4 1.0 1.0 2.5 0.0 0.0 
6 6.51432695796 -5.47380151637 5.85634730137 0.0419935965636 200.559999466 0.559857411278 3.71875 4.4 1.0 1.0 2.5 0.0 0.0 
6 6.51432695796 -5.47380151637 5.85634730137 0.0419935965636 200.559999466 0.559857411278 3.71875 4.4 1.0 1.0 2.5 0.0 0.0 
8 6.51432695796 -5.47380151637 5.85634730137 0.0419935965636 200.559999466 0.551083392722 3.6875 4.4 1.0 1.0 2.5 0.0 0.0 
9 6.5134545974 -5.47412872025 5.85634730137 0.0419935965636 200.850000381 0.54092790301 3.625 4.4 1.0 1.0 2.5 0.0 0.0 
9 6.5134545974 -5.47412872025 5.85634730137 0.0419935965636 200.850000381 0.54092790301 3.625 4.4 1.0 1.0 2.5 0.0 0.0 
10 6.5134545974 -5.47412872025 5.85634730137 0.0419935965636 200.850000381 0.542965303454 3.59375 4.4 1.0 1.0 2.5 0.0 0.0 
11 6.51519690656 -5.47346792277 5.85634730137 0.0419935965636 201.370000839 0.542965303454 3.59375 4.4 1.0 1.0 2.5 0.0 0.0 
13 6.51519690656 -5.47346792277 5.85634730137 0.0419935965636 201.370000839 0.54092790301 3.40625 4.4 1.0 1.0 2.5 0.0 0.0 
14 6.51519690656 -5.47346792277 5.85634730137 0.0419935965636 201.370000839 0.545025900246 3.34375 4.4 1.0 1.0 2.5 0.0 0.0 
14 6.51606626161 -5.47313281518 5.85634730137 0.0419935965636 202.159999847 0.545025900246 3.34375 4.4 1.0 1.0 2.5 0.0 0.0 
15 6.51606626161 -5.47313281518 5.85634730137 0.0419935965636 202.159999847 0.554870952023 3.25 4.4 1.0 1.0 2.5 0.0 0.0 
16 6.51606626161 -5.47313281518 5.85634730137 0.0419935965636 202.159999847 0.554870952023 3.25 4.4 1.0 1.0 2.5 0.0 0.0 
16 6.51693175914 -5.47278786684 5.85634730137 0.0419935965636 203.149999619 0.554870952023 3.25 4.4 1.0 1.0 2.5 0.0 0.0 
17 6.51693175914 -5.47278786684 5.85634730137 0.0419935965636 203.149999619 0.545025900246 2.875 4.4 1.0 1.0 2.5 0.0 0.0 
18 6.51693175914 -5.47278786684 5.85634730137 0.0419935965636 203.149999619 0.572936560643 2.75 4.4 1.0 1.0 2.5 0.0 0.0 
19 6.51693175914 -5.47278786684 5.85634730137 0.0419935965636 203.149999619 0.562117188017 2.59375 4.4 1.0 1.0 2.5 0.0 0.0 
19 6.51607507562 -5.47315415726 5.85634730137 0.0419935965636 204.299999237 0.562117188017 2.59375 4.4 1.0 1.0 2.5 0.0 0.0 
21 6.51607507562 -5.47315415726 5.85634730137 0.0419935965636 204.299999237 0.572936560643 2.4375 4.4 1.0 1.0 2.5 0.0 0.0 
22 6.51607507562 -5.47315415726 5.85634730137 0.0419935965636 204.299999237 0.570841721597 2.125 4.4 1.0 1.0 2.5 0.0 0.0 
23 6.51267063136 -5.47467026944 5.85634730137 0.0419935965636 205.510000229 0.559857411278 1.9375 4.4 1.0 1.0 2.5 0.0 0.0 
24 6.51267063136 -5.47467026944 5.85634730137 0.0419935965636 205.510000229 0.559857411278 1.9375 4.4 1.0 1.0 2.5 0.0 0.0 
25 6.51267063136 -5.47467026944 5.85634730137 0.0419935965636 205.510000229 0.549749371417 1.78125 4.4 1.0 1.0 2.5 0.0 0.0 
26 6.51182553337 -5.47506255086 5.85634730137 0.0419935965636 206.61000061 0.552967444005 1.59375 4.4 1.0 1.0 2.5 0.0 0.0 
28 6.51182553337 -5.47506255086 5.85634730137 0.0419935965636 206.61000061 0.567595761483 1.28125 4.4 1.0 1.0 2.5 0.0 0.0 
28 6.51182553337 -5.47506255086 5.85634730137 0.0419935965636 206.61000061 0.567595761483 1.28125 4.4 1.0 1.0 2.5 0.0 0.0 
29 6.51182553337 -5.47506255086 5.85634730137 0.0419935965636 207.329999924 0.570841721597 1.125 4.4 1.0 1.0 2.5 0.0 0.0 
30 6.51182553337 -5.47506255086 5.85634730137 0.0419935965636 207.329999924 0.570841721597 1.0 4.4 1.0 1.0 2.5 0.0 0.0 
30 6.51182553337 -5.47506255086 5.85634730137 0.0419935965636 207.329999924 0.570841721597 1.0 4.4 1.0 1.0 2.5 0.0 0.0 
31 6.51182553337 -5.47506255086 5.85634730137 0.0419935965636 207.620000839 0.549749371417 0.78125 4.4 1.0 1.0 2.5 0.0 0.0 
32 6.51431087912 -5.47378361115 5.85634730137 0.0419935965636 207.620000839 0.552967444005 0.71875 4.4 1.0 1.0 2.5 0.0 0.0 
32 6.51431087912 -5.47378361115 5.85634730137 0.0419935965636 207.620000839 0.552967444005 0.71875 4.4 1.0 1.0 2.5 0.0 0.0 
32 6.51431087912 -5.47378361115 5.85634730137 0.0419935965636 207.680000305 0.552967444005 0.71875 4.4 1.0 1.0 2.5 0.0 0.0 
32 6.51513716185 -5.47335310892 5.85634730137 0.0419935965636 207.680000305 0.552967444005 0.71875 4.4 1.0 1.0 2.5 0.0 0.0 
33 6.51513716185 -5.47335310892 5.85634730137 0.0419935965636 207.680000305 0.570841721597 0.625 4.4 1.0 1.0 2.5 0.0 0.0 
33 6.51513716185 -5.47335310892 5.85634730137 0.0419935965636 207.680000305 0.570841721597 0.625 4.4 1.0 1.0 2.5 0.0 0.0 
34 6.51513716185 -5.47335310892 5.85634730137 0.0419935965636 207.670000076 0.568769693992 0.625 4.4 1.0 1.0 2.5 0.0 0.0 
34 6.51513716185 -5.47335310892 5.85634730137 0.0419935965636 207.670000076 0.568769693992 0.625 4.4 1.0 1.0 2.5 0.0 0.0 
36 6.51513716185 -5.47335310892 5.85634730137 0.0419935965636 207.670000076 0.568769693992 0.625 4.4 1.0 1.0 2.5 0.0 0.0 
37 6.51513716185 -5.47335310892 5.85634730137 0.0419935965636 207.680000305 0.570841721597 0.625 4.4 1.0 1.0 2.5 0.0 0.0 
37 6.51513716185 -5.47335310892 5.85634730137 0.0419935965636 207.680000305 0.570841721597 0.625 4.4 1.0 1.0 2.5 0.0 0.0 
39 6.51513716185 -5.47335310892 5.85634730137 0.0419935965636 207.680000305 0.570841721597 0.625 4.4 1.0 1.0 2.5 0.0 0.0 
39 6.51513716185 -5.47335310892 5.85634730137 0.0419935965636 207.680000305 0.570841721597 0.625 4.4 1.0 1.0 2.5 0.0 0.0 
41 6.51513716185 -5.47335310892 5.85634730137 0.0419935965636 207.680000305 0.570841721597 0.625 4.4 1.0 1.0 2.5 0.0 0.0 
42 6.51513716185 -5.47335310892 5.85634730137 0.0419935965636 207.680000305 0.570841721597 0.625 4.4 1.0 1.0 2.5 0.0 0.0 
43 6.51513716185 -5.47335310892 5.85634730137 0.0419935965636 207.680000305 0.570841721597 0.625 4.4 1.0 1.0 2.5 0.0 0.0 
44 6.51513716185 -5.47335310892 5.85634730137 0.0419935965636 207.680000305 0.570841721597 0.625 4.4 1.0 1.0 2.5 0.0 0.0 
45 6.51513716185 -5.47335310892 5.85634730137 0.0419935965636 207.680000305 0.572936560643 0.625 4.4 1.0 1.0 2.5 0.0 0.0 
46 6.51596223917 -5.47292030096 5.85634730137 0.0419935965636 207.680000305 0.570841721597 0.625 4.4 1.0 1.0 2.5 0.0 0.0 
46 6.51596223917 -5.47292030096 5.85634730137 0.0419935965636 207.680000305 0.570841721597 0.625 4.4 1.0 1.0 2.5 0.0 0.0 
48 6.51596223917 -5.47292030096 5.85634730137 0.0419935965636 207.680000305 0.568769693992 0.625 4.4 1.0 1.0 2.5 0.0 0.0 
49 6.51596223917 -5.47292030096 5.85634730137 0.0419935965636 207.680000305 0.568769693992 0.625 4.4 1.0 1.0 2.5 0.0 0.0 
50 6.51678724094 -5.472487349 5.85634730137 0.0419935965636 207.700000763 0.568769693992 0.625 4.4 1.0 1.0 2.5 0.0 0.0 
51 6.51678724094 -5.472487349 5.85634730137 0.0419935965636 207.700000763 0.568769693992 0.625 4.4 1.0 1.0 2.5 0.0 0.0 
51 6.51678724094 -5.472487349 5.85634730137 0.0419935965636 207.700000763 0.568769693992 0.625 4.4 1.0 1.0 2.5 0.0 0.0 
51 6.51843686645 -5.47162072526 5.85634730137 0.0419935965636 207.819999695 0.568769693992 0.625 4.4 1.0 1.0 2.5 0.0 0.0 
51 6.51843686645 -5.47162072526 5.85634730137 0.0419935965636 207.819999695 0.568769693992 0.625 4.4 1.0 1.0 2.5 0.0 0.0 
51 6.51843686645 -5.47162072526 5.85634730137 0.0419935965636 207.819999695 0.568769693992 0.625 4.4 1.0 1.0 2.5 0.0 0.0 
52 6.52008528021 -5.4707517991 5.85634730137 0.0419935965636 207.940000534 0.570841721597 0.5625 4.4 1.0 1.0 2.5 0.0 0.0 
53 6.52008528021 -5.4707517991 5.85634730137 0.0419935965636 207.940000534 0.570841721597 0.5625 4.4 1.0 1.0 2.5 0.0 0.0 
54 6.52008528021 -5.4707517991 5.85634730137 0.0419935965636 207.940000534 0.568769693992 0.53125 4.4 1.0 1.0 2.5 0.0 0.0 
54 6.52090838502 -5.47031525153 5.85634730137 0.0419935965636 208.090000153 0.568769693992 0.53125 4.4 1.0 1.0 2.5 0.0 0.0 
54 6.52090838502 -5.47031525153 5.85634730137 0.0419935965636 208.090000153 0.568769693992 0.53125 4.4 1.0 1.0 2.5 0.0 0.0 
55 6.52090838502 -5.47031525153 5.85634730137 0.0419935965636 208.090000153 0.551083392722 0.46875 4.4 1.0 1.0 2.5 0.0 0.0 
55 6.52090838502 -5.47031525153 5.85634730137 0.0419935965636 208.090000153 0.551083392722 0.46875 4.4 1.0 1.0 2.5 0.0 0.0 
56 6.52090838502 -5.47031525153 5.85634730137 0.0419935965636 208.200000763 0.570841721597 0.4375 4.4 1.0 1.0 2.5 0.0 0.0 
56 6.52090838502 -5.47031525153 5.85634730137 0.0419935965636 208.200000763 0.570841721597 0.4375 4.4 1.0 1.0 2.5 0.0 0.0 
56 6.52090838502 -5.47031525153 5.85634730137 0.0419935965636 208.200000763 0.570841721597 0.4375 4.4 1.0 1.0 2.5 0.0 0.0 
56 6.56607356848 -5.4461071178 5.85634730137 0.0419935965636 208.520000458 0.570841721597 0.4375 4.4 1.0 1.0 2.5 0.0 0.0 
57 6.56607356848 -5.4461071178 5.85634730137 0.0419935965636 208.520000458 0.570841721597 0.375 4.4 1.0 1.0 2.5 0.0 0.0 
58 6.56607356848 -5.4461071178 5.85634730137 0.0419935965636 208.520000458 0.554870952023 0.28125 4.4 1.0 1.0 2.5 0.0 0.0 
59 6.64146114763 -5.40531414842 5.85634730137 0.0419935965636 209.989999771 0.554870952023 0.28125 4.4 1.0 1.0 2.5 0.0 0.0 
59 6.64146114763 -5.40531414842 5.85634730137 0.0419935965636 209.989999771 0.554870952023 0.28125 4.4 1.0 1.0 2.5 0.0 0.0 
59 6.64146114763 -5.40531414842 5.85634730137 0.0419935965636 209.989999771 0.554870952023 0.28125 4.4 1.0 1.0 2.5 0.0 0.0 
61 6.78889282212 -5.32155044978 5.85634730137 0.0419935965636 212.409999847 0.565558753974 -0.59375 4.4 1.0 1.0 2.5 0.0 0.0 
61 6.78889282212 -5.32155044978 5.85634730137 0.0419935965636 212.409999847 0.565558753974 -0.59375 4.4 1.0 1.0 2.5 0.0 0.0 
62 6.78889282212 -5.32155044978 5.85634730137 0.0419935965636 212.409999847 0.565558753974 -0.59375 4.4 1.0 1.0 2.5 0.0 0.0 
63 6.99474005661 -5.19387306865 5.85634730137 0.0419935965636 215.009998322 0.535195724754 -1.3125 4.4 1.0 1.0 2.5 0.0 0.0 
63 6.99474005661 -5.19387306865 5.85634730137 0.0419935965636 215.009998322 0.535195724754 -1.3125 4.4 1.0 1.0 2.5 0.0 0.0 
63 6.99474005661 -5.19387306865 5.85634730137 0.0419935965636 215.009998322 0.535195724754 -1.3125 4.4 1.0 1.0 2.5 0.0 0.0 
63 7.22769942737 -5.03444463935 5.85634730137 0.0419935965636 215.009998322 0.535195724754 -1.3125 4.4 1.0 1.0 2.5 0.0 0.0 
63 7.22769942737 -5.03444463935 5.85634730137 0.0419935965636 217.11000061 0.535195724754 -1.3125 4.4 1.0 1.0 2.5 0.0 0.0 
63 7.22769942737 -5.03444463935 5.85634730137 0.0419935965636 217.11000061 0.535195724754 -1.3125 4.4 1.0 1.0 2.5 0.0 0.0 
63 7.22769942737 -5.03444463935 5.85634730137 0.0419935965636 217.11000061 0.535195724754 -1.3125 4.4 1.0 1.0 2.5 0.0 0.0 
63 7.45724880084 -4.86380884524 5.85634730137 0.0419935965636 218.310001373 0.535195724754 -1.3125 4.4 1.0 1.0 2.5 0.0 0.0 
63 7.45724880084 -4.86380884524 5.85634730137 0.0419935965636 218.310001373 0.535195724754 -1.3125 4.4 1.0 1.0 2.5 0.0 0.0 
63 7.45724880084 -4.86380884524 5.85634730137 0.0419935965636 218.310001373 0.535195724754 -1.3125 4.4 1.0 1.0 2.5 0.0 0.0 
63 7.6062573401 -4.74732561239 5.85634730137 0.0419935965636 223.169998169 0.535195724754 -1.3125 4.4 1.0 1.0 2.5 0.0 0.0 
63 7.6062573401 -4.74732561239 5.85634730137 0.0419935965636 223.169998169 0.535195724754 -1.3125 4.4 1.0 1.0 2.5 0.0 0.0 
63 7.6062573401 -4.74732561239 5.85634730137 0.0419935965636 223.169998169 0.535195724754 -1.3125 4.4 1.0 1.0 2.5 0.0 0.0 
63 7.68848995365 -4.6758514183 5.85634730137 0.0419935965636 228.849998474 0.535195724754 -1.3125 4.4 1.0 1.0 2.5 0.0 0.0 
63 7.68848995365 -4.6758514183 5.85634730137 0.0419935965636 228.849998474 0.535195724754 -1.3125 4.4 1.0 1.0 2.5 0.0 0.0 
63 7.68848995365 -4.6758514183 5.85634730137 0.0419935965636 228.849998474 0.535195724754 -1.3125 4.4 1.0 1.0 2.5 0.0 0.0 
63 7.73794190888 -4.6213491049 5.85634730137 0.0419935965636 229.169998169 0.535195724754 -1.3125 4.4 1.0 1.0 2.5 0.0 0.0 
63 7.73794190888 -4.6213491049 5.85634730137 0.0419935965636 229.169998169 0.535195724754 -1.3125 4.4 1.0 1.0 2.5 0.0 0.0 
63 7.73794190888 -4.6213491049 5.85634730137 0.0419935965636 229.169998169 0.535195724754 -1.3125 4.4 1.0 1.0 2.5 0.0 0.0 
63 7.73794190888 -4.6213491049 5.85634730137 0.0419935965636 229.830001831 0.535195724754 -1.3125 4.4 1.0 1.0 2.5 0.0 0.0 
63 7.758573621 -4.59731115793 5.85634730137 0.0419935965636 229.830001831 0.535195724754 -1.3125 4.4 1.0 1.0 2.5 0.0 0.0 
63 7.758573621 -4.59731115793 5.85634730137 0.0419935965636 229.830001831 0.535195724754 -1.3125 4.4 1.0 1.0 2.5 0.0 0.0 
63 7.758573621 -4.59731115793 5.85634730137 0.0419935965636 229.830001831 0.535195724754 -1.3125 4.4 1.0 1.0 2.5 0.0 0.0 
63 7.77128959156 -4.58244119712 5.85634730137 0.0419935965636 230.11000061 0.535195724754 -1.3125 4.4 1.0 1.0 2.5 0.0 0.0 
63 7.77128959156 -4.58244119712 5.85634730137 0.0419935965636 230.11000061 0.535195724754 -1.3125 4.4 1.0 1.0 2.5 0.0 0.0 
63 7.77128959156 -4.58244119712 5.85634730137 0.0419935965636 230.11000061 0.535195724754 -1.3125 4.4 1.0 1.0 2.5 0.0 0.0 
63 7.89982107973 -4.42758659619 5.85634730137 0.0419935965636 230.880001068 0.535195724754 -1.3125 4.4 1.0 1.0 2.5 0.0 0.0 
63 7.89982107973 -4.42758659619 5.85634730137 0.0419935965636 230.880001068 0.535195724754 -1.3125 4.4 1.0 1.0 2.5 0.0 0.0 
63 7.89982107973 -4.42758659619 5.85634730137 0.0419935965636 230.880001068 0.535195724754 -1.3125 4.4 1.0 1.0 2.5 0.0 0.0 
63 8.00990548219 -4.29134291177 5.85634730137 0.0419935965636 231.729999542 0.535195724754 -1.3125 4.4 1.0 1.0 2.5 0.0 0.0 
63 8.00990548219 -4.29134291177 5.85634730137 0.0419935965636 231.729999542 0.535195724754 -1.3125 4.4 1.0 1.0 2.5 0.0 0.0 
63 8.00990548219 -4.29134291177 5.85634730137 0.0419935965636 231.729999542 0.535195724754 -1.3125 4.4 1.0 1.0 2.5 0.0 0.0 
63 8.1010924289 -4.17459434116 5.85634730137 0.0419935965636 232.290000916 0.535195724754 -1.3125 4.4 1.0 1.0 2.5 0.0 0.0 
63 8.1010924289 -4.17459434116 5.85634730137 0.0419935965636 232.290000916 0.535195724754 -1.3125 4.4 1.0 1.0 2.5 0.0 0.0 
63 8.1010924289 -4.17459434116 5.85634730137 0.0419935965636 232.290000916 0.535195724754 -1.3125 4.4 1.0 1.0 2.5 0.0 0.0 
63 8.1010924289 -4.17459434116 5.85634730137 0.0419935965636 232.290000916 0.535195724754 -1.3125 4.4 1.0 1.0 2.5 0.0 0.0 
63 8.18540269138 -4.0643069038 5.85634730137 0.0419935965636 233.599998474 0.535195724754 -1.3125 4.4 1.0 1.0 2.5 0.0 0.0 
63 8.18540269138 -4.0643069038 5.85634730137 0.0419935965636 233.599998474 0.535195724754 -1.3125 4.4 1.0 1.0 2.5 0.0 0.0 
63 8.18540269138 -4.0643069038 5.85634730137 0.0419935965636 233.599998474 0.535195724754 -1.3125 4.4 1.0 1.0 2.5 0.0 0.0 
63 8.28235341887 -3.93090717558 5.85634730137 0.0419935965636 235.029998779 0.535195724754 -1.3125 4.4 1.0 1.0 2.5 0.0 0.0 
63 8.28235341887 -3.93090717558 5.85634730137 0.0419935965636 235.029998779 0.535195724754 -1.3125 4.4 1.0 1.0 2.5 0.0 0.0 
63 8.28235341887 -3.93090717558 5.85634730137 0.0419935965636 235.029998779 0.535195724754 -1.3125 4.4 1.0 1.0 2.5 0.0 0.0 
63 8.387099472 -3.77905595653 5.85634730137 0.0419935965636 236.509998322 0.535195724754 -1.3125 4.4 1.0 1.0 2.5 0.0 0.0 
63 8.387099472 -3.77905595653 5.85634730137 0.0419935965636 236.509998322 0.535195724754 -1.3125 4.4 1.0 1.0 2.5 0.0 0.0 
63 8.387099472 -3.77905595653 5.85634730137 0.0419935965636 236.509998322 0.535195724754 -1.3125 4.4 1.0 1.0 2.5 0.0 0.0 
63 8.49689956073 -3.61040589509 5.85634730137 0.0419935965636 238.279998779 0.535195724754 -1.3125 4.4 1.0 1.0 2.5 0.0 0.0 
63 8.49689956073 -3.61040589509 5.85634730137 0.0419935965636 238.279998779 0.535195724754 -1.3125 4.4 1.0 1.0 2.5 0.0 0.0 
63 8.49689956073 -3.61040589509 5.85634730137 0.0419935965636 238.279998779 0.535195724754 -1.3125 4.4 1.0 1.0 2.5 0.0 0.0 
63 8.60916916465 -3.42570037402 5.85634730137 0.0419935965636 239.950000763 0.535195724754 -1.3125 4.4 1.0 1.0 2.5 0.0 0.0 
63 8.60916916465 -3.42570037402 5.85634730137 0.0419935965636 239.950000763 0.535195724754 -1.3125 4.4 1.0 1.0 2.5 0.0 0.0 
63 8.60916916465 -3.42570037402 5.85634730137 0.0419935965636 239.950000763 0.535195724754 -1.3125 4.4 1.0 1.0 2.5 0.0 0.0 
63 8.71094207347 -3.24671061786 5.85634730137 0.0419935965636 241.740001678 0.535195724754 -1.3125 4.4 1.0 1.0 2.5 0.0 0.0 
63 8.71094207347 -3.24671061786 5.85634730137 0.0419935965636 241.740001678 0.535195724754 -1.3125 4.4 1.0 1.0 2.5 0.0 0.0 
63 8.71094207347 -3.24671061786 5.85634730137 0.0419935965636 241.740001678 0.535195724754 -1.3125 4.4 1.0 1.0 2.5 0.0 0.0 
63 8.75505585308 -3.16464523166 5.85634730137 0.0419935965636 243.419998169 0.535195724754 -1.3125 4.4 1.0 1.0 2.5 0.0 0.0 
63 8.75505585308 -3.16464523166 5.85634730137 0.0419935965636 243.419998169 0.535195724754 -1.3125 4.4 1.0 1.0 2.5 0.0 0.0 
63 8.75505585308 -3.16464523166 5.85634730137 0.0419935965636 243.419998169 0.535195724754 -1.3125 4.4 1.0 1.0 2.5 0.0 0.0 
63 8.88660814052 -2.90127612519 5.85634730137 0.0419935965636 245.190002441 0.535195724754 -1.3125 4.4 1.0 1.0 2.5 0.0 0.0 
63 8.88660814052 -2.90127612519 5.85634730137 0.0419935965636 245.190002441 0.535195724754 -1.3125 4.4 1.0 1.0 2.5 0.0 0.0 
63 8.88660814052 -2.90127612519 5.85634730137 0.0419935965636 245.190002441 0.535195724754 -1.3125 4.4 1.0 1.0 2.5 0.0 0.0 
63 8.88660814052 -2.90127612519 5.85634730137 0.0419935965636 245.190002441 0.535195724754 -1.3125 4.4 1.0 1.0 2.5 0.0 0.0 
63 8.96137692758 -2.73671925824 5.85634730137 0.0419935965636 246.739997864 0.535195724754 -1.3125 4.4 1.0 1.0 2.5 0.0 0.0 
63 8.96137692758 -2.73671925824 5.85634730137 0.0419935965636 246.739997864 0.535195724754 -1.3125 4.4 1.0 1.0 2.5 0.0 0.0 
63 8.96137692758 -2.73671925824 5.85634730137 0.0419935965636 246.739997864 0.535195724754 -1.3125 4.4 1.0 1.0 2.5 0.0 0.0 
63 9.0308967567 -2.57189707097 5.85634730137 0.0419935965636 248.279998779 0.535195724754 -1.3125 4.4 1.0 1.0 2.5 0.0 0.0 
63 9.0308967567 -2.57189707097 5.85634730137 0.0419935965636 248.279998779 0.535195724754 -1.3125 4.4 1.0 1.0 2.5 0.0 0.0 
63 9.0308967567 -2.57189707097 5.85634730137 0.0419935965636 248.279998779 0.535195724754 -1.3125 4.4 1.0 1.0 2.5 0.0 0.0 
63 9.07853595377 -2.45047165701 5.85634730137 0.0419935965636 249.580001831 0.535195724754 -1.3125 4.4 1.0 1.0 2.5 0.0 0.0 
63 9.07853595377 -2.45047165701 5.85634730137 0.0419935965636 249.580001831 0.535195724754 -1.3125 4.4 1.0 1.0 2.5 0.0 0.0 
63 9.07853595377 -2.45047165701 5.85634730137 0.0419935965636 249.580001831 0.535195724754 -1.3125 4.4 1.0 1.0 2.5 0.0 0.0 
63 9.11703071249 -2.34550407636 5.85634730137 0.0419935965636 250.540000916 0.535195724754 -1.3125 4.4 1.0 1.0 2.5 0.0 0.0 
63 9.11703071249 -2.34550407636 5.85634730137 0.0419935965636 250.540000916 0.535195724754 -1.3125 4.4 1.0 1.0 2.5 0.0 0.0 
63 9.11703071249 -2.34550407636 5.85634730137 0.0419935965636 250.540000916 0.535195724754 -1.3125 4.4 1.0 1.0 2.5 0.0 0.0 
63 9.15087684024 -2.24876713371 5.85634730137 0.0419935965636 251.239997864 0.535195724754 -1.3125 4.4 1.0 1.0 2.5 0.0 0.0 
63 9.15087684024 -2.24876713371 5.85634730137 0.0419935965636 251.239997864 0.535195724754 -1.3125 4.4 1.0 1.0 2.5 0.0 0.0 
63 9.15087684024 -2.24876713371 5.85634730137 0.0419935965636 251.239997864 0.535195724754 -1.3125 4.4 1.0 1.0 2.5 0.0 0.0 
63 9.15087684024 -2.24876713371 5.85634730137 0.0419935965636 251.239997864 0.535195724754 -1.3125 4.4 1.0 1.0 2.5 0.0 0.0 
63 9.18775355348 -2.13927941538 5.85634730137 0.0419935965636 251.910003662 0.535195724754 -1.3125 4.4 1.0 1.0 2.5 0.0 0.0 
63 9.18775355348 -2.13927941538 5.85634730137 0.0419935965636 251.910003662 0.535195724754 -1.3125 4.4 1.0 1.0 2.5 0.0 0.0 
63 9.18775355348 -2.13927941538 5.85634730137 0.0419935965636 251.910003662 0.535195724754 -1.3125 4.4 1.0 1.0 2.5 0.0 0.0 
63 9.20526014173 -2.08618901599 5.85634730137 0.0419935965636 252.11000061 0.535195724754 -1.3125 4.4 1.0 1.0 2.5 0.0 0.0 
63 9.20526014173 -2.08618901599 5.85634730137 0.0419935965636 252.11000061 0.535195724754 -1.3125 4.4 1.0 1.0 2.5 0.0 0.0 
63 9.20526014173 -2.08618901599 5.85634730137 0.0419935965636 252.11000061 0.535195724754 -1.3125 4.4 1.0 1.0 2.5 0.0 0.0 
63 9.24911164598 -1.94957243865 5.85634730137 0.0419935965636 252.529998779 0.535195724754 -1.3125 4.4 1.0 1.0 2.5 0.0 0.0 
63 9.24911164598 -1.94957243865 5.85634730137 0.0419935965636 252.529998779 0.535195724754 -1.3125 4.4 1.0 1.0 2.5 0.0 0.0 
63 9.24911164598 -1.94957243865 5.85634730137 0.0419935965636 252.529998779 0.535195724754 -1.3125 4.4 1.0 1.0 2.5 0.0 0.0 
63 9.28282919914 -1.84199645085 5.85634730137 0.0419935965636 252.819999695 0.535195724754 -1.3125 4.4 1.0 1.0 2.5 0.0 0.0 
63 9.28282919914 -1.84199645085 5.85634730137 0.0419935965636 252.819999695 0.535195724754 -1.3125 4.4 1.0 1.0 2.5 0.0 0.0 
63 9.28282919914 -1.84199645085 5.85634730137 0.0419935965636 252.819999695 0.535195724754 -1.3125 4.4 1.0 1.0 2.5 0.0 0.0 
63 9.28282919914 -1.84199645085 5.85634730137 0.0419935965636 252.819999695 0.535195724754 -1.3125 4.4 1.0 1.0 2.5 0.0 0.0 
63 9.30151575247 -1.78145892345 5.85634730137 0.0419935965636 252.900001526 0.535195724754 -1.3125 4.4 1.0 1.0 2.5 0.0 0.0 
63 9.30151575247 -1.78145892345 5.85634730137 0.0419935965636 252.900001526 0.535195724754 -1.3125 4.4 1.0 1.0 2.5 0.0 0.0 
63 9.30151575247 -1.78145892345 5.85634730137 0.0419935965636 252.900001526 0.535195724754 -1.3125 4.4 1.0 1.0 2.5 0.0 0.0 
63 9.32609339331 -1.70128821085 5.85634730137 0.0419935965636 253.029998779 0.535195724754 -1.3125 4.4 1.0 1.0 2.5 0.0 0.0 
63 9.32609339331 -1.70128821085 5.85634730137 0.0419935965636 253.029998779 0.535195724754 -1.3125 4.4 1.0 1.0 2.5 0.0 0.0 
63 9.32609339331 -1.70128821085 5.85634730137 0.0419935965636 253.029998779 0.535195724754 -1.3125 4.4 1.0 1.0 2.5 0.0 0.0 
63 9.34431322666 -1.64158203221 5.85634730137 0.0419935965636 253.029998779 0.535195724754 -1.3125 4.4 1.0 1.0 2.5 0.0 0.0 
63 9.34431322666 -1.64158203221 5.85634730137 0.0419935965636 253.029998779 0.535195724754 -1.3125 4.4 1.0 1.0 2.5 0.0 0.0 
63 9.34431322666 -1.64158203221 5.85634730137 0.0419935965636 253.029998779 0.535195724754 -1.3125 4.4 1.0 1.0 2.5 0.0 0.0 
63 9.34676066696 -1.63356179926 5.85634730137 0.0419935965636 253.029998779 0.535195724754 -1.3125 4.4 1.0 1.0 2.5 0.0 0.0 
63 9.34676066696 -1.63356179926 5.85634730137 0.0419935965636 253.029998779 0.535195724754 -1.3125 4.4 1.0 1.0 2.5 0.0 0.0 
63 9.34676066696 -1.63356179926 5.85634730137 0.0419935965636 253.029998779 0.535195724754 -1.3125 4.4 1.0 1.0 2.5 0.0 0.0 
63 9.34184651647 -1.64959632776 5.85634730137 0.0419935965636 252.11000061 0.535195724754 -1.3125 4.4 1.0 1.0 2.5 0.0 0.0 
63 9.34184651647 -1.64959632776 5.85634730137 0.0419935965636 252.11000061 0.535195724754 -1.3125 4.4 1.0 1.0 2.5 0.0 0.0 
63 9.34184651647 -1.64959632776 5.85634730137 0.0419935965636 252.11000061 0.535195724754 -1.3125 4.4 1.0 1.0 2.5 0.0 0.0 
63 9.34098788309 -1.65225629516 5.85634730137 0.0419935965636 250.910003662 0.535195724754 -1.3125 4.4 1.0 1.0 2.5 0.0 0.0 
63 9.34098788309 -1.65225629516 5.85634730137 0.0419935965636 250.910003662 0.535195724754 -1.3125 4.4 1.0 1.0 2.5 0.0 0.0 
63 9.34098788309 -1.65225629516 5.85634730137 0.0419935965636 250.910003662 0.535195724754 -1.3125 4.4 1.0 1.0 2.5 0.0 0.0 
63 9.34098788309 -1.65225629516 5.85634730137 0.0419935965636 250.910003662 0.535195724754 -1.3125 4.4 1.0 1.0 2.5 0.0 0.0 
63 9.34044122511 -1.65403869926 5.85634730137 0.0419935965636 250.690002441 0.535195724754 -1.3125 4.4 1.0 1.0 2.5 0.0 0.0 
63 9.34044122511 -1.65403869926 5.85634730137 0.0419935965636 250.690002441 0.535195724754 -1.3125 4.4 1.0 1.0 2.5 0.0 0.0 
63 9.34044122511 -1.65403869926 5.85634730137 0.0419935965636 250.690002441 0.535195724754 -1.3125 4.4 1.0 1.0 2.5 0.0 0.0 
63 9.34105741619 -1.6522801175 5.85634730137 0.0419935965636 250.760002136 0.535195724754 -1.3125 4.4 1.0 1.0 2.5 0.0 0.0 
63 9.34105741619 -1.6522801175 5.85634730137 0.0419935965636 250.760002136 0.535195724754 -1.3125 4.4 1.0 1.0 2.5 0.0 0.0 
63 9.34105741619 -1.6522801175 5.85634730137 0.0419935965636 250.760002136 0.535195724754 -1.3125 4.4 1.0 1.0 2.5 0.0 0.0 
63 9.34105741619 -1.6522801175 5.85634730137 0.0419935965636 250.769996643 0.535195724754 -1.3125 4.4 1.0 1.0 2.5 0.0 0.0 
63 9.34105741619 -1.6522801175 5.85634730137 0.0419935965636 250.769996643 0.535195724754 -1.3125 4.4 1.0 1.0 2.5 0.0 0.0 
63 9.34105741619 -1.6522801175 5.85634730137 0.0419935965636 250.769996643 0.535195724754 -1.3125 4.4 1.0 1.0 2.5 0.0 0.0 
63 9.3413642838 -1.65140039733 5.85634730137 0.0419935965636 250.739997864 0.535195724754 -1.3125 4.4 1.0 1.0 2.5 0.0 0.0 
63 9.3413642838 -1.65140039733 5.85634730137 0.0419935965636 250.739997864 0.535195724754 -1.3125 4.4 1.0 1.0 2.5 0.0 0.0 
63 9.3413642838 -1.65140039733 5.85634730137 0.0419935965636 250.739997864 0.535195724754 -1.3125 4.4 1.0 1.0 2.5 0.0 0.0 
63 9.3413642838 -1.65140039733 5.85634730137 0.0419935965636 250.739997864 0.535195724754 -1.3125 4.4 1.0 1.0 2.5 0.0 0.0 
63 9.3413642838 -1.65140039733 5.85634730137 0.0419935965636 250.739997864 0.535195724754 -1.3125 4.4 1.0 1.0 2.5 0.0 0.0 
63 9.3413642838 -1.65140039733 5.85634730137 0.0419935965636 250.739997864 0.535195724754 -1.3125 4.4 1.0 1.0 2.5 0.0 0.0 
63 9.3413642838 -1.65140039733 5.85634730137 0.0419935965636 250.730003357 0.535195724754 -1.3125 4.4 1.0 1.0 2.5 0.0 0.0 
63 9.33829100211 -1.66019599119 5.85634730137 0.0419935965636 250.730003357 0.535195724754 -1.3125 4.4 1.0 1.0 2.5 0.0 0.0 
63 9.33829100211 -1.66019599119 5.85634730137 0.0419935965636 250.730003357 0.535195724754 -1.3125 4.4 1.0 1.0 2.5 0.0 0.0 
63 9.33829100211 -1.66019599119 5.85634730137 0.0419935965636 250.730003357 0.535195724754 -1.3125 4.4 1.0 1.0 2.5 0.0 0.0 
63 9.32107203299 -1.70944831392 5.85634730137 0.0419935965636 251.489997864 0.535195724754 -1.3125 4.4 1.0 1.0 2.5 0.0 0.0 
63 9.32107203299 -1.70944831392 5.85634730137 0.0419935965636 251.489997864 0.535195724754 -1.3125 4.4 1.0 1.0 2.5 0.0 0.0 
63 9.32107203299 -1.70944831392 5.85634730137 0.0419935965636 251.489997864 0.535195724754 -1.3125 4.4 1.0 1.0 2.5 0.0 0.0 
63 9.31086602048 -1.73943685795 5.85634730137 0.0419935965636 252.180000305 0.535195724754 -1.3125 4.4 1.0 1.0 2.5 0.0 0.0 
63 9.31086602048 -1.73943685795 5.85634730137 0.0419935965636 252.180000305 0.535195724754 -1.3125 4.4 1.0 1.0 2.5 0.0 0.0 
63 9.31086602048 -1.73943685795 5.85634730137 0.0419935965636 252.180000305 0.535195724754 -1.3125 4.4 1.0 1.0 2.5 0.0 0.0 
63 9.30337195548 -1.76247280164 5.85634730137 0.0419935965636 252.529998779 0.535195724754 -1.3125 4.4 1.0 1.0 2.5 0.0 0.0 
63 9.30337195548 -1.76247280164 5.85634730137 0.0419935965636 252.529998779 0.535195724754 -1.3125 4.4 1.0 1.0 2.5 0.0 0.0 
63 9.30337195548 -1.76247280164 5.85634730137 0.0419935965636 252.529998779 0.535195724754 -1.3125 4.4 1.0 1.0 2.5 0.0 0.0 
63 9.30141031052 -1.76869272191 5.85634730137 0.0419935965636 252.709999084 0.535195724754 -1.3125 4.4 1.0 1.0 2.5 0.0 0.0 
63 9.30141031052 -1.76869272191 5.85634730137 0.0419935965636 252.709999084 0.535195724754 -1.3125 4.4 1.0 1.0 2.5 0.0 0.0 
63 9.30141031052 -1.76869272191 5.85634730137 0.0419935965636 252.709999084 0.535195724754 -1.3125 4.4 1.0 1.0 2.5 0.0 0.0 
63 9.30141031052 -1.76869272191 5.85634730137 0.0419935965636 252.650001526 0.535195724754 -1.3125 4.4 1.0 1.0 2.5 0.0 0.0 
63 9.30141031052 -1.76869272191 5.85634730137 0.0419935965636 252.650001526 0.535195724754 -1.3125 4.4 1.0 1.0 2.5 0.0 0.0 
63 9.30141031052 -1.76869272191 5.85634730137 0.0419935965636 252.650001526 0.535195724754 -1.3125 4.4 1.0 1.0 2.5 0.0 0.0 
63 9.30141031052 -1.76869272191 5.85634730137 0.0419935965636 252.650001526 0.535195724754 -1.3125 4.4 1.0 1.0 2.5 0.0 0.0 
63 9.30141031052 -1.76869272191 5.85634730137 0.0419935965636 252.559997559 0.535195724754 -1.3125 4.4 1.0 1.0 2.5 0.0 0.0 
63 9.30141031052 -1.76869272191 5.85634730137 0.0419935965636 252.559997559 0.535195724754 -1.3125 4.4 1.0 1.0 2.5 0.0 0.0 
63 9.30141031052 -1.76869272191 5.85634730137 0.0419935965636 252.559997559 0.535195724754 -1.3125 4.4 1.0 1.0 2.5 0.0 0.0 
63 9.30141031052 -1.76869272191 5.85634730137 0.0419935965636 252.550003052 0.535195724754 -1.3125 4.4 1.0 1.0 2.5 0.0 0.0 
63 9.30141031052 -1.76869272191 5.85634730137 0.0419935965636 252.550003052 0.535195724754 -1.3125 4.4 1.0 1.0 2.5 0.0 0.0 
63 9.30141031052 -1.76869272191 5.85634730137 0.0419935965636 252.550003052 0.535195724754 -1.3125 4.4 1.0 1.0 2.5 0.0 0.0 
63 9.30141031052 -1.76869272191 5.85634730137 0.0419935965636 252.559997559 0.535195724754 -1.3125 4.4 1.0 1.0 2.5 0.0 0.0 
63 9.30141031052 -1.76869272191 5.85634730137 0.0419935965636 252.559997559 0.535195724754 -1.3125 4.4 1.0 1.0 2.5 0.0 0.0 
63 9.30141031052 -1.76869272191 5.85634730137 0.0419935965636 252.559997559 0.535195724754 -1.3125 4.4 1.0 1.0 2.5 0.0 0.0 
63 9.30671584465 -1.75180407197 5.85634730137 0.0419935965636 252.669998169 0.535195724754 -1.3125 4.4 1.0 1.0 2.5 0.0 0.0 
63 9.30671584465 -1.75180407197 5.85634730137 0.0419935965636 252.669998169 0.535195724754 -1.3125 4.4 1.0 1.0 2.5 0.0 0.0 
63 9.30671584465 -1.75180407197 5.85634730137 0.0419935965636 252.669998169 0.535195724754 -1.3125 4.4 1.0 1.0 2.5 0.0 0.0 
63 9.30671584465 -1.75180407197 5.85634730137 0.0419935965636 252.669998169 0.535195724754 -1.3125 4.4 1.0 1.0 2.5 0.0 0.0 
63 9.31200197959 -1.73490934951 5.85634730137 0.0419935965636 253.13999939 0.535195724754 -1.3125 4.4 1.0 1.0 2.5 0.0 0.0 
63 9.31200197959 -1.73490934951 5.85634730137 0.0419935965636 253.13999939 0.535195724754 -1.3125 4.4 1.0 1.0 2.5 0.0 0.0 
63 9.31200197959 -1.73490934951 5.85634730137 0.0419935965636 253.13999939 0.535195724754 -1.3125 4.4 1.0 1.0 2.5 0.0 0.0 
63 9.31767673486 -1.71618454332 5.85634730137 0.0419935965636 254.309997559 0.535195724754 -1.3125 4.4 1.0 1.0 2.5 0.0 0.0 
63 9.31767673486 -1.71618454332 5.85634730137 0.0419935965636 254.309997559 0.535195724754 -1.3125 4.4 1.0 1.0 2.5 0.0 0.0 
63 9.31767673486 -1.71618454332 5.85634730137 0.0419935965636 254.309997559 0.535195724754 -1.3125 4.4 1.0 1.0 2.5 0.0 0.0 
63 9.31666012629 -1.71976999493 5.85634730137 0.0419935965636 254.879997253 0.535195724754 -1.3125 4.4 1.0 1.0 2.5 0.0 0.0 
63 9.31666012629 -1.71976999493 5.85634730137 0.0419935965636 254.879997253 0.535195724754 -1.3125 4.4 1.0 1.0 2.5 0.0 0.0 
63 9.31666012629 -1.71976999493 5.85634730137 0.0419935965636 254.879997253 0.535195724754 -1.3125 4.4 1.0 1.0 2.5 0.0 0.0 
63 9.30982146121 -1.74494542071 5.85634730137 0.0419935965636 254.63999939 0.535195724754 -1.3125 4.4 1.0 1.0 2.5 0.0 0.0 
63 9.30982146121 -1.74494542071 5.85634730137 0.0419935965636 254.63999939 0.535195724754 -1.3125 4.4 1.0 1.0 2.5 0.0 0.0 
63 9.30982146121 -1.74494542071 5.85634730137 0.0419935965636 254.63999939 0.535195724754 -1.3125 4.4 1.0 1.0 2.5 0.0 0.0 
63 9.30564731459 -1.76022448208 5.85634730137 0.0419935965636 254.180000305 0.535195724754 -1.3125 4.4 1.0 1.0 2.5 0.0 0.0 
63 9.30564731459 -1.76022448208 5.85634730137 0.0419935965636 254.180000305 0.535195724754 -1.3125 4.4 1.0 1.0 2.5 0.0 0.0 
63 9.30564731459 -1.76022448208 5.85634730137 0.0419935965636 254.180000305 0.535195724754 -1.3125 4.4 1.0 1.0 2.5 0.0 0.0 
63 9.30564731459 -1.76022448208 5.85634730137 0.0419935965636 254.180000305 0.535195724754 -1.3125 4.4 1.0 1.0 2.5 0.0 0.0 
63 9.30060649317 -1.77816378511 5.85634730137 0.0419935965636 253.529998779 0.535195724754 -1.3125 4.4 1.0 1.0 2.5 0.0 0.0 
63 9.30060649317 -1.77816378511 5.85634730137 0.0419935965636 253.529998779 0.535195724754 -1.3125 4.4 1.0 1.0 2.5 0.0 0.0 
63 9.30060649317 -1.77816378511 5.85634730137 0.0419935965636 253.529998779 0.535195724754 -1.3125 4.4 1.0 1.0 2.5 0.0 0.0 
63 9.2948513636 -1.79783668079 5.85634730137 0.0419935965636 252.519996643 0.535195724754 -1.3125 4.4 1.0 1.0 2.5 0.0 0.0 
63 9.2948513636 -1.79783668079 5.85634730137 0.0419935965636 252.519996643 0.535195724754 -1.3125 4.4 1.0 1.0 2.5 0.0 0.0 
63 9.2948513636 -1.79783668079 5.85634730137 0.0419935965636 252.519996643 0.535195724754 -1.3125 4.4 1.0 1.0 2.5 0.0 0.0 
63 9.28684651462 -1.82364282533 5.85634730137 0.0419935965636 251.190002441 0.535195724754 -1.3125 4.4 1.0 1.0 2.5 0.0 0.0 
63 9.28684651462 -1.82364282533 5.85634730137 0.0419935965636 251.190002441 0.535195724754 -1.3125 4.4 1.0 1.0 2.5 0.0 0.0 
63 9.28684651462 -1.82364282533 5.85634730137 0.0419935965636 251.190002441 0.535195724754 -1.3125 4.4 1.0 1.0 2.5 0.0 0.0 
63 9.27681610345 -1.85369026236 5.85634730137 0.0419935965636 249.63999939 0.535195724754 -1.3125 4.4 1.0 1.0 2.5 0.0 0.0 
63 9.27681610345 -1.85369026236 5.85634730137 0.0419935965636 249.63999939 0.535195724754 -1.3125 4.4 1.0 1.0 2.5 0.0 0.0 
63 9.27681610345 -1.85369026236 5.85634730137 0.0419935965636 249.63999939 0.535195724754 -1.3125 4.4 1.0 1.0 2.5 0.0 0.0 
63 9.26377022613 -1.8895924714 5.85634730137 0.0419935965636 247.819999695 0.535195724754 -1.3125 4.4 1.0 1.0 2.5 0.0 0.0 
63 9.26377022613 -1.8895924714 5.85634730137 0.0419935965636 247.819999695 0.535195724754 -1.3125 4.4 1.0 1.0 2.5 0.0 0.0 
63 9.26377022613 -1.8895924714 5.85634730137 0.0419935965636 247.819999695 0.535195724754 -1.3125 4.4 1.0 1.0 2.5 0.0 0.0 
63 9.26377022613 -1.8895924714 5.85634730137 0.0419935965636 247.819999695 0.535195724754 -1.3125 4.4 1.0 1.0 2.5 0.0 0.0 
63 9.24929875432 -1.92594843543 5.85634730137 0.0419935965636 245.779998779 0.535195724754 -1.3125 4.4 1.0 1.0 2.5 0.0 0.0 
63 9.24929875432 -1.92594843543 5.85634730137 0.0419935965636 245.779998779 0.535195724754 -1.3125 4.4 1.0 1.0 2.5 0.0 0.0 
63 9.24929875432 -1.92594843543 5.85634730137 0.0419935965636 245.779998779 0.535195724754 -1.3125 4.4 1.0 1.0 2.5 0.0 0.0 
63 9.25654567882 -1.90979751517 5.85634730137 0.0419935965636 243.459999084 0.535195724754 -1.3125 4.4 1.0 1.0 2.5 0.0 0.0 
63 9.25654567882 -1.90979751517 5.85634730137 0.0419935965636 243.459999084 0.535195724754 -1.3125 4.4 1.0 1.0 2.5 0.0 0.0 
63 9.25654567882 -1.90979751517 5.85634730137 0.0419935965636 243.459999084 0.535195724754 -1.3125 4.4 1.0 1.0 2.5 0.0 0.0 
63 9.28551881511 -1.85244382615 5.85634730137 0.0419935965636 238.540000916 0.535195724754 -1.3125 4.4 1.0 1.0 2.5 0.0 0.0 
63 9.28551881511 -1.85244382615 5.85634730137 0.0419935965636 238.540000916 0.535195724754 -1.3125 4.4 1.0 1.0 2.5 0.0 0.0 
63 9.28551881511 -1.85244382615 5.85634730137 0.0419935965636 238.540000916 0.535195724754 -1.3125 4.4 1.0 1.0 2.5 0.0 0.0 
63 9.29622552205 -1.83496490932 5.85634730137 0.0419935965636 238.900001526 0.535195724754 -1.3125 4.4 1.0 1.0 2.5 0.0 0.0 
63 9.29622552205 -1.83496490932 5.85634730137 0.0419935965636 238.900001526 0.535195724754 -1.3125 4.4 1.0 1.0 2.5 0.0 0.0 
63 9.29622552205 -1.83496490932 5.85634730137 0.0419935965636 238.900001526 0.535195724754 -1.3125 4.4 1.0 1.0 2.5 0.0 0.0 
63 9.30200687026 -1.8253952259 5.85634730137 0.0419935965636 238.900001526 0.535195724754 -1.3125 4.4 1.0 1.0 2.5 0.0 0.0 
63 9.30200687026 -1.8253952259 5.85634730137 0.0419935965636 238.090000153 0.535195724754 -1.3125 4.4 1.0 1.0 2.5 0.0 0.0 
63 9.30200687026 -1.8253952259 5.85634730137 0.0419935965636 238.090000153 0.535195724754 -1.3125 4.4 1.0 1.0 2.5 0.0 0.0 
63 9.30200687026 -1.8253952259 5.85634730137 0.0419935965636 238.090000153 0.535195724754 -1.3125 4.4 1.0 1.0 2.5 0.0 0.0 
63 9.30200687026 -1.8253952259 5.85634730137 0.0419935965636 238.11000061 0.535195724754 -1.3125 4.4 1.0 1.0 2.5 0.0 0.0 
63 9.30200687026 -1.8253952259 5.85634730137 0.0419935965636 238.11000061 0.535195724754 -1.3125 4.4 1.0 1.0 2.5 0.0 0.0 
63 9.30200687026 -1.8253952259 5.85634730137 0.0419935965636 238.11000061 0.535195724754 -1.3125 4.4 1.0 1.0 2.5 0.0 0.0 
63 9.30053161865 -1.82776931715 5.85634730137 0.0419935965636 237.939998627 0.535195724754 -1.3125 4.4 1.0 1.0 2.5 0.0 0.0 
63 9.30053161865 -1.82776931715 5.85634730137 0.0419935965636 237.939998627 0.535195724754 -1.3125 4.4 1.0 1.0 2.5 0.0 0.0 
63 9.30053161865 -1.82776931715 5.85634730137 0.0419935965636 237.939998627 0.535195724754 -1.3125 4.4 1.0 1.0 2.5 0.0 0.0 
63 9.29954347188 -1.82934914813 5.85634730137 0.0419935965636 237.880001068 0.535195724754 -1.3125 4.4 1.0 1.0 2.5 0.0 0.0 
63 9.29954347188 -1.82934914813 5.85634730137 0.0419935965636 237.880001068 0.535195724754 -1.3125 4.4 1.0 1.0 2.5 0.0 0.0 
63 9.29954347188 -1.82934914813 5.85634730137 0.0419935965636 237.880001068 0.535195724754 -1.3125 4.4 1.0 1.0 2.5 0.0 0.0 
63 9.29805773762 -1.8317166935 5.85634730137 0.0419935965636 237.689998627 0.535195724754 -1.3125 4.4 1.0 1.0 2.5 0.0 0.0 
63 9.29805773762 -1.8317166935 5.85634730137 0.0419935965636 237.689998627 0.535195724754 -1.3125 4.4 1.0 1.0 2.5 0.0 0.0 
63 9.29805773762 -1.8317166935 5.85634730137 0.0419935965636 237.689998627 0.535195724754 -1.3125 4.4 1.0 1.0 2.5 0.0 0.0 
63 9.29308671206 -1.8317166935 5.85634730137 0.0419935965636 237.689998627 0.535195724754 -1.3125 4.4 1.0 1.0 2.5 0.0 0.0 
63 9.29308671206 -1.83959681563 5.85634730137 0.0419935965636 237.180000305 0.535195724754 -1.3125 4.4 1.0 1.0 2.5 0.0 0.0 
63 9.29308671206 -1.83959681563 5.85634730137 0.0419935965636 237.180000305 0.535195724754 -1.3125 4.4 1.0 1.0 2.5 0.0 0.0 
63 9.29308671206 -1.83959681563 5.85634730137 0.0419935965636 237.180000305 0.535195724754 -1.3125 4.4 1.0 1.0 2.5 0.0 0.0 
63 9.25380895717 -1.90074088372 5.85634730137 0.0419935965636 237.11000061 0.535195724754 -1.3125 4.4 1.0 1.0 2.5 0.0 0.0 
63 9.25380895717 -1.90074088372 5.85634730137 0.0419935965636 237.11000061 0.535195724754 -1.3125 4.4 1.0 1.0 2.5 0.0 0.0 
63 9.25380895717 -1.90074088372 5.85634730137 0.0419935965636 237.11000061 0.535195724754 -1.3125 4.4 1.0 1.0 2.5 0.0 0.0 
63 9.20523851318 -1.975848101 5.85634730137 0.0419935965636 236.919998169 0.535195724754 -1.3125 4.4 1.0 1.0 2.5 0.0 0.0 
63 9.20523851318 -1.975848101 5.85634730137 0.0419935965636 236.919998169 0.535195724754 -1.3125 4.4 1.0 1.0 2.5 0.0 0.0 
63 9.20523851318 -1.975848101 5.85634730137 0.0419935965636 236.919998169 0.535195724754 -1.3125 4.4 1.0 1.0 2.5 0.0 0.0 
63 9.13735100717 -2.080625741 5.85634730137 0.0419935965636 235.099998474 0.535195724754 -1.3125 4.4 1.0 1.0 2.5 0.0 0.0 
63 9.13735100717 -2.080625741 5.85634730137 0.0419935965636 235.099998474 0.535195724754 -1.3125 4.4 1.0 1.0 2.5 0.0 0.0 
63 9.13735100717 -2.080625741 5.85634730137 0.0419935965636 235.099998474 0.535195724754 -1.3125 4.4 1.0 1.0 2.5 0.0 0.0 
63 9.07590948252 -2.17066448756 5.85634730137 0.0419935965636 232.349998474 0.535195724754 -1.3125 4.4 1.0 1.0 2.5 0.0 0.0 
63 9.07590948252 -2.17066448756 5.85634730137 0.0419935965636 232.349998474 0.535195724754 -1.3125 4.4 1.0 1.0 2.5 0.0 0.0 
63 9.07590948252 -2.17066448756 5.85634730137 0.0419935965636 232.349998474 0.535195724754 -1.3125 4.4 1.0 1.0 2.5 0.0 0.0 
63 9.07590948252 -2.17066448756 5.85634730137 0.0419935965636 232.349998474 0.535195724754 -1.3125 4.4 1.0 1.0 2.5 0.0 0.0 
63 9.02387924413 -2.23994438595 5.85634730137 0.0419935965636 229.540000916 0.535195724754 -1.3125 4.4 1.0 1.0 2.5 0.0 0.0 
63 9.02387924413 -2.23994438595 5.85634730137 0.0419935965636 229.540000916 0.535195724754 -1.3125 4.4 1.0 1.0 2.5 0.0 0.0 
63 9.02387924413 -2.23994438595 5.85634730137 0.0419935965636 229.540000916 0.535195724754 -1.3125 4.4 1.0 1.0 2.5 0.0 0.0 
63 8.97085739395 -2.30369140028 5.85634730137 0.0419935965636 226.990001678 0.535195724754 -1.3125 4.4 1.0 1.0 2.5 0.0 0.0 
64 8.97085739395 -2.30369140028 5.85634730137 0.0419935965636 226.990001678 0.386680140556 -5.0 4.4 1.0 1.0 2.5 0.0 0.0 
64 8.97085739395 -2.30369140028 5.85634730137 0.0419935965636 226.990001678 0.386680140556 -5.0 4.4 1.0 1.0 2.5 0.0 0.0 
64 8.94383424857 -2.33326574755 5.85634730137 0.0419935965636 225.040000916 0.386680140556 -5.0 4.4 1.0 1.0 2.5 0.0 0.0 
66 8.94383424857 -2.33326574755 5.85634730137 0.0419935965636 225.040000916 0.386680140556 -5.0 4.4 1.0 1.0 2.5 0.0 0.0 
67 8.94383424857 -2.33326574755 5.85634730137 0.0419935965636 225.040000916 0.389959134424 -3.6875 4.4 1.0 1.0 2.5 0.0 0.0 
68 8.93473550666 -2.34261192712 5.85634730137 0.0419935965636 224.270000458 0.391390181928 -3.5 4.4 1.0 1.0 2.5 0.0 0.0 
69 8.93473550666 -2.34261192712 5.85634730137 0.0419935965636 224.270000458 0.391390181928 -3.5 4.4 1.0 1.0 2.5 0.0 0.0 
70 8.93473550666 -2.34261192712 5.85634730137 0.0419935965636 224.270000458 0.399297853125 -3.5 4.4 1.0 1.0 2.5 0.0 0.0 
71 8.93939774713 -2.33805133106 5.85634730137 0.0419935965636 224.470001221 0.399297853125 -3.3125 4.4 1.0 1.0 2.5 0.0 0.0 
72 8.93939774713 -2.33805133106 5.85634730137 0.0419935965636 224.470001221 0.40417321208 -3.34375 4.4 1.0 1.0 2.5 0.0 0.0 
73 8.93939774713 -2.33805133106 5.85634730137 0.0419935965636 224.470001221 0.395978276911 -3.40625 4.4 1.0 1.0 2.5 0.0 0.0 
