# visionSample, x, y, visX, visY, angle, rawDist, rawAngle, distM, distC, angleC, angleM, distRSquared, angleRSquared
358 0.0 0.0 0.0 0.0 0.680000007153 0.782014058862 -0.625 4.4 1.0 1.0 2.5 0.0 0.0 
358 0.0 0.0 0.0 0.0 0.680000007153 0.782014058862 -0.625 4.4 1.0 1.0 2.5 0.0 0.0 
358 0.0 0.0 0.0 0.0 0.680000007153 0.782014058862 -0.625 4.4 1.0 1.0 2.5 0.0 0.0 
358 1.5 0.0 5.0591474793 -0.00910714434605 180.0 0.782014058862 -0.625 4.4 1.0 1.0 2.5 0.0 0.0 
358 1.5 0.0 5.0591474793 -0.00910714434605 180.0 0.782014058862 -0.625 4.4 1.0 1.0 2.5 0.0 0.0 
358 1.5 0.0 5.0591474793 -0.00910714434605 180.0 0.782014058862 -0.625 4.4 1.0 1.0 2.5 0.0 0.0 
358 1.5 0.0 5.0591474793 -0.00910714434605 180.0 0.782014058862 -0.625 4.4 1.0 1.0 2.5 0.0 0.0 
358 1.5 0.0 5.0591474793 -0.00910714434605 180.0 0.782014058862 -0.625 4.4 1.0 1.0 2.5 0.0 0.0 
358 1.5 0.0 5.0591474793 -0.00910714434605 180.0 0.782014058862 -0.625 4.4 1.0 1.0 2.5 0.0 0.0 
358 1.5 0.0 5.0591474793 -0.00910714434605 180.0 0.782014058862 -0.625 4.4 1.0 1.0 2.5 0.0 0.0 
358 1.5 0.0 5.0591474793 -0.00910714434605 180.0 0.782014058862 -0.625 4.4 1.0 1.0 2.5 0.0 0.0 
358 1.5 0.0 5.0591474793 -0.00910714434605 180.0 0.782014058862 -0.625 4.4 1.0 1.0 2.5 0.0 0.0 
358 1.55590233572 6.84606165082e-18 5.0591474793 -0.00910714434605 180.0 0.782014058862 -0.625 4.4 1.0 1.0 2.5 0.0 0.0 
358 1.55590233572 6.84606165082e-18 5.0591474793 -0.00910714434605 180.0 0.782014058862 -0.625 4.4 1.0 1.0 2.5 0.0 0.0 
358 1.55590233572 6.84606165082e-18 5.0591474793 -0.00910714434605 180.0 0.782014058862 -0.625 4.4 1.0 1.0 2.5 0.0 0.0 
358 1.55590233572 6.84606165082e-18 5.0591474793 -0.00910714434605 180.0 0.782014058862 -0.625 4.4 1.0 1.0 2.5 0.0 0.0 
358 1.58478520918 1.03831935037e-17 5.0591474793 -0.00910714434605 179.769999996 0.782014058862 -0.625 4.4 1.0 1.0 2.5 0.0 0.0 
359 1.58478520918 1.03831935037e-17 5.0591474793 -0.00910714434605 179.769999996 0.77151674981 -0.59375 4.4 1.0 1.0 2.5 0.0 0.0 
359 1.58478520918 1.03831935037e-17 5.0591474793 -0.00910714434605 179.769999996 0.77151674981 -0.59375 4.4 1.0 1.0 2.5 0.0 0.0 
359 1.80466366114 -0.00119340868639 5.10629716588 0.0923705993622 179.279999971 0.77151674981 -0.59375 4.4 1.0 1.0 2.5 0.0 0.0 
359 1.80466366114 -0.00119340868639 5.10629716588 0.0923705993622 179.279999971 0.77151674981 -0.59375 4.4 1.0 1.0 2.5 0.0 0.0 
359 1.80466366114 -0.00119340868639 5.10629716588 0.0923705993622 179.279999971 0.77151674981 -0.59375 4.4 1.0 1.0 2.5 0.0 0.0 
359 2.05247089795 -0.00478573005734 5.10629716588 0.0923705993622 178.909999967 0.77151674981 -0.59375 4.4 1.0 1.0 2.5 0.0 0.0 
359 2.05247089795 -0.00478573005734 5.10629716588 0.0923705993622 178.909999967 0.77151674981 -0.59375 4.4 1.0 1.0 2.5 0.0 0.0 
359 2.05247089795 -0.00478573005734 5.10629716588 0.0923705993622 178.909999967 0.77151674981 -0.59375 4.4 1.0 1.0 2.5 0.0 0.0 
360 2.19499605908 -0.00749746861714 5.10629716588 0.0923705993622 178.769999981 0.761431129841 -0.1875 4.4 1.0 1.0 2.5 0.0 0.0 
360 2.19499605908 -0.00749746861714 5.10629716588 0.0923705993622 178.769999981 0.761431129841 -0.1875 4.4 1.0 1.0 2.5 0.0 0.0 
362 2.19499605908 -0.00749746861714 5.10629716588 0.0923705993622 178.769999981 0.756534415836 -0.15625 4.4 1.0 1.0 2.5 0.0 0.0 
362 2.19499605908 -0.00749746861714 5.10629716588 0.0923705993622 178.769999981 0.756534415836 -0.15625 4.4 1.0 1.0 2.5 0.0 0.0 
362 2.64118565283 -0.0168182724423 5.17138245029 0.0340447982724 178.940000057 0.756534415836 -0.15625 4.4 1.0 1.0 2.5 0.0 0.0 
362 2.64118565283 -0.0168182724423 5.17138245029 0.0340447982724 178.940000057 0.756534415836 -0.15625 4.4 1.0 1.0 2.5 0.0 0.0 
362 2.64118565283 -0.0168182724423 5.17138245029 0.0340447982724 178.940000057 0.756534415836 -0.15625 4.4 1.0 1.0 2.5 0.0 0.0 
363 2.77532829891 -0.0193002601752 5.17138245029 0.0340447982724 179.220000029 0.670070334274 -0.28125 4.4 1.0 1.0 2.5 0.0 0.0 
364 2.77532829891 -0.0193002601752 5.17138245029 0.0340447982724 179.220000029 0.670070334274 -0.3125 4.4 1.0 1.0 2.5 0.0 0.0 
365 2.77532829891 -0.0193002601752 5.17138245029 0.0340447982724 179.220000029 0.670070334274 -0.3125 4.4 1.0 1.0 2.5 0.0 0.0 
366 3.03617729609 -0.0231496627155 5.55173216428 0.0181321433446 179.439999998 0.658807845868 -0.34375 4.4 1.0 1.0 2.5 0.0 0.0 
367 3.03617729609 -0.0231496627155 5.55173216428 0.0181321433446 179.439999998 0.639137490706 -0.375 4.4 1.0 1.0 2.5 0.0 0.0 
368 3.03617729609 -0.0231496627155 5.55173216428 0.0181321433446 179.439999998 0.639137490706 -0.375 4.4 1.0 1.0 2.5 0.0 0.0 
368 3.40325138006 -0.0267462832113 5.68785731713 0.0217902659094 179.610000014 0.639137490706 -0.375 4.4 1.0 1.0 2.5 0.0 0.0 
369 3.40325138006 -0.0267462832113 5.68785731713 0.0217902659094 179.610000014 0.604563541758 -0.46875 4.4 1.0 1.0 2.5 0.0 0.0 
370 3.40325138006 -0.0267462832113 5.68785731713 0.0217902659094 179.610000014 0.601406530406 -0.5 4.4 1.0 1.0 2.5 0.0 0.0 
371 3.40325138006 -0.0267462832113 5.68785731713 0.0217902659094 179.699999988 0.595238095238 -0.5 4.4 1.0 1.0 2.5 0.0 0.0 
372 3.61753928798 -0.0281130386058 5.88111912145 0.0347398304264 179.699999988 0.589255650989 -0.53125 4.4 1.0 1.0 2.5 0.0 0.0 
372 3.61753928798 -0.0281130386058 5.88111912145 0.0347398304264 179.699999988 0.589255650989 -0.53125 4.4 1.0 1.0 2.5 0.0 0.0 
374 3.61753928798 -0.0281130386058 5.88111912145 0.0347398304264 179.699999988 0.553509303463 -0.5625 4.4 1.0 1.0 2.5 0.0 0.0 
375 3.80853663155 -0.0290487117571 5.90745175282 0.035623624718 179.760000005 0.550815811549 -0.59375 4.4 1.0 1.0 2.5 0.0 0.0 
376 3.80853663155 -0.0290487117571 5.90745175282 0.035623624718 179.760000005 0.532517903553 -0.625 4.4 1.0 1.0 2.5 0.0 0.0 
376 3.80853663155 -0.0290487117571 5.90745175282 0.035623624718 179.760000005 0.532517903553 -0.625 4.4 1.0 1.0 2.5 0.0 0.0 
376 3.98462767899 -0.0297251813887 6.15720954659 0.0439054057879 179.810000002 0.532517903553 -0.625 4.4 1.0 1.0 2.5 0.0 0.0 
376 3.98462767899 -0.0297251813887 6.15720954659 0.0439054057879 179.810000002 0.532517903553 -0.625 4.4 1.0 1.0 2.5 0.0 0.0 
377 3.98462767899 -0.0297251813887 6.15720954659 0.0439054057879 179.810000002 0.508197267614 -0.65625 4.4 1.0 1.0 2.5 0.0 0.0 
378 4.06848072152 -0.0300032496237 6.15720954659 0.0439054057879 179.710000008 0.530595449973 -0.625 4.4 1.0 1.0 2.5 0.0 0.0 
378 4.06848072152 -0.0300032496237 6.15720954659 0.0439054057879 179.710000008 0.530595449973 -0.625 4.4 1.0 1.0 2.5 0.0 0.0 
380 4.06848072152 -0.0300032496237 6.15720954659 0.0439054057879 179.710000008 0.499201914894 -0.625 4.4 1.0 1.0 2.5 0.0 0.0 
380 4.30419918967 -0.0311898335626 6.16585052308 0.0560149599732 179.599999994 0.499201914894 -0.625 4.4 1.0 1.0 2.5 0.0 0.0 
382 4.30419918967 -0.0311898335626 6.16585052308 0.0560149599732 179.599999994 0.477949445564 -0.625 4.4 1.0 1.0 2.5 0.0 0.0 
382 4.30419918967 -0.0311898335626 6.16585052308 0.0560149599732 179.599999994 0.477949445564 -0.625 4.4 1.0 1.0 2.5 0.0 0.0 
383 4.30419918967 -0.0311898335626 6.16585052308 0.0560149599732 179.599999994 0.494879739041 -0.5625 4.4 1.0 1.0 2.5 0.0 0.0 
385 4.45047348417 -0.0321993289219 6.39741595329 0.0494163328385 179.650000006 0.490667919987 -0.5625 4.4 1.0 1.0 2.5 0.0 0.0 
385 4.45047348417 -0.0321993289219 6.39741595329 0.0494163328385 179.650000006 0.490667919987 -0.5625 4.4 1.0 1.0 2.5 0.0 0.0 
387 4.45047348417 -0.0321993289219 6.39741595329 0.0494163328385 179.650000006 0.475866867267 -0.59375 4.4 1.0 1.0 2.5 0.0 0.0 
387 4.60233938643 -0.0329888126429 6.34117027936 0.026257209799 179.93 0.475866867267 -0.59375 4.4 1.0 1.0 2.5 0.0 0.0 
388 4.60233938643 -0.0329888126429 6.34117027936 0.026257209799 179.93 0.465847495312 -0.65625 4.4 1.0 1.0 2.5 0.0 0.0 
389 4.60233938643 -0.0329888126429 6.34117027936 0.026257209799 179.93 0.450908141693 -0.71875 4.4 1.0 1.0 2.5 0.0 0.0 
390 4.78308962898 -0.0327618051151 6.45027670513 0.00588832456505 180.889999986 0.445435403187 -0.84375 4.4 1.0 1.0 2.5 0.0 0.0 
392 4.78308962898 -0.0327618051151 6.45027670513 0.00588832456505 180.889999986 0.430013072596 -0.96875 4.4 1.0 1.0 2.5 0.0 0.0 
392 4.78308962898 -0.0327618051151 6.45027670513 0.00588832456505 180.889999986 0.430013072596 -0.96875 4.4 1.0 1.0 2.5 0.0 0.0 
394 4.98711622762 -0.030212920461 6.60795402284 0.00817078011181 181.610000014 0.438529009654 -1.03125 4.4 1.0 1.0 2.5 0.0 0.0 
395 4.98711622762 -0.030212920461 6.60795402284 0.00817078011181 181.610000014 0.428368657117 -1.1875 4.4 1.0 1.0 2.5 0.0 0.0 
395 4.98711622762 -0.030212920461 6.60795402284 0.00817078011181 181.610000014 0.428368657117 -1.1875 4.4 1.0 1.0 2.5 0.0 0.0 
396 5.21061835329 -0.023315658369 6.61517895291 0.00245454700122 182.160000086 0.39264325061 -1.28125 4.4 1.0 1.0 2.5 0.0 0.0 
397 5.21061835329 -0.023315658369 6.61517895291 0.00245454700122 182.160000086 0.399297853125 -1.40625 4.4 1.0 1.0 2.5 0.0 0.0 
397 5.21061835329 -0.023315658369 6.61517895291 0.00245454700122 182.160000086 0.399297853125 -1.40625 4.4 1.0 1.0 2.5 0.0 0.0 
397 5.44801779696 -0.0139385736142 6.74309961591 0.00748822985276 182.50999999 0.399297853125 -1.40625 4.4 1.0 1.0 2.5 0.0 0.0 
397 5.44801779696 -0.0139385736142 6.74309961591 0.00748822985276 182.50999999 0.399297853125 -1.40625 4.4 1.0 1.0 2.5 0.0 0.0 
397 5.44801779696 -0.0139385736142 6.74309961591 0.00748822985276 182.50999999 0.399297853125 -1.40625 4.4 1.0 1.0 2.5 0.0 0.0 
399 5.68071366345 -0.00357929909554 6.74309961591 0.00748822985276 182.619999886 0.359572678853 -2.03125 4.4 1.0 1.0 2.5 0.0 0.0 
400 5.68071366345 -0.00357929909554 6.74309961591 0.00748822985276 182.619999886 0.347289221204 -2.1875 4.4 1.0 1.0 2.5 0.0 0.0 
400 5.68071366345 -0.00357929909554 6.74309961591 0.00748822985276 182.619999886 0.347289221204 -2.1875 4.4 1.0 1.0 2.5 0.0 0.0 
400 5.68071366345 -0.00357929909554 6.97327198065 0.0824405973317 182.599999905 0.347289221204 -2.1875 4.4 1.0 1.0 2.5 0.0 0.0 
400 5.908742004 0.00687519193168 6.97327198065 0.0824405973317 182.599999905 0.347289221204 -2.1875 4.4 1.0 1.0 2.5 0.0 0.0 
401 5.908742004 0.00687519193168 6.97327198065 0.0824405973317 182.599999905 0.323992974872 -2.421875 4.4 1.0 1.0 2.5 0.0 0.0 
402 5.908742004 0.00687519193168 6.97327198065 0.0824405973317 182.599999905 0.323992974872 -2.421875 4.4 1.0 1.0 2.5 0.0 0.0 
402 6.12468109417 0.0165487503662 7.07701441954 0.111920885119 182.410000086 0.323992974872 -2.421875 4.4 1.0 1.0 2.5 0.0 0.0 
403 6.12468109417 0.0165487503662 7.07701441954 0.111920885119 182.410000086 0.305469206713 -2.5 4.4 1.0 1.0 2.5 0.0 0.0 
405 6.12468109417 0.0165487503662 7.07701441954 0.111920885119 182.410000086 0.300572836541 -2.5 4.4 1.0 1.0 2.5 0.0 0.0 
405 6.33227727146 0.025051045993 7.15908403585 0.121453174743 182.279999971 0.300572836541 -2.5 4.4 1.0 1.0 2.5 0.0 0.0 
406 6.33227727146 0.025051045993 7.15908403585 0.121453174743 182.279999971 0.274377594424 -2.59375 4.4 1.0 1.0 2.5 0.0 0.0 
407 6.33227727146 0.025051045993 7.15908403585 0.121453174743 182.279999971 0.272318875594 -2.59375 4.4 1.0 1.0 2.5 0.0 0.0 
409 6.53058331037 0.0326901882873 7.29684235355 0.134533791572 181.99000001 0.27209297852 -2.59375 4.4 1.0 1.0 2.5 0.0 0.0 
410 6.53058331037 0.0326901882873 7.29684235355 0.134533791572 181.99000001 0.263201643798 -2.5625 4.4 1.0 1.0 2.5 0.0 0.0 
410 6.53058331037 0.0326901882873 7.29684235355 0.134533791572 181.99000001 0.263201643798 -2.5625 4.4 1.0 1.0 2.5 0.0 0.0 
411 6.71775074256 0.038967994758 7.34642624918 0.139501268029 181.700000048 0.261325628127 -2.59375 4.4 1.0 1.0 2.5 0.0 0.0 
412 6.71775074256 0.038967994758 7.34642624918 0.139501268029 181.700000048 0.247004703805 -2.625 4.4 1.0 1.0 2.5 0.0 0.0 
414 6.71775074256 0.038967994758 7.34642624918 0.139501268029 181.700000048 0.247004703805 -2.625 4.4 1.0 1.0 2.5 0.0 0.0 
414 6.90308446097 0.0442613108767 7.41857868237 0.150019728305 181.440000057 0.247004703805 -2.625 4.4 1.0 1.0 2.5 0.0 0.0 
415 6.90308446097 0.0442613108767 7.41857868237 0.150019728305 181.440000057 0.241638960321 -2.625 4.4 1.0 1.0 2.5 0.0 0.0 
416 6.90308446097 0.0442613108767 7.41857868237 0.150019728305 181.440000057 0.237289498938 -2.65625 4.4 1.0 1.0 2.5 0.0 0.0 
416 7.08750827553 0.0487166428723 7.4620071795 0.157552988922 181.220000029 0.237289498938 -2.65625 4.4 1.0 1.0 2.5 0.0 0.0 
417 7.08750827553 0.0487166428723 7.4620071795 0.157552988922 181.220000029 0.231481481481 -2.6875 4.4 1.0 1.0 2.5 0.0 0.0 
417 7.08750827553 0.0487166428723 7.4620071795 0.157552988922 181.220000029 0.231481481481 -2.6875 4.4 1.0 1.0 2.5 0.0 0.0 
417 7.26915262251 0.0524415263044 7.48795162811 0.161487952432 181.039999962 0.231481481481 -2.6875 4.4 1.0 1.0 2.5 0.0 0.0 
417 7.26915262251 0.0524415263044 7.48795162811 0.161487952432 181.039999962 0.231481481481 -2.6875 4.4 1.0 1.0 2.5 0.0 0.0 
417 7.26915262251 0.0524415263044 7.48795162811 0.161487952432 181.039999962 0.231481481481 -2.6875 4.4 1.0 1.0 2.5 0.0 0.0 
417 7.35951317748 0.0540818791656 7.48795162811 0.161487952432 180.870000005 0.231481481481 -2.6875 4.4 1.0 1.0 2.5 0.0 0.0 
417 7.35951317748 0.0540818791656 7.48795162811 0.161487952432 180.870000005 0.231481481481 -2.6875 4.4 1.0 1.0 2.5 0.0 0.0 
417 7.35951317748 0.0540818791656 7.48795162811 0.161487952432 180.870000005 0.231481481481 -2.6875 4.4 1.0 1.0 2.5 0.0 0.0 
417 7.35951317748 0.0540818791656 7.48795162811 0.161487952432 180.870000005 0.231481481481 -2.6875 4.4 1.0 1.0 2.5 0.0 0.0 
417 7.544899455 0.0570086339033 7.48795162811 0.161487952432 180.720000029 0.231481481481 -2.6875 4.4 1.0 1.0 2.5 0.0 0.0 
417 7.544899455 0.0570086339033 7.48795162811 0.161487952432 180.720000029 0.231481481481 -2.6875 4.4 1.0 1.0 2.5 0.0 0.0 
417 7.544899455 0.0570086339033 7.48795162811 0.161487952432 180.720000029 0.231481481481 -2.6875 4.4 1.0 1.0 2.5 0.0 0.0 
417 7.81693447838 0.0605434219422 7.48795162811 0.161487952432 180.800000012 0.231481481481 -2.6875 4.4 1.0 1.0 2.5 0.0 0.0 
417 7.81693447838 0.0605434219422 7.48795162811 0.161487952432 180.800000012 0.231481481481 -2.6875 4.4 1.0 1.0 2.5 0.0 0.0 
417 7.81693447838 0.0605434219422 7.48795162811 0.161487952432 180.800000012 0.231481481481 -2.6875 4.4 1.0 1.0 2.5 0.0 0.0 
417 7.89239527527 0.0615971219231 7.48795162811 0.161487952432 180.980000019 0.231481481481 -2.6875 4.4 1.0 1.0 2.5 0.0 0.0 
417 7.89239527527 0.0615971219231 7.48795162811 0.161487952432 180.980000019 0.231481481481 -2.6875 4.4 1.0 1.0 2.5 0.0 0.0 
417 7.89239527527 0.0615971219231 7.48795162811 0.161487952432 180.980000019 0.231481481481 -2.6875 4.4 1.0 1.0 2.5 0.0 0.0 
417 7.88028517301 0.0613717524251 7.48795162811 0.161487952432 180.699999988 0.231481481481 -2.6875 4.4 1.0 1.0 2.5 0.0 0.0 
417 7.88028517301 0.0613717524251 7.48795162811 0.161487952432 180.699999988 0.231481481481 -2.6875 4.4 1.0 1.0 2.5 0.0 0.0 
417 7.88028517301 0.0613717524251 7.48795162811 0.161487952432 180.699999988 0.231481481481 -2.6875 4.4 1.0 1.0 2.5 0.0 0.0 
417 7.90357633671 0.0616374573211 7.48795162811 0.161487952432 180.839999974 0.231481481481 -2.6875 4.4 1.0 1.0 2.5 0.0 0.0 
417 7.90357633671 0.0616374573211 7.48795162811 0.161487952432 180.839999974 0.231481481481 -2.6875 4.4 1.0 1.0 2.5 0.0 0.0 
417 7.90357633671 0.0616374573211 7.48795162811 0.161487952432 180.839999974 0.231481481481 -2.6875 4.4 1.0 1.0 2.5 0.0 0.0 
417 7.90357633671 0.0616374573211 7.48795162811 0.161487952432 180.75 0.231481481481 -2.6875 4.4 1.0 1.0 2.5 0.0 0.0 
417 7.93431931714 0.0620882052354 7.48795162811 0.161487952432 180.75 0.231481481481 -2.6875 4.4 1.0 1.0 2.5 0.0 0.0 
417 7.93431931714 0.0620882052354 7.48795162811 0.161487952432 180.75 0.231481481481 -2.6875 4.4 1.0 1.0 2.5 0.0 0.0 
417 7.93431931714 0.0620882052354 7.48795162811 0.161487952432 180.75 0.231481481481 -2.6875 4.4 1.0 1.0 2.5 0.0 0.0 
417 7.9436354649 0.0622182916528 7.48795162811 0.161487952432 180.600000024 0.231481481481 -2.6875 4.4 1.0 1.0 2.5 0.0 0.0 
417 7.9436354649 0.0622182916528 7.48795162811 0.161487952432 180.600000024 0.231481481481 -2.6875 4.4 1.0 1.0 2.5 0.0 0.0 
417 7.9436354649 0.0622182916528 7.48795162811 0.161487952432 180.600000024 0.231481481481 -2.6875 4.4 1.0 1.0 2.5 0.0 0.0 
417 7.94736208294 0.0622573181338 7.48795162811 0.161487952432 180.649999976 0.231481481481 -2.6875 4.4 1.0 1.0 2.5 0.0 0.0 
417 7.94736208294 0.0622573181338 7.48795162811 0.161487952432 180.649999976 0.231481481481 -2.6875 4.4 1.0 1.0 2.5 0.0 0.0 
417 7.94736208294 0.0622573181338 7.48795162811 0.161487952432 180.649999976 0.231481481481 -2.6875 4.4 1.0 1.0 2.5 0.0 0.0 
417 7.94736208294 0.0622573181338 7.48795162811 0.161487952432 180.600000024 0.231481481481 -2.6875 4.4 1.0 1.0 2.5 0.0 0.0 
417 7.94736208294 0.0622573181338 7.48795162811 0.161487952432 180.600000024 0.231481481481 -2.6875 4.4 1.0 1.0 2.5 0.0 0.0 
417 7.94736208294 0.0622573181338 7.48795162811 0.161487952432 180.600000024 0.231481481481 -2.6875 4.4 1.0 1.0 2.5 0.0 0.0 
417 7.94736208294 0.0622573181338 7.48795162811 0.161487952432 180.620000005 0.231481481481 -2.6875 4.4 1.0 1.0 2.5 0.0 0.0 
417 7.94736208294 0.0622573181338 7.48795162811 0.161487952432 180.620000005 0.231481481481 -2.6875 4.4 1.0 1.0 2.5 0.0 0.0 
417 7.94736208294 0.0622573181338 7.48795162811 0.161487952432 180.620000005 0.231481481481 -2.6875 4.4 1.0 1.0 2.5 0.0 0.0 
417 7.94736208294 0.0622573181338 7.48795162811 0.161487952432 180.620000005 0.231481481481 -2.6875 4.4 1.0 1.0 2.5 0.0 0.0 
417 7.94829373399 0.0622673999619 7.48795162811 0.161487952432 180.620000005 0.231481481481 -2.6875 4.4 1.0 1.0 2.5 0.0 0.0 
417 7.94829373399 0.0622673999619 7.48795162811 0.161487952432 180.620000005 0.231481481481 -2.6875 4.4 1.0 1.0 2.5 0.0 0.0 
417 7.94829373399 0.0622673999619 7.48795162811 0.161487952432 180.620000005 0.231481481481 -2.6875 4.4 1.0 1.0 2.5 0.0 0.0 
417 7.94922538504 0.06227748179 7.48795162811 0.161487952432 180.600000024 0.231481481481 -2.6875 4.4 1.0 1.0 2.5 0.0 0.0 
417 7.94922538504 0.06227748179 7.48795162811 0.161487952432 180.600000024 0.231481481481 -2.6875 4.4 1.0 1.0 2.5 0.0 0.0 
417 7.94922538504 0.06227748179 7.48795162811 0.161487952432 180.600000024 0.231481481481 -2.6875 4.4 1.0 1.0 2.5 0.0 0.0 
417 7.94922538504 0.06227748179 7.48795162811 0.161487952432 180.610000014 0.231481481481 -2.6875 4.4 1.0 1.0 2.5 0.0 0.0 
417 7.94922538504 0.06227748179 7.48795162811 0.161487952432 180.610000014 0.231481481481 -2.6875 4.4 1.0 1.0 2.5 0.0 0.0 
417 7.94922538504 0.06227748179 7.48795162811 0.161487952432 180.610000014 0.231481481481 -2.6875 4.4 1.0 1.0 2.5 0.0 0.0 
417 7.94922538504 0.06227748179 7.48795162811 0.161487952432 180.610000014 0.231481481481 -2.6875 4.4 1.0 1.0 2.5 0.0 0.0 
417 7.94922538504 0.06227748179 7.48795162811 0.161487952432 180.610000014 0.231481481481 -2.6875 4.4 1.0 1.0 2.5 0.0 0.0 
417 7.94922538504 0.06227748179 7.48795162811 0.161487952432 180.610000014 0.231481481481 -2.6875 4.4 1.0 1.0 2.5 0.0 0.0 
417 7.94922538504 0.06227748179 7.48795162811 0.161487952432 180.610000014 0.231481481481 -2.6875 4.4 1.0 1.0 2.5 0.0 0.0 
417 7.94922538504 0.06227748179 7.48795162811 0.161487952432 180.600000024 0.231481481481 -2.6875 4.4 1.0 1.0 2.5 0.0 0.0 
417 7.94922538504 0.06227748179 7.48795162811 0.161487952432 180.600000024 0.231481481481 -2.6875 4.4 1.0 1.0 2.5 0.0 0.0 
417 7.94922538504 0.06227748179 7.48795162811 0.161487952432 180.600000024 0.231481481481 -2.6875 4.4 1.0 1.0 2.5 0.0 0.0 
417 7.94922538504 0.06227748179 7.48795162811 0.161487952432 180.610000014 0.231481481481 -2.6875 4.4 1.0 1.0 2.5 0.0 0.0 
417 7.94922538504 0.06227748179 7.48795162811 0.161487952432 180.610000014 0.231481481481 -2.6875 4.4 1.0 1.0 2.5 0.0 0.0 
417 7.94922538504 0.06227748179 7.48795162811 0.161487952432 180.610000014 0.231481481481 -2.6875 4.4 1.0 1.0 2.5 0.0 0.0 
417 7.94922538504 0.06227748179 7.48795162811 0.161487952432 180.610000014 0.231481481481 -2.6875 4.4 1.0 1.0 2.5 0.0 0.0 
417 7.94922538504 0.06227748179 7.48795162811 0.161487952432 180.610000014 0.231481481481 -2.6875 4.4 1.0 1.0 2.5 0.0 0.0 
417 7.94922538504 0.06227748179 7.48795162811 0.161487952432 180.610000014 0.231481481481 -2.6875 4.4 1.0 1.0 2.5 0.0 0.0 
417 7.94922538504 0.06227748179 7.48795162811 0.161487952432 180.610000014 0.231481481481 -2.6875 4.4 1.0 1.0 2.5 0.0 0.0 
417 7.94922538504 0.06227748179 7.48795162811 0.161487952432 180.610000014 0.231481481481 -2.6875 4.4 1.0 1.0 2.5 0.0 0.0 
417 7.94922538504 0.06227748179 7.48795162811 0.161487952432 180.610000014 0.231481481481 -2.6875 4.4 1.0 1.0 2.5 0.0 0.0 
417 7.94922538504 0.06227748179 7.48795162811 0.161487952432 180.610000014 0.231481481481 -2.6875 4.4 1.0 1.0 2.5 0.0 0.0 
417 7.94922538504 0.06227748179 7.48795162811 0.161487952432 180.610000014 0.231481481481 -2.6875 4.4 1.0 1.0 2.5 0.0 0.0 
417 7.94922538504 0.06227748179 7.48795162811 0.161487952432 180.610000014 0.231481481481 -2.6875 4.4 1.0 1.0 2.5 0.0 0.0 
417 7.94922538504 0.06227748179 7.48795162811 0.161487952432 180.610000014 0.231481481481 -2.6875 4.4 1.0 1.0 2.5 0.0 0.0 
417 7.94922538504 0.06227748179 7.48795162811 0.161487952432 180.610000014 0.231481481481 -2.6875 4.4 1.0 1.0 2.5 0.0 0.0 
417 7.94922538504 0.06227748179 7.48795162811 0.161487952432 180.610000014 0.231481481481 -2.6875 4.4 1.0 1.0 2.5 0.0 0.0 
417 7.94922538504 0.06227748179 7.48795162811 0.161487952432 180.610000014 0.231481481481 -2.6875 4.4 1.0 1.0 2.5 0.0 0.0 
417 7.94922538504 0.06227748179 7.48795162811 0.161487952432 180.610000014 0.231481481481 -2.6875 4.4 1.0 1.0 2.5 0.0 0.0 
417 7.94922538504 0.06227748179 7.48795162811 0.161487952432 180.610000014 0.231481481481 -2.6875 4.4 1.0 1.0 2.5 0.0 0.0 
417 7.94922538504 0.06227748179 7.48795162811 0.161487952432 180.610000014 0.231481481481 -2.6875 4.4 1.0 1.0 2.5 0.0 0.0 
417 7.94922538504 0.06227748179 7.48795162811 0.161487952432 180.610000014 0.231481481481 -2.6875 4.4 1.0 1.0 2.5 0.0 0.0 
417 7.94922538504 0.06227748179 7.48795162811 0.161487952432 180.610000014 0.231481481481 -2.6875 4.4 1.0 1.0 2.5 0.0 0.0 
417 7.94922538504 0.06227748179 7.48795162811 0.161487952432 180.610000014 0.231481481481 -2.6875 4.4 1.0 1.0 2.5 0.0 0.0 
417 7.9166175373 0.0619303089386 7.48795162811 0.161487952432 180.610000014 0.231481481481 -2.6875 4.4 1.0 1.0 2.5 0.0 0.0 
417 7.9166175373 0.0619303089386 7.48795162811 0.161487952432 180.610000014 0.231481481481 -2.6875 4.4 1.0 1.0 2.5 0.0 0.0 
417 7.9166175373 0.0619303089386 7.48795162811 0.161487952432 180.610000014 0.231481481481 -2.6875 4.4 1.0 1.0 2.5 0.0 0.0 
417 7.89425787029 0.0616922475548 7.48795162811 0.161487952432 181.559999943 0.231481481481 -2.6875 4.4 1.0 1.0 2.5 0.0 0.0 
417 7.89425787029 0.0616922475548 7.48795162811 0.161487952432 181.559999943 0.231481481481 -2.6875 4.4 1.0 1.0 2.5 0.0 0.0 
417 7.89425787029 0.0616922475548 7.48795162811 0.161487952432 181.559999943 0.231481481481 -2.6875 4.4 1.0 1.0 2.5 0.0 0.0 
417 7.83091656889 0.060382514698 7.48795162811 0.161487952432 181.720000029 0.231481481481 -2.6875 4.4 1.0 1.0 2.5 0.0 0.0 
417 7.83091656889 0.060382514698 7.48795162811 0.161487952432 181.720000029 0.231481481481 -2.6875 4.4 1.0 1.0 2.5 0.0 0.0 
417 7.83091656889 0.060382514698 7.48795162811 0.161487952432 181.720000029 0.231481481481 -2.6875 4.4 1.0 1.0 2.5 0.0 0.0 
417 7.83091656889 0.060382514698 7.48795162811 0.161487952432 181.720000029 0.231481481481 -2.6875 4.4 1.0 1.0 2.5 0.0 0.0 
417 7.8029802967 0.0594728568312 7.48795162811 0.161487952432 180.939999998 0.231481481481 -2.6875 4.4 1.0 1.0 2.5 0.0 0.0 
417 7.8029802967 0.0594728568312 7.48795162811 0.161487952432 180.939999998 0.231481481481 -2.6875 4.4 1.0 1.0 2.5 0.0 0.0 
417 7.8029802967 0.0594728568312 7.48795162811 0.161487952432 180.939999998 0.231481481481 -2.6875 4.4 1.0 1.0 2.5 0.0 0.0 
417 7.76665099432 0.0587572452578 7.48795162811 0.161487952432 180.430000007 0.231481481481 -2.6875 4.4 1.0 1.0 2.5 0.0 0.0 
417 7.76665099432 0.0587572452578 7.48795162811 0.161487952432 180.430000007 0.231481481481 -2.6875 4.4 1.0 1.0 2.5 0.0 0.0 
417 7.76665099432 0.0587572452578 7.48795162811 0.161487952432 180.430000007 0.231481481481 -2.6875 4.4 1.0 1.0 2.5 0.0 0.0 
417 7.76012945227 0.0586858595048 7.48795162811 0.161487952432 180.109999999 0.231481481481 -2.6875 4.4 1.0 1.0 2.5 0.0 0.0 
417 7.76012945227 0.0586858595048 7.48795162811 0.161487952432 180.109999999 0.231481481481 -2.6875 4.4 1.0 1.0 2.5 0.0 0.0 
417 7.76012945227 0.0586858595048 7.48795162811 0.161487952432 180.109999999 0.231481481481 -2.6875 4.4 1.0 1.0 2.5 0.0 0.0 
417 7.76012945227 0.0586858595048 7.48795162811 0.161487952432 180.029999999 0.231481481481 -2.6875 4.4 1.0 1.0 2.5 0.0 0.0 
417 7.76012945227 0.0586858595048 7.48795162811 0.161487952432 180.029999999 0.231481481481 -2.6875 4.4 1.0 1.0 2.5 0.0 0.0 
417 7.76012945227 0.0586858595048 7.48795162811 0.161487952432 180.029999999 0.231481481481 -2.6875 4.4 1.0 1.0 2.5 0.0 0.0 
417 7.76012945227 0.0586858595048 7.48795162811 0.161487952432 180.029999999 0.231481481481 -2.6875 4.4 1.0 1.0 2.5 0.0 0.0 
417 7.76012945227 0.0586858595048 7.48795162811 0.161487952432 180.25 0.231481481481 -2.6875 4.4 1.0 1.0 2.5 0.0 0.0 
417 7.76012945227 0.0586858595048 7.48795162811 0.161487952432 180.25 0.231481481481 -2.6875 4.4 1.0 1.0 2.5 0.0 0.0 
417 7.76012945227 0.0586858595048 7.48795162811 0.161487952432 180.25 0.231481481481 -2.6875 4.4 1.0 1.0 2.5 0.0 0.0 
417 7.76012945227 0.0586858595048 7.48795162811 0.161487952432 180.280000001 0.231481481481 -2.6875 4.4 1.0 1.0 2.5 0.0 0.0 
417 7.76012945227 0.0586858595048 7.48795162811 0.161487952432 180.280000001 0.231481481481 -2.6875 4.4 1.0 1.0 2.5 0.0 0.0 
417 7.76012945227 0.0586858595048 7.48795162811 0.161487952432 180.280000001 0.231481481481 -2.6875 4.4 1.0 1.0 2.5 0.0 0.0 
417 7.76012945227 0.0586858595048 7.48795162811 0.161487952432 180.239999995 0.231481481481 -2.6875 4.4 1.0 1.0 2.5 0.0 0.0 
417 7.76012945227 0.0586858595048 7.48795162811 0.161487952432 180.239999995 0.231481481481 -2.6875 4.4 1.0 1.0 2.5 0.0 0.0 
417 7.76012945227 0.0586858595048 7.48795162811 0.161487952432 180.239999995 0.231481481481 -2.6875 4.4 1.0 1.0 2.5 0.0 0.0 
417 7.76012945227 0.0586858595048 7.48795162811 0.161487952432 180.230000004 0.231481481481 -2.6875 4.4 1.0 1.0 2.5 0.0 0.0 
417 7.76012945227 0.0586858595048 7.48795162811 0.161487952432 180.230000004 0.231481481481 -2.6875 4.4 1.0 1.0 2.5 0.0 0.0 
417 7.76012945227 0.0586858595048 7.48795162811 0.161487952432 180.230000004 0.231481481481 -2.6875 4.4 1.0 1.0 2.5 0.0 0.0 
417 7.76012945227 0.0586858595048 7.48795162811 0.161487952432 180.230000004 0.231481481481 -2.6875 4.4 1.0 1.0 2.5 0.0 0.0 
417 7.76012945227 0.0586858595048 7.48795162811 0.161487952432 180.239999995 0.231481481481 -2.6875 4.4 1.0 1.0 2.5 0.0 0.0 
417 7.76012945227 0.0586858595048 7.48795162811 0.161487952432 180.239999995 0.231481481481 -2.6875 4.4 1.0 1.0 2.5 0.0 0.0 
417 7.76012945227 0.0586858595048 7.48795162811 0.161487952432 180.239999995 0.231481481481 -2.6875 4.4 1.0 1.0 2.5 0.0 0.0 
417 7.76012945227 0.0586858595048 7.48795162811 0.161487952432 180.230000004 0.231481481481 -2.6875 4.4 1.0 1.0 2.5 0.0 0.0 
417 7.76012945227 0.0586858595048 7.48795162811 0.161487952432 180.230000004 0.231481481481 -2.6875 4.4 1.0 1.0 2.5 0.0 0.0 
417 7.76012945227 0.0586858595048 7.48795162811 0.161487952432 180.230000004 0.231481481481 -2.6875 4.4 1.0 1.0 2.5 0.0 0.0 
417 7.76012945227 0.0586858595048 7.48795162811 0.161487952432 180.239999995 0.231481481481 -2.6875 4.4 1.0 1.0 2.5 0.0 0.0 
417 7.76012945227 0.0586858595048 7.48795162811 0.161487952432 180.239999995 0.231481481481 -2.6875 4.4 1.0 1.0 2.5 0.0 0.0 
417 7.76012945227 0.0586858595048 7.48795162811 0.161487952432 180.239999995 0.231481481481 -2.6875 4.4 1.0 1.0 2.5 0.0 0.0 
417 7.76012945227 0.0586858595048 7.48795162811 0.161487952432 180.230000004 0.231481481481 -2.6875 4.4 1.0 1.0 2.5 0.0 0.0 
417 7.76012945227 0.0586858595048 7.48795162811 0.161487952432 180.230000004 0.231481481481 -2.6875 4.4 1.0 1.0 2.5 0.0 0.0 
417 7.76012945227 0.0586858595048 7.48795162811 0.161487952432 180.230000004 0.231481481481 -2.6875 4.4 1.0 1.0 2.5 0.0 0.0 
417 7.76012945227 0.0586858595048 7.48795162811 0.161487952432 180.239999995 0.231481481481 -2.6875 4.4 1.0 1.0 2.5 0.0 0.0 
417 7.76012945227 0.0586858595048 7.48795162811 0.161487952432 180.239999995 0.231481481481 -2.6875 4.4 1.0 1.0 2.5 0.0 0.0 
417 7.76012945227 0.0586858595048 7.48795162811 0.161487952432 180.239999995 0.231481481481 -2.6875 4.4 1.0 1.0 2.5 0.0 0.0 
417 7.76012945227 0.0586858595048 7.48795162811 0.161487952432 180.239999995 0.231481481481 -2.6875 4.4 1.0 1.0 2.5 0.0 0.0 
417 7.76012945227 0.0586858595048 7.48795162811 0.161487952432 180.239999995 0.231481481481 -2.6875 4.4 1.0 1.0 2.5 0.0 0.0 
417 7.76012945227 0.0586858595048 7.48795162811 0.161487952432 180.239999995 0.231481481481 -2.6875 4.4 1.0 1.0 2.5 0.0 0.0 
417 7.76012945227 0.0586858595048 7.48795162811 0.161487952432 180.239999995 0.231481481481 -2.6875 4.4 1.0 1.0 2.5 0.0 0.0 
417 7.76012945227 0.0586858595048 7.48795162811 0.161487952432 180.230000004 0.231481481481 -2.6875 4.4 1.0 1.0 2.5 0.0 0.0 
417 7.76012945227 0.0586858595048 7.48795162811 0.161487952432 180.230000004 0.231481481481 -2.6875 4.4 1.0 1.0 2.5 0.0 0.0 
417 7.76012945227 0.0586858595048 7.48795162811 0.161487952432 180.230000004 0.231481481481 -2.6875 4.4 1.0 1.0 2.5 0.0 0.0 
417 7.7983290739 0.0588392034405 7.48795162811 0.161487952432 180.560000002 0.231481481481 -2.6875 4.4 1.0 1.0 2.5 0.0 0.0 
417 7.7983290739 0.0588392034405 7.48795162811 0.161487952432 180.560000002 0.231481481481 -2.6875 4.4 1.0 1.0 2.5 0.0 0.0 
417 7.7983290739 0.0588392034405 7.48795162811 0.161487952432 180.560000002 0.231481481481 -2.6875 4.4 1.0 1.0 2.5 0.0 0.0 
417 8.00702300864 0.0606106870438 7.48795162811 0.161487952432 183.730000019 0.231481481481 -2.6875 4.4 1.0 1.0 2.5 0.0 0.0 
417 8.00702300864 0.0606106870438 7.48795162811 0.161487952432 183.730000019 0.231481481481 -2.6875 4.4 1.0 1.0 2.5 0.0 0.0 
417 8.00702300864 0.0606106870438 7.48795162811 0.161487952432 183.730000019 0.231481481481 -2.6875 4.4 1.0 1.0 2.5 0.0 0.0 
417 8.00702300864 0.0606106870438 7.48795162811 0.161487952432 183.730000019 0.231481481481 -2.6875 4.4 1.0 1.0 2.5 0.0 0.0 
417 8.15780347767 0.0671720359751 7.48795162811 0.161487952432 183.25999999 0.231481481481 -2.6875 4.4 1.0 1.0 2.5 0.0 0.0 
417 8.15780347767 0.0671720359751 7.48795162811 0.161487952432 183.25999999 0.231481481481 -2.6875 4.4 1.0 1.0 2.5 0.0 0.0 
417 8.15780347767 0.0671720359751 7.48795162811 0.161487952432 183.25999999 0.231481481481 -2.6875 4.4 1.0 1.0 2.5 0.0 0.0 
417 8.3288776732 0.0782062302857 7.48795162811 0.161487952432 182.75999999 0.231481481481 -2.6875 4.4 1.0 1.0 2.5 0.0 0.0 
417 8.3288776732 0.0782062302857 7.48795162811 0.161487952432 182.75999999 0.231481481481 -2.6875 4.4 1.0 1.0 2.5 0.0 0.0 
417 8.3288776732 0.0782062302857 7.48795162811 0.161487952432 182.75999999 0.231481481481 -2.6875 4.4 1.0 1.0 2.5 0.0 0.0 
417 8.52896200833 0.0878519722253 7.48795162811 0.161487952432 182.109999895 0.231481481481 -2.6875 4.4 1.0 1.0 2.5 0.0 0.0 
417 8.52896200833 0.0878519722253 7.48795162811 0.161487952432 182.109999895 0.231481481481 -2.6875 4.4 1.0 1.0 2.5 0.0 0.0 
417 8.52896200833 0.0878519722253 7.48795162811 0.161487952432 182.109999895 0.231481481481 -2.6875 4.4 1.0 1.0 2.5 0.0 0.0 
417 8.56806323389 0.0893941221465 7.48795162811 0.161487952432 181.929999948 0.231481481481 -2.6875 4.4 1.0 1.0 2.5 0.0 0.0 
417 8.56806323389 0.0893941221465 7.48795162811 0.161487952432 181.929999948 0.231481481481 -2.6875 4.4 1.0 1.0 2.5 0.0 0.0 
417 8.56806323389 0.0893941221465 7.48795162811 0.161487952432 181.929999948 0.231481481481 -2.6875 4.4 1.0 1.0 2.5 0.0 0.0 
417 8.57271865835 0.0895640152098 7.48795162811 0.161487952432 181.820000052 0.231481481481 -2.6875 4.4 1.0 1.0 2.5 0.0 0.0 
417 8.57271865835 0.0895640152098 7.48795162811 0.161487952432 181.820000052 0.231481481481 -2.6875 4.4 1.0 1.0 2.5 0.0 0.0 
417 8.57271865835 0.0895640152098 7.48795162811 0.161487952432 181.820000052 0.231481481481 -2.6875 4.4 1.0 1.0 2.5 0.0 0.0 
417 8.57271865835 0.0895640152098 7.48795162811 0.161487952432 181.820000052 0.231481481481 -2.6875 4.4 1.0 1.0 2.5 0.0 0.0 
417 8.57551251578 0.0896479110733 7.48795162811 0.161487952432 181.75 0.231481481481 -2.6875 4.4 1.0 1.0 2.5 0.0 0.0 
417 8.57551251578 0.0896479110733 7.48795162811 0.161487952432 181.75 0.231481481481 -2.6875 4.4 1.0 1.0 2.5 0.0 0.0 
417 8.57551251578 0.0896479110733 7.48795162811 0.161487952432 181.75 0.231481481481 -2.6875 4.4 1.0 1.0 2.5 0.0 0.0 
417 8.57551251578 0.0896479110733 7.48795162811 0.161487952432 181.779999971 0.231481481481 -2.6875 4.4 1.0 1.0 2.5 0.0 0.0 
417 8.57551251578 0.0896479110733 7.48795162811 0.161487952432 181.779999971 0.231481481481 -2.6875 4.4 1.0 1.0 2.5 0.0 0.0 
417 8.57551251578 0.0896479110733 7.48795162811 0.161487952432 181.779999971 0.231481481481 -2.6875 4.4 1.0 1.0 2.5 0.0 0.0 
417 8.57551251578 0.0896479110733 7.48795162811 0.161487952432 181.779999971 0.231481481481 -2.6875 4.4 1.0 1.0 2.5 0.0 0.0 
417 8.57551251578 0.0896479110733 7.48795162811 0.161487952432 181.779999971 0.231481481481 -2.6875 4.4 1.0 1.0 2.5 0.0 0.0 
417 8.57551251578 0.0896479110733 7.48795162811 0.161487952432 181.779999971 0.231481481481 -2.6875 4.4 1.0 1.0 2.5 0.0 0.0 
417 8.57551251578 0.0896479110733 7.48795162811 0.161487952432 181.779999971 0.231481481481 -2.6875 4.4 1.0 1.0 2.5 0.0 0.0 
417 8.57551251578 0.0896479110733 7.48795162811 0.161487952432 181.779999971 0.231481481481 -2.6875 4.4 1.0 1.0 2.5 0.0 0.0 
417 8.57551251578 0.0896479110733 7.48795162811 0.161487952432 181.779999971 0.231481481481 -2.6875 4.4 1.0 1.0 2.5 0.0 0.0 
417 8.57551251578 0.0896479110733 7.48795162811 0.161487952432 181.779999971 0.231481481481 -2.6875 4.4 1.0 1.0 2.5 0.0 0.0 
417 8.57551251578 0.0896479110733 7.48795162811 0.161487952432 181.779999971 0.231481481481 -2.6875 4.4 1.0 1.0 2.5 0.0 0.0 
417 8.57551251578 0.0896479110733 7.48795162811 0.161487952432 181.779999971 0.231481481481 -2.6875 4.4 1.0 1.0 2.5 0.0 0.0 
417 8.57551251578 0.0896479110733 7.48795162811 0.161487952432 181.779999971 0.231481481481 -2.6875 4.4 1.0 1.0 2.5 0.0 0.0 
417 8.57551251578 0.0896479110733 7.48795162811 0.161487952432 181.779999971 0.231481481481 -2.6875 4.4 1.0 1.0 2.5 0.0 0.0 
417 8.57551251578 0.0896479110733 7.48795162811 0.161487952432 181.779999971 0.231481481481 -2.6875 4.4 1.0 1.0 2.5 0.0 0.0 
417 8.57551251578 0.0896479110733 7.48795162811 0.161487952432 181.779999971 0.231481481481 -2.6875 4.4 1.0 1.0 2.5 0.0 0.0 
417 8.57551251578 0.0896479110733 7.48795162811 0.161487952432 181.779999971 0.231481481481 -2.6875 4.4 1.0 1.0 2.5 0.0 0.0 
417 8.57551251578 0.0896479110733 7.48795162811 0.161487952432 181.779999971 0.231481481481 -2.6875 4.4 1.0 1.0 2.5 0.0 0.0 
417 8.57551251578 0.0896479110733 7.48795162811 0.161487952432 181.779999971 0.231481481481 -2.6875 4.4 1.0 1.0 2.5 0.0 0.0 
417 8.57551251578 0.0896479110733 7.48795162811 0.161487952432 181.779999971 0.231481481481 -2.6875 4.4 1.0 1.0 2.5 0.0 0.0 
417 8.57551251578 0.0896479110733 7.48795162811 0.161487952432 181.779999971 0.231481481481 -2.6875 4.4 1.0 1.0 2.5 0.0 0.0 
417 8.57551251578 0.0896479110733 7.48795162811 0.161487952432 181.779999971 0.231481481481 -2.6875 4.4 1.0 1.0 2.5 0.0 0.0 
417 8.57551251578 0.0896479110733 7.48795162811 0.161487952432 181.779999971 0.231481481481 -2.6875 4.4 1.0 1.0 2.5 0.0 0.0 
417 8.57551251578 0.0896479110733 7.48795162811 0.161487952432 181.779999971 0.231481481481 -2.6875 4.4 1.0 1.0 2.5 0.0 0.0 
417 8.57551251578 0.0896479110733 7.48795162811 0.161487952432 181.779999971 0.231481481481 -2.6875 4.4 1.0 1.0 2.5 0.0 0.0 
417 8.57551251578 0.0896479110733 7.48795162811 0.161487952432 181.779999971 0.231481481481 -2.6875 4.4 1.0 1.0 2.5 0.0 0.0 
417 8.57551251578 0.0896479110733 7.48795162811 0.161487952432 181.779999971 0.231481481481 -2.6875 4.4 1.0 1.0 2.5 0.0 0.0 
417 8.57551251578 0.0896479110733 7.48795162811 0.161487952432 181.779999971 0.231481481481 -2.6875 4.4 1.0 1.0 2.5 0.0 0.0 
417 8.57551251578 0.0896479110733 7.48795162811 0.161487952432 181.779999971 0.231481481481 -2.6875 4.4 1.0 1.0 2.5 0.0 0.0 
417 8.57551251578 0.0896479110733 7.48795162811 0.161487952432 181.779999971 0.231481481481 -2.6875 4.4 1.0 1.0 2.5 0.0 0.0 
417 8.57551251578 0.0896479110733 7.48795162811 0.161487952432 181.779999971 0.231481481481 -2.6875 4.4 1.0 1.0 2.5 0.0 0.0 
417 8.57551251578 0.0896479110733 7.48795162811 0.161487952432 181.779999971 0.231481481481 -2.6875 4.4 1.0 1.0 2.5 0.0 0.0 
417 8.57551251578 0.0896479110733 7.48795162811 0.161487952432 181.779999971 0.231481481481 -2.6875 4.4 1.0 1.0 2.5 0.0 0.0 
417 8.57551251578 0.0896479110733 7.48795162811 0.161487952432 181.779999971 0.231481481481 -2.6875 4.4 1.0 1.0 2.5 0.0 0.0 
417 8.57551251578 0.0896479110733 7.48795162811 0.161487952432 181.779999971 0.231481481481 -2.6875 4.4 1.0 1.0 2.5 0.0 0.0 
417 8.57551251578 0.0896479110733 7.48795162811 0.161487952432 181.769999981 0.231481481481 -2.6875 4.4 1.0 1.0 2.5 0.0 0.0 
417 8.57551251578 0.0896479110733 7.48795162811 0.161487952432 181.769999981 0.231481481481 -2.6875 4.4 1.0 1.0 2.5 0.0 0.0 
417 8.57551251578 0.0896479110733 7.48795162811 0.161487952432 181.769999981 0.231481481481 -2.6875 4.4 1.0 1.0 2.5 0.0 0.0 
417 8.57551251578 0.0896479110733 7.48795162811 0.161487952432 181.769999981 0.231481481481 -2.6875 4.4 1.0 1.0 2.5 0.0 0.0 
417 8.57551251578 0.0896479110733 7.48795162811 0.161487952432 181.769999981 0.231481481481 -2.6875 4.4 1.0 1.0 2.5 0.0 0.0 
417 8.57551251578 0.0896479110733 7.48795162811 0.161487952432 181.769999981 0.231481481481 -2.6875 4.4 1.0 1.0 2.5 0.0 0.0 
417 8.57551251578 0.0896479110733 7.48795162811 0.161487952432 181.769999981 0.231481481481 -2.6875 4.4 1.0 1.0 2.5 0.0 0.0 
417 8.57551251578 0.0896479110733 7.48795162811 0.161487952432 181.769999981 0.231481481481 -2.6875 4.4 1.0 1.0 2.5 0.0 0.0 
417 8.57551251578 0.0896479110733 7.48795162811 0.161487952432 181.769999981 0.231481481481 -2.6875 4.4 1.0 1.0 2.5 0.0 0.0 
417 8.57551251578 0.0896479110733 7.48795162811 0.161487952432 181.769999981 0.231481481481 -2.6875 4.4 1.0 1.0 2.5 0.0 0.0 
417 8.57551251578 0.0896479110733 7.48795162811 0.161487952432 181.769999981 0.231481481481 -2.6875 4.4 1.0 1.0 2.5 0.0 0.0 
417 8.57551251578 0.0896479110733 7.48795162811 0.161487952432 181.769999981 0.231481481481 -2.6875 4.4 1.0 1.0 2.5 0.0 0.0 
417 8.57551251578 0.0896479110733 7.48795162811 0.161487952432 181.769999981 0.231481481481 -2.6875 4.4 1.0 1.0 2.5 0.0 0.0 
417 8.57551251578 0.0896479110733 7.48795162811 0.161487952432 181.769999981 0.231481481481 -2.6875 4.4 1.0 1.0 2.5 0.0 0.0 
417 8.57551251578 0.0896479110733 7.48795162811 0.161487952432 181.769999981 0.231481481481 -2.6875 4.4 1.0 1.0 2.5 0.0 0.0 
417 8.57551251578 0.0896479110733 7.48795162811 0.161487952432 181.769999981 0.231481481481 -2.6875 4.4 1.0 1.0 2.5 0.0 0.0 
417 8.57551251578 0.0896479110733 7.48795162811 0.161487952432 181.769999981 0.231481481481 -2.6875 4.4 1.0 1.0 2.5 0.0 0.0 
417 8.57551251578 0.0896479110733 7.48795162811 0.161487952432 181.769999981 0.231481481481 -2.6875 4.4 1.0 1.0 2.5 0.0 0.0 
417 8.57551251578 0.0896479110733 7.48795162811 0.161487952432 181.769999981 0.231481481481 -2.6875 4.4 1.0 1.0 2.5 0.0 0.0 
417 8.57551251578 0.0896479110733 7.48795162811 0.161487952432 181.769999981 0.231481481481 -2.6875 4.4 1.0 1.0 2.5 0.0 0.0 
417 8.57551251578 0.0896479110733 7.48795162811 0.161487952432 181.769999981 0.231481481481 -2.6875 4.4 1.0 1.0 2.5 0.0 0.0 
417 8.57551251578 0.0896479110733 7.48795162811 0.161487952432 181.769999981 0.231481481481 -2.6875 4.4 1.0 1.0 2.5 0.0 0.0 
417 8.57551251578 0.0896479110733 7.48795162811 0.161487952432 181.75999999 0.231481481481 -2.6875 4.4 1.0 1.0 2.5 0.0 0.0 
417 8.57551251578 0.0896479110733 7.48795162811 0.161487952432 181.75999999 0.231481481481 -2.6875 4.4 1.0 1.0 2.5 0.0 0.0 
417 8.57551251578 0.0896479110733 7.48795162811 0.161487952432 181.75999999 0.231481481481 -2.6875 4.4 1.0 1.0 2.5 0.0 0.0 
417 8.57551251578 0.0896479110733 7.48795162811 0.161487952432 181.75999999 0.231481481481 -2.6875 4.4 1.0 1.0 2.5 0.0 0.0 
417 8.57551251578 0.0896479110733 7.48795162811 0.161487952432 181.75999999 0.231481481481 -2.6875 4.4 1.0 1.0 2.5 0.0 0.0 
417 8.57551251578 0.0896479110733 7.48795162811 0.161487952432 181.75999999 0.231481481481 -2.6875 4.4 1.0 1.0 2.5 0.0 0.0 
417 8.57551251578 0.0896479110733 7.48795162811 0.161487952432 181.75999999 0.231481481481 -2.6875 4.4 1.0 1.0 2.5 0.0 0.0 
417 8.57551251578 0.0896479110733 7.48795162811 0.161487952432 181.75999999 0.231481481481 -2.6875 4.4 1.0 1.0 2.5 0.0 0.0 
417 8.57551251578 0.0896479110733 7.48795162811 0.161487952432 181.75999999 0.231481481481 -2.6875 4.4 1.0 1.0 2.5 0.0 0.0 
417 8.57551251578 0.0896479110733 7.48795162811 0.161487952432 181.75999999 0.231481481481 -2.6875 4.4 1.0 1.0 2.5 0.0 0.0 
417 8.57551251578 0.0896479110733 7.48795162811 0.161487952432 181.75999999 0.231481481481 -2.6875 4.4 1.0 1.0 2.5 0.0 0.0 
417 8.57551251578 0.0896479110733 7.48795162811 0.161487952432 181.75999999 0.231481481481 -2.6875 4.4 1.0 1.0 2.5 0.0 0.0 
417 8.57551251578 0.0896479110733 7.48795162811 0.161487952432 181.75999999 0.231481481481 -2.6875 4.4 1.0 1.0 2.5 0.0 0.0 
417 8.57551251578 0.0896479110733 7.48795162811 0.161487952432 181.75999999 0.231481481481 -2.6875 4.4 1.0 1.0 2.5 0.0 0.0 
417 8.57551251578 0.0896479110733 7.48795162811 0.161487952432 181.75999999 0.231481481481 -2.6875 4.4 1.0 1.0 2.5 0.0 0.0 
417 8.57551251578 0.0896479110733 7.48795162811 0.161487952432 181.75999999 0.231481481481 -2.6875 4.4 1.0 1.0 2.5 0.0 0.0 
417 8.57551251578 0.0896479110733 7.48795162811 0.161487952432 181.75999999 0.231481481481 -2.6875 4.4 1.0 1.0 2.5 0.0 0.0 
417 8.57551251578 0.0896479110733 7.48795162811 0.161487952432 181.75999999 0.231481481481 -2.6875 4.4 1.0 1.0 2.5 0.0 0.0 
417 8.57551251578 0.0896479110733 7.48795162811 0.161487952432 181.75999999 0.231481481481 -2.6875 4.4 1.0 1.0 2.5 0.0 0.0 
417 8.57551251578 0.0896479110733 7.48795162811 0.161487952432 181.75999999 0.231481481481 -2.6875 4.4 1.0 1.0 2.5 0.0 0.0 
417 8.57644378184 0.0896765265138 7.48795162811 0.161487952432 181.75 0.231481481481 -2.6875 4.4 1.0 1.0 2.5 0.0 0.0 
417 8.57644378184 0.0896765265138 7.48795162811 0.161487952432 181.75 0.231481481481 -2.6875 4.4 1.0 1.0 2.5 0.0 0.0 
417 8.57644378184 0.0896765265138 7.48795162811 0.161487952432 181.75 0.231481481481 -2.6875 4.4 1.0 1.0 2.5 0.0 0.0 
417 8.57644378184 0.0896765265138 7.48795162811 0.161487952432 181.75 0.231481481481 -2.6875 4.4 1.0 1.0 2.5 0.0 0.0 
417 8.57644378184 0.0896765265138 7.48795162811 0.161487952432 181.75 0.231481481481 -2.6875 4.4 1.0 1.0 2.5 0.0 0.0 
417 8.57644378184 0.0896765265138 7.48795162811 0.161487952432 181.75 0.231481481481 -2.6875 4.4 1.0 1.0 2.5 0.0 0.0 
417 8.57644378184 0.0896765265138 7.48795162811 0.161487952432 181.75 0.231481481481 -2.6875 4.4 1.0 1.0 2.5 0.0 0.0 
417 8.57644378184 0.0896765265138 7.48795162811 0.161487952432 181.75 0.231481481481 -2.6875 4.4 1.0 1.0 2.5 0.0 0.0 
417 8.57644378184 0.0896765265138 7.48795162811 0.161487952432 181.75 0.231481481481 -2.6875 4.4 1.0 1.0 2.5 0.0 0.0 
417 8.57644378184 0.0896765265138 7.48795162811 0.161487952432 181.75 0.231481481481 -2.6875 4.4 1.0 1.0 2.5 0.0 0.0 
417 8.57644378184 0.0896765265138 7.48795162811 0.161487952432 181.75 0.231481481481 -2.6875 4.4 1.0 1.0 2.5 0.0 0.0 
417 8.57644378184 0.0896765265138 7.48795162811 0.161487952432 181.75 0.231481481481 -2.6875 4.4 1.0 1.0 2.5 0.0 0.0 
417 8.57644378184 0.0896765265138 7.48795162811 0.161487952432 181.75 0.231481481481 -2.6875 4.4 1.0 1.0 2.5 0.0 0.0 
417 8.57644378184 0.0896765265138 7.48795162811 0.161487952432 181.75 0.231481481481 -2.6875 4.4 1.0 1.0 2.5 0.0 0.0 
417 8.57644378184 0.0896765265138 7.48795162811 0.161487952432 181.75 0.231481481481 -2.6875 4.4 1.0 1.0 2.5 0.0 0.0 
417 8.57644378184 0.0896765265138 7.48795162811 0.161487952432 181.74000001 0.231481481481 -2.6875 4.4 1.0 1.0 2.5 0.0 0.0 
417 8.57644378184 0.0896765265138 7.48795162811 0.161487952432 181.74000001 0.231481481481 -2.6875 4.4 1.0 1.0 2.5 0.0 0.0 
417 8.57644378184 0.0896765265138 7.48795162811 0.161487952432 181.74000001 0.231481481481 -2.6875 4.4 1.0 1.0 2.5 0.0 0.0 
417 8.57644378184 0.0896765265138 7.48795162811 0.161487952432 181.74000001 0.231481481481 -2.6875 4.4 1.0 1.0 2.5 0.0 0.0 
417 8.57644378184 0.0896765265138 7.48795162811 0.161487952432 181.74000001 0.231481481481 -2.6875 4.4 1.0 1.0 2.5 0.0 0.0 
417 8.57644378184 0.0896765265138 7.48795162811 0.161487952432 181.74000001 0.231481481481 -2.6875 4.4 1.0 1.0 2.5 0.0 0.0 
417 8.57644378184 0.0896765265138 7.48795162811 0.161487952432 181.730000019 0.231481481481 -2.6875 4.4 1.0 1.0 2.5 0.0 0.0 
417 8.57644378184 0.0896765265138 7.48795162811 0.161487952432 181.730000019 0.231481481481 -2.6875 4.4 1.0 1.0 2.5 0.0 0.0 
417 8.57644378184 0.0896765265138 7.48795162811 0.161487952432 181.730000019 0.231481481481 -2.6875 4.4 1.0 1.0 2.5 0.0 0.0 
417 8.57644378184 0.0896765265138 7.48795162811 0.161487952432 181.730000019 0.231481481481 -2.6875 4.4 1.0 1.0 2.5 0.0 0.0 
417 8.57644378184 0.0896765265138 7.48795162811 0.161487952432 181.730000019 0.231481481481 -2.6875 4.4 1.0 1.0 2.5 0.0 0.0 
417 8.57644378184 0.0896765265138 7.48795162811 0.161487952432 181.730000019 0.231481481481 -2.6875 4.4 1.0 1.0 2.5 0.0 0.0 
417 8.57644378184 0.0896765265138 7.48795162811 0.161487952432 181.730000019 0.231481481481 -2.6875 4.4 1.0 1.0 2.5 0.0 0.0 
417 8.57178737727 0.0895358873773 7.48795162811 0.161487952432 181.720000029 0.231481481481 -2.6875 4.4 1.0 1.0 2.5 0.0 0.0 
417 8.57178737727 0.0895358873773 7.48795162811 0.161487952432 181.720000029 0.231481481481 -2.6875 4.4 1.0 1.0 2.5 0.0 0.0 
417 8.57178737727 0.0895358873773 7.48795162811 0.161487952432 181.720000029 0.231481481481 -2.6875 4.4 1.0 1.0 2.5 0.0 0.0 
417 8.54850523203 0.0888367551812 7.48795162811 0.161487952432 182.160000086 0.231481481481 -2.6875 4.4 1.0 1.0 2.5 0.0 0.0 
417 8.54850523203 0.0888367551812 7.48795162811 0.161487952432 182.160000086 0.231481481481 -2.6875 4.4 1.0 1.0 2.5 0.0 0.0 
417 8.54850523203 0.0888367551812 7.48795162811 0.161487952432 182.160000086 0.231481481481 -2.6875 4.4 1.0 1.0 2.5 0.0 0.0 
417 8.52615928234 0.0880352665917 7.48795162811 0.161487952432 183.279999971 0.231481481481 -2.6875 4.4 1.0 1.0 2.5 0.0 0.0 
417 8.52615928234 0.0880352665917 7.48795162811 0.161487952432 183.279999971 0.231481481481 -2.6875 4.4 1.0 1.0 2.5 0.0 0.0 
417 8.52615928234 0.0880352665917 7.48795162811 0.161487952432 183.279999971 0.231481481481 -2.6875 4.4 1.0 1.0 2.5 0.0 0.0 
417 8.52522910302 0.0879819585567 7.48795162811 0.161487952432 183.579999924 0.231481481481 -2.6875 4.4 1.0 1.0 2.5 0.0 0.0 
418 8.52522910302 0.0879819585567 7.48795162811 0.161487952432 183.579999924 0.184277409203 4.625 4.4 1.0 1.0 2.5 0.0 0.0 
419 8.52522910302 0.0879819585567 7.48795162811 0.161487952432 183.579999924 0.184719538962 4.625 4.4 1.0 1.0 2.5 0.0 0.0 
419 8.52708894831 0.0880971778203 7.48795162811 0.161487952432 183.529999971 0.184719538962 4.625 4.4 1.0 1.0 2.5 0.0 0.0 
419 8.52708894831 0.0880971778203 7.48795162811 0.161487952432 183.529999971 0.184719538962 4.625 4.4 1.0 1.0 2.5 0.0 0.0 
419 8.52708894831 0.0880971778203 7.48795162811 0.161487952432 183.529999971 0.184719538962 4.625 4.4 1.0 1.0 2.5 0.0 0.0 
419 8.52708894831 0.0880971778203 7.48795162811 0.161487952432 183.559999943 0.184719538962 4.625 4.4 1.0 1.0 2.5 0.0 0.0 
419 8.52708894831 0.0880971778203 7.48795162811 0.161487952432 183.559999943 0.184719538962 4.625 4.4 1.0 1.0 2.5 0.0 0.0 
419 8.52708894831 0.0880971778203 7.48795162811 0.161487952432 183.559999943 0.184719538962 4.625 4.4 1.0 1.0 2.5 0.0 0.0 
419 8.52708894831 0.0880971778203 7.48795162811 0.161487952432 183.559999943 0.184719538962 4.625 4.4 1.0 1.0 2.5 0.0 0.0 
419 8.52708894831 0.0880971778203 7.48795162811 0.161487952432 183.559999943 0.184719538962 4.625 4.4 1.0 1.0 2.5 0.0 0.0 
419 8.52708894831 0.0880971778203 7.48795162811 0.161487952432 183.559999943 0.184719538962 4.625 4.4 1.0 1.0 2.5 0.0 0.0 
419 8.52708894831 0.0880971778203 7.48795162811 0.161487952432 183.559999943 0.184719538962 4.625 4.4 1.0 1.0 2.5 0.0 0.0 
419 8.52708894831 0.0880971778203 7.48795162811 0.161487952432 183.559999943 0.184719538962 4.625 4.4 1.0 1.0 2.5 0.0 0.0 
419 8.52708894831 0.0880971778203 7.48795162811 0.161487952432 183.559999943 0.184719538962 4.625 4.4 1.0 1.0 2.5 0.0 0.0 
419 8.52708894831 0.0880971778203 7.48795162811 0.161487952432 183.559999943 0.184719538962 4.625 4.4 1.0 1.0 2.5 0.0 0.0 
419 8.52708894831 0.0880971778203 7.48795162811 0.161487952432 183.559999943 0.184719538962 4.625 4.4 1.0 1.0 2.5 0.0 0.0 
419 8.52708894831 0.0880971778203 7.48795162811 0.161487952432 183.559999943 0.184719538962 4.625 4.4 1.0 1.0 2.5 0.0 0.0 
419 8.52708894831 0.0880971778203 7.48795162811 0.161487952432 183.559999943 0.184719538962 4.625 4.4 1.0 1.0 2.5 0.0 0.0 
419 8.52708894831 0.0880971778203 7.48795162811 0.161487952432 183.559999943 0.184719538962 4.625 4.4 1.0 1.0 2.5 0.0 0.0 
419 8.52708894831 0.0880971778203 7.48795162811 0.161487952432 183.559999943 0.184719538962 4.625 4.4 1.0 1.0 2.5 0.0 0.0 
419 8.52708894831 0.0880971778203 7.48795162811 0.161487952432 183.559999943 0.184719538962 4.625 4.4 1.0 1.0 2.5 0.0 0.0 
420 8.52708894831 0.0880971778203 7.48795162811 0.161487952432 183.559999943 0.186333822257 4.65625 4.4 1.0 1.0 2.5 0.0 0.0 
421 8.52708894831 0.0880971778203 7.48795162811 0.161487952432 183.559999943 0.186780529578 4.65625 4.4 1.0 1.0 2.5 0.0 0.0 
421 8.52708894831 0.0880971778203 7.48795162811 0.161487952432 183.559999943 0.186780529578 4.65625 4.4 1.0 1.0 2.5 0.0 0.0 
422 8.52708894831 0.0880971778203 7.48795162811 0.161487952432 183.559999943 0.184277409203 4.625 4.4 1.0 1.0 2.5 0.0 0.0 
423 8.52708894831 0.0880971778203 7.48795162811 0.161487952432 183.559999943 0.184192363089 4.625 4.4 1.0 1.0 2.5 0.0 0.0 
424 8.52708894831 0.0880971778203 7.48795162811 0.161487952432 183.559999943 0.184192363089 4.625 4.4 1.0 1.0 2.5 0.0 0.0 
425 8.52708894831 0.0880971778203 7.48795162811 0.161487952432 183.559999943 0.184724581467 4.65625 4.4 1.0 1.0 2.5 0.0 0.0 
425 8.52708894831 0.0880971778203 7.48795162811 0.161487952432 183.569999933 0.184724581467 4.65625 4.4 1.0 1.0 2.5 0.0 0.0 
425 8.52708894831 0.0880971778203 7.48795162811 0.161487952432 183.569999933 0.184724581467 4.65625 4.4 1.0 1.0 2.5 0.0 0.0 
425 8.52708894831 0.0880971778203 7.48795162811 0.161487952432 183.569999933 0.184724581467 4.65625 4.4 1.0 1.0 2.5 0.0 0.0 
425 8.52708894831 0.0880971778203 7.48795162811 0.161487952432 183.569999933 0.184724581467 4.65625 4.4 1.0 1.0 2.5 0.0 0.0 
425 8.52708894831 0.0880971778203 7.48795162811 0.161487952432 183.569999933 0.184724581467 4.65625 4.4 1.0 1.0 2.5 0.0 0.0 
425 8.52708894831 0.0880971778203 7.48795162811 0.161487952432 183.569999933 0.184724581467 4.65625 4.4 1.0 1.0 2.5 0.0 0.0 
425 8.52708894831 0.0880971778203 7.48795162811 0.161487952432 183.569999933 0.184724581467 4.65625 4.4 1.0 1.0 2.5 0.0 0.0 
427 8.52708894831 0.0880971778203 7.48795162811 0.161487952432 183.569999933 0.184192363089 4.625 4.4 1.0 1.0 2.5 0.0 0.0 
427 8.52708894831 0.0880971778203 7.48795162811 0.161487952432 183.569999933 0.184192363089 4.625 4.4 1.0 1.0 2.5 0.0 0.0 
428 8.52522915313 0.0879811470363 7.48795162811 0.161487952432 183.569999933 0.184192363089 4.625 4.4 1.0 1.0 2.5 0.0 0.0 
429 8.52522915313 0.0879811470363 7.48795162811 0.161487952432 183.559999943 0.184192363089 4.625 4.4 1.0 1.0 2.5 0.0 0.0 
430 8.52522915313 0.0879811470363 7.48795162811 0.161487952432 183.559999943 0.186691972197 4.65625 4.4 1.0 1.0 2.5 0.0 0.0 
431 8.52522915313 0.0879811470363 7.48795162811 0.161487952432 183.559999943 0.184724581467 4.65625 4.4 1.0 1.0 2.5 0.0 0.0 
431 8.52801885601 0.0881550309139 7.48795162811 0.161487952432 183.599999905 0.184724581467 4.65625 4.4 1.0 1.0 2.5 0.0 0.0 
432 8.52801885601 0.0881550309139 7.48795162811 0.161487952432 183.599999905 0.184724581467 4.65625 4.4 1.0 1.0 2.5 0.0 0.0 
432 8.52801885601 0.0881550309139 7.48795162811 0.161487952432 183.599999905 0.184724581467 4.65625 4.4 1.0 1.0 2.5 0.0 0.0 
432 8.52708898893 0.0880965286371 7.48795162811 0.161487952432 183.589999914 0.184724581467 4.65625 4.4 1.0 1.0 2.5 0.0 0.0 
432 8.52708898893 0.0880965286371 7.48795162811 0.161487952432 183.589999914 0.184724581467 4.65625 4.4 1.0 1.0 2.5 0.0 0.0 
432 8.52708898893 0.0880965286371 7.48795162811 0.161487952432 183.589999914 0.184724581467 4.65625 4.4 1.0 1.0 2.5 0.0 0.0 
433 8.52615911164 0.0880381886534 7.48795162811 0.161487952432 183.579999924 0.1831907443 4.609375 4.4 1.0 1.0 2.5 0.0 0.0 
433 8.52615911164 0.0880381886534 7.48795162811 0.161487952432 183.579999924 0.1831907443 4.609375 4.4 1.0 1.0 2.5 0.0 0.0 
434 8.52615911164 0.0880381886534 7.48795162811 0.161487952432 183.579999924 0.187593820371 4.640625 4.4 1.0 1.0 2.5 0.0 0.0 
434 8.52336943915 0.0878638178839 7.48795162811 0.161487952432 183.519999981 0.187593820371 4.640625 4.4 1.0 1.0 2.5 0.0 0.0 
434 8.52336943915 0.0878638178839 7.48795162811 0.161487952432 183.519999981 0.187593820371 4.640625 4.4 1.0 1.0 2.5 0.0 0.0 
435 8.52336943915 0.0878638178839 7.48795162811 0.161487952432 183.519999981 0.186245898445 4.65625 4.4 1.0 1.0 2.5 0.0 0.0 
435 8.52243952136 0.0878061270905 7.48795162811 0.161487952432 183.49000001 0.186245898445 4.65625 4.4 1.0 1.0 2.5 0.0 0.0 
436 8.52243952136 0.0878061270905 7.48795162811 0.161487952432 183.49000001 0.186691972197 4.65625 4.4 1.0 1.0 2.5 0.0 0.0 
436 8.52243952136 0.0878061270905 7.48795162811 0.161487952432 183.49000001 0.186691972197 4.65625 4.4 1.0 1.0 2.5 0.0 0.0 
436 8.51964960815 0.0876356516054 7.48795162811 0.161487952432 183.49000001 0.186691972197 4.65625 4.4 1.0 1.0 2.5 0.0 0.0 
436 8.51964960815 0.0876356516054 7.48795162811 0.161487952432 183.410000086 0.186691972197 4.65625 4.4 1.0 1.0 2.5 0.0 0.0 
436 8.51964960815 0.0876356516054 7.48795162811 0.161487952432 183.410000086 0.186691972197 4.65625 4.4 1.0 1.0 2.5 0.0 0.0 
436 8.51964960815 0.0876356516054 7.48795162811 0.161487952432 183.410000086 0.186691972197 4.65625 4.4 1.0 1.0 2.5 0.0 0.0 
436 8.51313936247 0.0872452879363 7.48795162811 0.161487952432 183.329999924 0.186691972197 4.65625 4.4 1.0 1.0 2.5 0.0 0.0 
436 8.51313936247 0.0872452879363 7.48795162811 0.161487952432 183.329999924 0.186691972197 4.65625 4.4 1.0 1.0 2.5 0.0 0.0 
436 8.51313936247 0.0872452879363 7.48795162811 0.161487952432 183.329999924 0.186691972197 4.65625 4.4 1.0 1.0 2.5 0.0 0.0 
436 8.50569841692 0.086810381926 7.48795162811 0.161487952432 183.25 0.186691972197 4.65625 4.4 1.0 1.0 2.5 0.0 0.0 
436 8.50569841692 0.086810381926 7.48795162811 0.161487952432 183.25 0.186691972197 4.65625 4.4 1.0 1.0 2.5 0.0 0.0 
436 8.50569841692 0.086810381926 7.48795162811 0.161487952432 183.25 0.186691972197 4.65625 4.4 1.0 1.0 2.5 0.0 0.0 
436 8.49267581426 0.0860656929544 7.48795162811 0.161487952432 183.029999971 0.186691972197 4.65625 4.4 1.0 1.0 2.5 0.0 0.0 
436 8.49267581426 0.0860656929544 7.48795162811 0.161487952432 183.029999971 0.186691972197 4.65625 4.4 1.0 1.0 2.5 0.0 0.0 
436 8.49267581426 0.0860656929544 7.48795162811 0.161487952432 183.029999971 0.186691972197 4.65625 4.4 1.0 1.0 2.5 0.0 0.0 
436 8.49267581426 0.0860656929544 7.48795162811 0.161487952432 182.930000067 0.186691972197 4.65625 4.4 1.0 1.0 2.5 0.0 0.0 
436 8.49267581426 0.0860656929544 7.48795162811 0.161487952432 182.930000067 0.186691972197 4.65625 4.4 1.0 1.0 2.5 0.0 0.0 
436 8.49267581426 0.0860656929544 7.48795162811 0.161487952432 182.930000067 0.186691972197 4.65625 4.4 1.0 1.0 2.5 0.0 0.0 
436 8.49174542572 0.0860161191778 7.48795162811 0.161487952432 182.890000105 0.186691972197 4.65625 4.4 1.0 1.0 2.5 0.0 0.0 
437 8.49174542572 0.0860161191778 7.48795162811 0.161487952432 182.890000105 0.183048284694 4.8125 4.4 1.0 1.0 2.5 0.0 0.0 
438 8.49174542572 0.0860161191778 7.48795162811 0.161487952432 182.890000105 0.182544980974 4.8125 4.4 1.0 1.0 2.5 0.0 0.0 
438 8.49918959073 0.0863919217481 7.48795162811 0.161487952432 181.899999976 0.182544980974 4.8125 4.4 1.0 1.0 2.5 0.0 0.0 
438 8.49918959073 0.0863919217481 7.48795162811 0.161487952432 181.899999976 0.182544980974 4.8125 4.4 1.0 1.0 2.5 0.0 0.0 
438 8.49918959073 0.0863919217481 7.48795162811 0.161487952432 181.899999976 0.182544980974 4.8125 4.4 1.0 1.0 2.5 0.0 0.0 
438 8.49918959073 0.0863919217481 7.48795162811 0.161487952432 181.899999976 0.182544980974 4.8125 4.4 1.0 1.0 2.5 0.0 0.0 
438 8.49453325647 0.0862470545274 7.48795162811 0.161487952432 181.120000005 0.182544980974 4.8125 4.4 1.0 1.0 2.5 0.0 0.0 
438 8.49453325647 0.0862470545274 7.48795162811 0.161487952432 181.120000005 0.182544980974 4.8125 4.4 1.0 1.0 2.5 0.0 0.0 
438 8.49453325647 0.0862470545274 7.48795162811 0.161487952432 181.120000005 0.182544980974 4.8125 4.4 1.0 1.0 2.5 0.0 0.0 
438 8.47869686395 0.0859613589037 7.48795162811 0.161487952432 180.910000026 0.182544980974 4.8125 4.4 1.0 1.0 2.5 0.0 0.0 
438 8.47869686395 0.0859613589037 7.48795162811 0.161487952432 180.910000026 0.182544980974 4.8125 4.4 1.0 1.0 2.5 0.0 0.0 
438 8.47869686395 0.0859613589037 7.48795162811 0.161487952432 180.910000026 0.182544980974 4.8125 4.4 1.0 1.0 2.5 0.0 0.0 
438 8.46379093693 0.0857636275982 7.48795162811 0.161487952432 180.25 0.182544980974 4.8125 4.4 1.0 1.0 2.5 0.0 0.0 
438 8.46379093693 0.0857636275982 7.48795162811 0.161487952432 180.25 0.182544980974 4.8125 4.4 1.0 1.0 2.5 0.0 0.0 
438 8.46379093693 0.0857636275982 7.48795162811 0.161487952432 180.25 0.182544980974 4.8125 4.4 1.0 1.0 2.5 0.0 0.0 
438 8.4377033094 0.0857408618777 7.48795162811 0.161487952432 179.100000024 0.182544980974 4.8125 4.4 1.0 1.0 2.5 0.0 0.0 
438 8.4377033094 0.0857408618777 7.48795162811 0.161487952432 179.100000024 0.182544980974 4.8125 4.4 1.0 1.0 2.5 0.0 0.0 
438 8.4377033094 0.0857408618777 7.48795162811 0.161487952432 179.100000024 0.182544980974 4.8125 4.4 1.0 1.0 2.5 0.0 0.0 
438 8.40602801413 0.0861384385066 7.48795162811 0.161487952432 179.100000024 0.182544980974 4.8125 4.4 1.0 1.0 2.5 0.0 0.0 
438 8.40602801413 0.0861384385066 7.48795162811 0.161487952432 178.159999967 0.182544980974 4.8125 4.4 1.0 1.0 2.5 0.0 0.0 
438 8.40602801413 0.0861384385066 7.48795162811 0.161487952432 178.159999967 0.182544980974 4.8125 4.4 1.0 1.0 2.5 0.0 0.0 
438 8.40602801413 0.0861384385066 7.48795162811 0.161487952432 178.159999967 0.182544980974 4.8125 4.4 1.0 1.0 2.5 0.0 0.0 
438 8.36039324184 0.0874336303954 7.48795162811 0.161487952432 177.599999905 0.182544980974 4.8125 4.4 1.0 1.0 2.5 0.0 0.0 
438 8.36039324184 0.0874336303954 7.48795162811 0.161487952432 177.599999905 0.182544980974 4.8125 4.4 1.0 1.0 2.5 0.0 0.0 
439 8.36039324184 0.0874336303954 7.48795162811 0.161487952432 177.599999905 0.145329188836 -2.1875 4.4 1.0 1.0 2.5 0.0 0.0 
440 8.31478972397 0.0895568884021 7.48795162811 0.161487952432 175.619999886 0.148825343671 -1.9375 4.4 1.0 1.0 2.5 0.0 0.0 
440 8.31478972397 0.0895568884021 7.48795162811 0.161487952432 175.619999886 0.148825343671 -1.9375 4.4 1.0 1.0 2.5 0.0 0.0 
442 8.31478972397 0.0895568884021 7.48795162811 0.161487952432 175.619999886 0.147114829454 -1.75 4.4 1.0 1.0 2.5 0.0 0.0 
443 8.27761455262 0.092179250713 7.48795162811 0.161487952432 174.429999828 0.148883393024 -1.5 4.4 1.0 1.0 2.5 0.0 0.0 
444 8.27761455262 0.092179250713 7.48795162811 0.161487952432 174.429999828 0.152592283674 -1.09375 4.4 1.0 1.0 2.5 0.0 0.0 
444 8.27761455262 0.092179250713 7.48795162811 0.161487952432 174.429999828 0.152592283674 -1.09375 4.4 1.0 1.0 2.5 0.0 0.0 
445 8.23586678073 0.0960439089559 7.48795162811 0.161487952432 174.429999828 0.152592283674 -1.09375 4.4 1.0 1.0 2.5 0.0 0.0 
446 8.23586678073 0.0960439089559 7.48795162811 0.161487952432 173.670000076 0.154692782003 -0.90625 4.4 1.0 1.0 2.5 0.0 0.0 
446 8.23586678073 0.0960439089559 7.48795162811 0.161487952432 173.670000076 0.154692782003 -0.90625 4.4 1.0 1.0 2.5 0.0 0.0 
446 8.19140526105 0.100860890195 7.48795162811 0.161487952432 173.670000076 0.154692782003 -0.90625 4.4 1.0 1.0 2.5 0.0 0.0 
446 8.19140526105 0.100860890195 7.48795162811 0.161487952432 173.429999828 0.154692782003 -0.90625 4.4 1.0 1.0 2.5 0.0 0.0 
446 8.19140526105 0.100860890195 7.48795162811 0.161487952432 173.429999828 0.154692782003 -0.90625 4.4 1.0 1.0 2.5 0.0 0.0 
446 8.19140526105 0.100860890195 7.48795162811 0.161487952432 173.429999828 0.154692782003 -0.90625 4.4 1.0 1.0 2.5 0.0 0.0 
446 8.13679241082 0.107122354714 7.48795162811 0.161487952432 173.579999924 0.154692782003 -0.90625 4.4 1.0 1.0 2.5 0.0 0.0 
447 8.13679241082 0.107122354714 7.48795162811 0.161487952432 173.579999924 0.169844168129 -0.34375 4.4 1.0 1.0 2.5 0.0 0.0 
448 8.13679241082 0.107122354714 7.48795162811 0.161487952432 173.579999924 0.169515875905 -0.375 4.4 1.0 1.0 2.5 0.0 0.0 
