# visionSample, x, y, visX, visY, angle, rawDist, rawAngle, distM, distC, angleC, angleM, distRSquared, angleRSquared
1278 8.42491373647 -0.00227583926565 7.0778712075 0.254121883783 172.079999924 0.159491458823 -1.84375 9.0 1.0 1.0 2.5 0.0 0.0 
1278 8.48216652489 -0.00995699003163 7.0778712075 0.254121883783 171.109999657 0.159491458823 -1.84375 9.0 1.0 1.0 2.5 0.0 0.0 
1278 8.60738718097 -0.029291651888 7.0778712075 0.254121883783 169.81000042 0.159491458823 -1.84375 9.0 1.0 1.0 2.5 0.0 0.0 
1278 8.53307736925 -0.0161262483121 7.0778712075 0.254121883783 170.180000305 0.159491458823 -1.84375 9.0 1.0 1.0 2.5 0.0 0.0 
1278 8.40820827201 0.0054055901162 7.0778712075 0.254121883783 170.399999619 0.159491458823 -1.84375 9.0 1.0 1.0 2.5 0.0 0.0 
1278 8.23264147211 0.0344652108809 7.0778712075 0.254121883783 170.75 0.159491458823 -1.84375 9.0 1.0 1.0 2.5 0.0 0.0 
1278 7.23450074195 0.220213157674 7.0778712075 0.254121883783 165.340000153 0.159491458823 -1.84375 9.0 1.0 1.0 2.5 0.0 0.0 
1278 6.78187994763 0.348398925292 7.0778712075 0.254121883783 157.719999313 0.159491458823 -1.84375 9.0 1.0 1.0 2.5 0.0 0.0 
1278 5.76168862944 0.805280981386 7.0778712075 0.254121883783 143.619998932 0.159491458823 -1.84375 9.0 1.0 1.0 2.5 0.0 0.0 
1278 4.35316040902 2.13262457024 7.0778712075 0.254121883783 115.470001221 0.159491458823 -1.84375 9.0 1.0 1.0 2.5 0.0 0.0 
1278 3.75269770315 3.39855333075 7.0778712075 0.254121883783 98.9000015259 0.159491458823 -1.84375 9.0 1.0 1.0 2.5 0.0 0.0 
1278 3.6819977767 4.82371194388 7.0778712075 0.254121883783 74.75 0.159491458823 -1.84375 9.0 1.0 1.0 2.5 0.0 0.0 
1278 4.32116164413 6.18395122372 7.0778712075 0.254121883783 48.9199981689 0.159491458823 -1.84375 9.0 1.0 1.0 2.5 0.0 0.0 
1278 5.51814404353 7.19360268382 7.0778712075 0.254121883783 23.3800048828 0.159491458823 -1.84375 9.0 1.0 1.0 2.5 0.0 0.0 
1278 7.7545665648 8.03319616941 7.0778712075 0.254121883783 14.6900024414 0.159491458823 -1.84375 9.0 1.0 1.0 2.5 0.0 0.0 
1278 10.4069993036 8.44192769847 7.0778712075 0.254121883783 358.679992676 0.159491458823 -1.84375 9.0 1.0 1.0 2.5 0.0 0.0 
1278 13.1691934442 8.31604127839 7.0778712075 0.254121883783 357.789993286 0.159491458823 -1.84375 9.0 1.0 1.0 2.5 0.0 0.0 
1278 16.1717436216 8.2479000524 7.0778712075 0.254121883783 0.580001831055 0.159491458823 -1.84375 9.0 1.0 1.0 2.5 0.0 0.0 
1278 17.2104848696 8.26249157034 7.0778712075 0.254121883783 1.42999267578 0.159491458823 -1.84375 9.0 1.0 1.0 2.5 0.0 0.0 
1278 19.3520108158 8.33818389758 7.0778712075 0.254121883783 2.94999694824 0.159491458823 -1.84375 9.0 1.0 1.0 2.5 0.0 0.0 
1278 22.5127841023 8.55769839414 7.0778712075 0.254121883783 7.11000061035 0.159491458823 -1.84375 9.0 1.0 1.0 2.5 0.0 0.0 
1278 23.5252550789 8.70296643625 7.0778712075 0.254121883783 14.8000030518 0.159491458823 -1.84375 9.0 1.0 1.0 2.5 0.0 0.0 
1278 25.4455241223 9.26902521634 7.0778712075 0.254121883783 25.4100036621 0.159491458823 -1.84375 9.0 1.0 1.0 2.5 0.0 0.0 
1278 27.170797077 10.0920253259 7.0778712075 0.254121883783 24.9900054932 0.159491458823 -1.84375 9.0 1.0 1.0 2.5 0.0 0.0 
1278 28.8863406589 10.8521648134 7.0778712075 0.254121883783 15.5399932861 0.159491458823 -1.84375 9.0 1.0 1.0 2.5 0.0 0.0 
1278 29.8424391202 11.1462079795 7.0778712075 0.254121883783 8.91999816895 0.159491458823 -1.84375 9.0 1.0 1.0 2.5 0.0 0.0 
1278 31.8481680877 11.4090829194 7.0778712075 0.254121883783 357.619995117 0.159491458823 -1.84375 9.0 1.0 1.0 2.5 0.0 0.0 
1278 33.9288233691 11.2611644292 7.0778712075 0.254121883783 348.759994507 0.159491458823 -1.84375 9.0 1.0 1.0 2.5 0.0 0.0 
1278 35.9405844809 10.7831827567 7.0778712075 0.254121883783 343.979995728 0.159491458823 -1.84375 9.0 1.0 1.0 2.5 0.0 0.0 
1278 36.9139603347 10.4936923176 7.0778712075 0.254121883783 342.399993896 0.159491458823 -1.84375 9.0 1.0 1.0 2.5 0.0 0.0 
1278 38.8182696372 9.91962815964 7.0778712075 0.254121883783 348.630004883 0.159491458823 -1.84375 9.0 1.0 1.0 2.5 0.0 0.0 
1278 40.8413338393 9.5665469112 7.0778712075 0.254121883783 354.160003662 0.159491458823 -1.84375 9.0 1.0 1.0 2.5 0.0 0.0 
1278 41.874560607 9.52672483405 7.0778712075 0.254121883783 3.11999511719 0.159491458823 -1.84375 9.0 1.0 1.0 2.5 0.0 0.0 
1278 43.8415182656 9.6737453637 7.0778712075 0.254121883783 13.7899932861 0.159491458823 -1.84375 9.0 1.0 1.0 2.5 0.0 0.0 
1278 45.6195076716 10.1694835848 7.0778712075 0.254121883783 30.2899932861 0.159491458823 -1.84375 9.0 1.0 1.0 2.5 0.0 0.0 
1278 46.7605258515 10.8915247124 7.0778712075 0.254121883783 51.6799926758 0.159491458823 -1.84375 9.0 1.0 1.0 2.5 0.0 0.0 
1278 47.0924131941 11.2662874763 7.0778712075 0.254121883783 65.3399963379 0.159491458823 -1.84375 9.0 1.0 1.0 2.5 0.0 0.0 
1278 47.319447692 11.832571826 7.0778712075 0.254121883783 99.5500030518 0.159491458823 -1.84375 9.0 1.0 1.0 2.5 0.0 0.0 
1278 47.279527219 12.028444147 7.0778712075 0.254121883783 131.720001221 0.159491458823 -1.84375 9.0 1.0 1.0 2.5 0.0 0.0 
1278 47.3743156288 11.9390219879 7.0778712075 0.254121883783 156.620000839 0.159491458823 -1.84375 9.0 1.0 1.0 2.5 0.0 0.0 
1278 48.602617414 11.4399869521 7.0778712075 0.254121883783 170.649999619 0.159491458823 -1.84375 9.0 1.0 1.0 2.5 0.0 0.0 
1278 49.3971096933 11.3473187438 7.0778712075 0.254121883783 173.440000057 0.159491458823 -1.84375 9.0 1.0 1.0 2.5 0.0 0.0 
1278 50.6990111566 11.0512724762 7.0778712075 0.254121883783 153.600000381 0.159491458823 -1.84375 9.0 1.0 1.0 2.5 0.0 0.0 
1278 51.2267304281 10.7932308876 7.0778712075 0.254121883783 149.690000534 0.159491458823 -1.84375 9.0 1.0 1.0 2.5 0.0 0.0 
1278 51.0649332104 10.8721153583 7.0778712075 0.254121883783 155.209999084 0.159491458823 -1.84375 9.0 1.0 1.0 2.5 0.0 0.0 
1278 51.5560110423 10.6466170632 7.0778712075 0.254121883783 158.25 0.159491458823 -1.84375 9.0 1.0 1.0 2.5 0.0 0.0 
1278 52.1932134056 10.4108853732 7.0778712075 0.254121883783 167.119999886 0.159491458823 -1.84375 9.0 1.0 1.0 2.5 0.0 0.0 
1278 51.7688422821 10.4516470155 7.0778712075 0.254121883783 177.839999914 0.159491458823 -1.84375 9.0 1.0 1.0 2.5 0.0 0.0 
1278 52.1535187297 10.4503411268 7.0778712075 0.254121883783 183.769999981 0.159491458823 -1.84375 9.0 1.0 1.0 2.5 0.0 0.0 
1278 51.7480167358 10.3985835543 7.0778712075 0.254121883783 191.600000381 0.159491458823 -1.84375 9.0 1.0 1.0 2.5 0.0 0.0 
1278 51.4062658544 10.3259855663 7.0778712075 0.254121883783 194.5 0.159491458823 -1.84375 9.0 1.0 1.0 2.5 0.0 0.0 
1278 51.7595463574 10.4275881791 7.0778712075 0.254121883783 204.440000534 0.159491458823 -1.84375 9.0 1.0 1.0 2.5 0.0 0.0 
1278 52.2311360833 10.6735929643 7.0778712075 0.254121883783 223.150001526 0.159491458823 -1.84375 9.0 1.0 1.0 2.5 0.0 0.0 
1278 52.2455297492 10.6882531243 7.0778712075 0.254121883783 241.380001068 0.159491458823 -1.84375 9.0 1.0 1.0 2.5 0.0 0.0 
1278 52.3333932193 10.8837724844 7.0778712075 0.254121883783 256.209999084 0.159491458823 -1.84375 9.0 1.0 1.0 2.5 0.0 0.0 
1278 52.3733280617 11.0331614872 7.0778712075 0.254121883783 251.269996643 0.159491458823 -1.84375 9.0 1.0 1.0 2.5 0.0 0.0 
1278 52.3409911253 10.946809658 7.0778712075 0.254121883783 244.330001831 0.159491458823 -1.84375 9.0 1.0 1.0 2.5 0.0 0.0 
1278 52.361363165 10.9396512395 7.0778712075 0.254121883783 228.020000458 0.159491458823 -1.84375 9.0 1.0 1.0 2.5 0.0 0.0 
1278 52.6000470364 11.1985384658 7.0778712075 0.254121883783 227.400001526 0.159491458823 -1.84375 9.0 1.0 1.0 2.5 0.0 0.0 
1278 52.7209560018 11.3473691243 7.0778712075 0.254121883783 234.009998322 0.159491458823 -1.84375 9.0 1.0 1.0 2.5 0.0 0.0 
1278 52.7556554148 11.3969132663 7.0778712075 0.254121883783 242.61000061 0.159491458823 -1.84375 9.0 1.0 1.0 2.5 0.0 0.0 
1278 52.7603205403 11.4060386454 7.0778712075 0.254121883783 242.650001526 0.159491458823 -1.84375 9.0 1.0 1.0 2.5 0.0 0.0 
1278 52.7603205403 11.4060386454 7.0778712075 0.254121883783 242.63999939 0.159491458823 -1.84375 9.0 1.0 1.0 2.5 0.0 0.0 
1278 52.7603205403 11.4060386454 7.0778712075 0.254121883783 242.63999939 0.159491458823 -1.84375 9.0 1.0 1.0 2.5 0.0 0.0 
1278 52.7607487334 11.4068661271 7.0778712075 0.254121883783 242.630001068 0.159491458823 -1.84375 9.0 1.0 1.0 2.5 0.0 0.0 
1278 52.7607487334 11.4068661271 7.0778712075 0.254121883783 242.630001068 0.159491458823 -1.84375 9.0 1.0 1.0 2.5 0.0 0.0 
1278 52.7607487334 11.4068661271 7.0778712075 0.254121883783 242.619998932 0.159491458823 -1.84375 9.0 1.0 1.0 2.5 0.0 0.0 
1278 52.7616058417 11.4085207166 7.0778712075 0.254121883783 242.590000153 0.159491458823 -1.84375 9.0 1.0 1.0 2.5 0.0 0.0 
1278 52.7401420475 11.3671746953 7.0778712075 0.254121883783 241.900001526 0.159491458823 -1.84375 9.0 1.0 1.0 2.5 0.0 0.0 
1278 52.7235876259 11.3380026871 7.0778712075 0.254121883783 240.409999847 0.159491458823 -1.84375 9.0 1.0 1.0 2.5 0.0 0.0 
1278 52.68548543 11.2707094621 7.0778712075 0.254121883783 240.909999847 0.159491458823 -1.84375 9.0 1.0 1.0 2.5 0.0 0.0 
1278 52.461885204 10.7851007575 7.0778712075 0.254121883783 260.339996338 0.159491458823 -1.84375 9.0 1.0 1.0 2.5 0.0 0.0 
1278 52.4185911752 10.5820659426 7.0778712075 0.254121883783 270.419998169 0.159491458823 -1.84375 9.0 1.0 1.0 2.5 0.0 0.0 
1278 52.4185232079 10.264131949 7.0778712075 0.254121883783 275.769996643 0.159491458823 -1.84375 9.0 1.0 1.0 2.5 0.0 0.0 
1278 52.4140829208 10.3245240939 7.0778712075 0.254121883783 268.089996338 0.159491458823 -1.84375 9.0 1.0 1.0 2.5 0.0 0.0 
1278 52.4261290165 10.5341466409 7.0778712075 0.254121883783 250.129997253 0.159491458823 -1.84375 9.0 1.0 1.0 2.5 0.0 0.0 
1278 52.4278807216 10.5445796571 7.0778712075 0.254121883783 241.979999542 0.159491458823 -1.84375 9.0 1.0 1.0 2.5 0.0 0.0 
1278 52.3913547744 10.4743139509 7.0778712075 0.254121883783 244.529998779 0.159491458823 -1.84375 9.0 1.0 1.0 2.5 0.0 0.0 
1278 52.2974479099 10.242234525 7.0778712075 0.254121883783 255.430000305 0.159491458823 -1.84375 9.0 1.0 1.0 2.5 0.0 0.0 
1278 52.303140382 10.2866439924 7.0778712075 0.254121883783 261.980003357 0.159491458823 -1.84375 9.0 1.0 1.0 2.5 0.0 0.0 
1278 52.3631430946 10.578332148 7.0778712075 0.254121883783 250.760002136 0.159491458823 -1.84375 9.0 1.0 1.0 2.5 0.0 0.0 
1278 52.3922354413 10.6518838148 7.0778712075 0.254121883783 239.009998322 0.159491458823 -1.84375 9.0 1.0 1.0 2.5 0.0 0.0 
1278 52.3686783695 10.6127774021 7.0778712075 0.254121883783 239.659999847 0.159491458823 -1.84375 9.0 1.0 1.0 2.5 0.0 0.0 
1278 52.1387144507 10.2035040101 7.0778712075 0.254121883783 242.479999542 0.159491458823 -1.84375 9.0 1.0 1.0 2.5 0.0 0.0 
1278 51.8828619906 9.72335382755 7.0778712075 0.254121883783 236.580001831 0.159491458823 -1.84375 9.0 1.0 1.0 2.5 0.0 0.0 
1278 51.6150631209 9.38424483164 7.0778712075 0.254121883783 216.849998474 0.159491458823 -1.84375 9.0 1.0 1.0 2.5 0.0 0.0 
1278 50.9118711879 9.0237997684 7.0778712075 0.254121883783 194.659999847 0.159491458823 -1.84375 9.0 1.0 1.0 2.5 0.0 0.0 
1278 49.7114313098 8.85672406147 7.0778712075 0.254121883783 178.360000014 0.159491458823 -1.84375 9.0 1.0 1.0 2.5 0.0 0.0 
1278 47.7887076295 9.02166989357 7.0778712075 0.254121883783 175.489999771 0.159491458823 -1.84375 9.0 1.0 1.0 2.5 0.0 0.0 
1278 46.2801336846 9.07115139302 7.0778712075 0.254121883783 182.720000029 0.159491458823 -1.84375 9.0 1.0 1.0 2.5 0.0 0.0 
1278 44.6772956491 8.92764062359 7.0778712075 0.254121883783 188.149999619 0.159491458823 -1.84375 9.0 1.0 1.0 2.5 0.0 0.0 
1278 42.9697475015 8.68604830707 7.0778712075 0.254121883783 186.480000019 0.159491458823 -1.84375 9.0 1.0 1.0 2.5 0.0 0.0 
1278 41.0968269506 8.50399148985 7.0778712075 0.254121883783 181.970000029 0.159491458823 -1.84375 9.0 1.0 1.0 2.5 0.0 0.0 
1278 39.2018165142 8.45236649885 7.0778712075 0.254121883783 180.200000003 0.159491458823 -1.84375 9.0 1.0 1.0 2.5 0.0 0.0 
1278 38.1956055315 8.44528316454 7.0778712075 0.254121883783 181.360000014 0.159491458823 -1.84375 9.0 1.0 1.0 2.5 0.0 0.0 
1278 35.1658305676 8.21864169026 7.0778712075 0.254121883783 188.43999958 0.159491458823 -1.84375 9.0 1.0 1.0 2.5 0.0 0.0 
1278 33.0906118953 7.84382014561 7.0778712075 0.254121883783 193.340000153 0.159491458823 -1.84375 9.0 1.0 1.0 2.5 0.0 0.0 
1278 31.0194195897 7.27864552651 7.0778712075 0.254121883783 198.469999313 0.159491458823 -1.84375 9.0 1.0 1.0 2.5 0.0 0.0 
1278 27.9313758294 6.06572798553 7.0778712075 0.254121883783 205.209999084 0.159491458823 -1.84375 9.0 1.0 1.0 2.5 0.0 0.0 
1278 25.9559522939 5.07367142216 7.0778712075 0.254121883783 209.159999847 0.159491458823 -1.84375 9.0 1.0 1.0 2.5 0.0 0.0 
1278 24.0439137069 3.91077408201 7.0778712075 0.254121883783 215.63999939 0.159491458823 -1.84375 9.0 1.0 1.0 2.5 0.0 0.0 
1278 22.2754199694 2.51999313074 7.0778712075 0.254121883783 221.900001526 0.159491458823 -1.84375 9.0 1.0 1.0 2.5 0.0 0.0 
1278 19.8061180209 0.134796554664 7.0778712075 0.254121883783 227.880001068 0.159491458823 -1.84375 9.0 1.0 1.0 2.5 0.0 0.0 
1278 18.2710447098 -1.60455411593 7.0778712075 0.254121883783 229.470001221 0.159491458823 -1.84375 9.0 1.0 1.0 2.5 0.0 0.0 
1278 16.1367347983 -4.10067374558 7.0778712075 0.254121883783 227.36000061 0.159491458823 -1.84375 9.0 1.0 1.0 2.5 0.0 0.0 
1278 15.3820243138 -4.89349725292 7.0778712075 0.254121883783 223.279998779 0.159491458823 -1.84375 9.0 1.0 1.0 2.5 0.0 0.0 
1278 13.8044653926 -6.19817402909 7.0778712075 0.254121883783 208.370000839 0.159491458823 -1.84375 9.0 1.0 1.0 2.5 0.0 0.0 
1278 12.0184375337 -7.07396836811 7.0778712075 0.254121883783 195.029999733 0.159491458823 -1.84375 9.0 1.0 1.0 2.5 0.0 0.0 
1278 10.0422248165 -7.34243251348 7.0778712075 0.254121883783 176.220000029 0.159491458823 -1.84375 9.0 1.0 1.0 2.5 0.0 0.0 
1278 8.19081444279 -7.04061651219 7.0778712075 0.254121883783 162.420000076 0.159491458823 -1.84375 9.0 1.0 1.0 2.5 0.0 0.0 
1278 7.31985319637 -6.77620933402 7.0778712075 0.254121883783 161.659999847 0.159491458823 -1.84375 9.0 1.0 1.0 2.5 0.0 0.0 
1278 6.64102566329 -6.55291090426 7.0778712075 0.254121883783 165.840000153 0.159491458823 -1.84375 9.0 1.0 1.0 2.5 0.0 0.0 
1278 6.68459311985 -6.5629052092 7.0778712075 0.254121883783 169.979999542 0.159491458823 -1.84375 9.0 1.0 1.0 2.5 0.0 0.0 
1278 6.67354138343 -6.56121010139 7.0778712075 0.254121883783 173.579999924 0.159491458823 -1.84375 9.0 1.0 1.0 2.5 0.0 0.0 
1278 6.82783788558 -6.56887445325 7.0778712075 0.254121883783 184.369999886 0.159491458823 -1.84375 9.0 1.0 1.0 2.5 0.0 0.0 
1278 7.08326486528 -6.51163128157 7.0778712075 0.254121883783 202.809999466 0.159491458823 -1.84375 9.0 1.0 1.0 2.5 0.0 0.0 
1278 7.63886062083 -6.16565802138 7.0778712075 0.254121883783 222.659999847 0.159491458823 -1.84375 9.0 1.0 1.0 2.5 0.0 0.0 
1278 8.08831770117 -5.65487319 7.0778712075 0.254121883783 236.740001678 0.159491458823 -1.84375 9.0 1.0 1.0 2.5 0.0 0.0 
1278 8.39012258197 -5.10951357825 7.0778712075 0.254121883783 249.88999939 0.159491458823 -1.84375 9.0 1.0 1.0 2.5 0.0 0.0 
1278 8.60503670568 -4.48445055086 7.0778712075 0.254121883783 256.959999084 0.159491458823 -1.84375 9.0 1.0 1.0 2.5 0.0 0.0 
1278 8.7114120824 -4.00999881705 7.0778712075 0.254121883783 258.849998474 0.159491458823 -1.84375 9.0 1.0 1.0 2.5 0.0 0.0 
1278 8.78385550228 -3.70951164189 7.0778712075 0.254121883783 251.379997253 0.159491458823 -1.84375 9.0 1.0 1.0 2.5 0.0 0.0 
1278 8.81449639928 -3.61856909704 7.0778712075 0.254121883783 249.349998474 0.159491458823 -1.84375 9.0 1.0 1.0 2.5 0.0 0.0 
1278 8.98903000584 -3.22132358437 7.0778712075 0.254121883783 242.709999084 0.159491458823 -1.84375 9.0 1.0 1.0 2.5 0.0 0.0 
1278 9.21891278519 -2.80339041759 7.0778712075 0.254121883783 239.450000763 0.159491458823 -1.84375 9.0 1.0 1.0 2.5 0.0 0.0 
1278 9.40070638838 -2.49741860633 7.0778712075 0.254121883783 237.939998627 0.159491458823 -1.84375 9.0 1.0 1.0 2.5 0.0 0.0 
1278 9.36483336088 -2.55076277114 7.0778712075 0.254121883783 234.740001678 0.159491458823 -1.84375 9.0 1.0 1.0 2.5 0.0 0.0 
1278 9.42555556405 -2.46589800894 7.0778712075 0.254121883783 235.159999847 0.159491458823 -1.84375 9.0 1.0 1.0 2.5 0.0 0.0 
1278 9.44164342077 -2.44304095728 7.0778712075 0.254121883783 235.380001068 0.159491458823 -1.84375 9.0 1.0 1.0 2.5 0.0 0.0 
1278 9.53456395814 -2.30792915813 7.0778712075 0.254121883783 235.88999939 0.159491458823 -1.84375 9.0 1.0 1.0 2.5 0.0 0.0 
1278 9.59212242177 -2.22200986523 7.0778712075 0.254121883783 237.709999084 0.159491458823 -1.84375 9.0 1.0 1.0 2.5 0.0 0.0 
1278 9.60097432854 -2.20776560293 7.0778712075 0.254121883783 237.970001221 0.159491458823 -1.84375 9.0 1.0 1.0 2.5 0.0 0.0 
1278 9.60097432854 -2.20776560293 7.0778712075 0.254121883783 237.759998322 0.159491458823 -1.84375 9.0 1.0 1.0 2.5 0.0 0.0 
1278 9.60097432854 -2.20776560293 7.0778712075 0.254121883783 237.740001678 0.159491458823 -1.84375 9.0 1.0 1.0 2.5 0.0 0.0 
1278 9.60097432854 -2.20776560293 7.0778712075 0.254121883783 237.75 0.159491458823 -1.84375 9.0 1.0 1.0 2.5 0.0 0.0 
1278 9.60097432854 -2.20776560293 7.0778712075 0.254121883783 237.75 0.159491458823 -1.84375 9.0 1.0 1.0 2.5 0.0 0.0 
1278 9.60097432854 -2.20776560293 7.0778712075 0.254121883783 237.75 0.159491458823 -1.84375 9.0 1.0 1.0 2.5 0.0 0.0 
1278 9.60097432854 -2.20776560293 7.0778712075 0.254121883783 237.740001678 0.159491458823 -1.84375 9.0 1.0 1.0 2.5 0.0 0.0 
1278 9.60097432854 -2.20776560293 7.0778712075 0.254121883783 237.740001678 0.159491458823 -1.84375 9.0 1.0 1.0 2.5 0.0 0.0 
1278 9.60097432854 -2.20776560293 7.0778712075 0.254121883783 237.740001678 0.159491458823 -1.84375 9.0 1.0 1.0 2.5 0.0 0.0 
1278 9.60347942903 -2.20383792222 7.0778712075 0.254121883783 237.669998169 0.159491458823 -1.84375 9.0 1.0 1.0 2.5 0.0 0.0 
1278 9.61097025894 -2.19203941855 7.0778712075 0.254121883783 237.540000916 0.159491458823 -1.84375 9.0 1.0 1.0 2.5 0.0 0.0 
1278 9.66591634498 -2.10552560534 7.0778712075 0.254121883783 237.680000305 0.159491458823 -1.84375 9.0 1.0 1.0 2.5 0.0 0.0 
1278 9.74767187286 -1.97643729373 7.0778712075 0.254121883783 237.759998322 0.159491458823 -1.84375 9.0 1.0 1.0 2.5 0.0 0.0 
1278 9.77555035352 -1.9323342504 7.0778712075 0.254121883783 237.5 0.159491458823 -1.84375 9.0 1.0 1.0 2.5 0.0 0.0 
1278 9.84850949455 -1.81752623815 7.0778712075 0.254121883783 237.369998932 0.159491458823 -1.84375 9.0 1.0 1.0 2.5 0.0 0.0 
1278 9.88607322064 -1.75860355367 7.0778712075 0.254121883783 237.580001831 0.159491458823 -1.84375 9.0 1.0 1.0 2.5 0.0 0.0 
1278 9.9723957235 -1.62248211838 7.0778712075 0.254121883783 237.61000061 0.159491458823 -1.84375 9.0 1.0 1.0 2.5 0.0 0.0 
1278 10.0069395516 -1.56826370778 7.0778712075 0.254121883783 237.400001526 0.159491458823 -1.84375 9.0 1.0 1.0 2.5 0.0 0.0 
1278 9.99796036469 -1.58242811853 7.0778712075 0.254121883783 237.61000061 0.159491458823 -1.84375 9.0 1.0 1.0 2.5 0.0 0.0 
1278 9.97849028573 -1.61310805499 7.0778712075 0.254121883783 237.560001373 0.159491458823 -1.84375 9.0 1.0 1.0 2.5 0.0 0.0 
1278 9.94252987325 -1.66973800351 7.0778712075 0.254121883783 237.61000061 0.159491458823 -1.84375 9.0 1.0 1.0 2.5 0.0 0.0 
1278 9.93654017777 -1.6791786814 7.0778712075 0.254121883783 238.040000916 0.159491458823 -1.84375 9.0 1.0 1.0 2.5 0.0 0.0 
1278 9.91544474281 -1.71323823951 7.0778712075 0.254121883783 238.200000763 0.159491458823 -1.84375 9.0 1.0 1.0 2.5 0.0 0.0 
1278 9.86430204096 -1.79553967282 7.0778712075 0.254121883783 238.279998779 0.159491458823 -1.84375 9.0 1.0 1.0 2.5 0.0 0.0 
1278 9.81570493283 -1.87503217136 7.0778712075 0.254121883783 238.720001221 0.159491458823 -1.84375 9.0 1.0 1.0 2.5 0.0 0.0 
1278 9.80313715906 -1.89574134125 7.0778712075 0.254121883783 238.869998932 0.159491458823 -1.84375 9.0 1.0 1.0 2.5 0.0 0.0 
1278 9.80741899979 -1.88853149149 7.0778712075 0.254121883783 239.11000061 0.159491458823 -1.84375 9.0 1.0 1.0 2.5 0.0 0.0 
1278 9.91925124729 -1.70137956366 7.0778712075 0.254121883783 238.990001678 0.159491458823 -1.84375 9.0 1.0 1.0 2.5 0.0 0.0 
1278 10.0162888256 -1.54011997489 7.0778712075 0.254121883783 238.38999939 0.159491458823 -1.84375 9.0 1.0 1.0 2.5 0.0 0.0 
1278 9.87006023572 -1.77284152098 7.0778712075 0.254121883783 237.509998322 0.159491458823 -1.84375 9.0 1.0 1.0 2.5 0.0 0.0 
1278 9.76494510532 -1.93786555116 7.0778712075 0.254121883783 237.61000061 0.159491458823 -1.84375 9.0 1.0 1.0 2.5 0.0 0.0 
1278 9.51760316033 -2.3304297728 7.0778712075 0.254121883783 238.080001831 0.159491458823 -1.84375 9.0 1.0 1.0 2.5 0.0 0.0 
1278 9.42202294967 -2.4838424077 7.0778712075 0.254121883783 238.509998322 0.159491458823 -1.84375 9.0 1.0 1.0 2.5 0.0 0.0 
1278 9.49358847424 -2.36706649417 7.0778712075 0.254121883783 238.369998932 0.159491458823 -1.84375 9.0 1.0 1.0 2.5 0.0 0.0 
1278 9.6957606337 -2.04075918514 7.0778712075 0.254121883783 237.900001526 0.159491458823 -1.84375 9.0 1.0 1.0 2.5 0.0 0.0 
1278 9.91565046159 -1.69256663757 7.0778712075 0.254121883783 237.560001373 0.159491458823 -1.84375 9.0 1.0 1.0 2.5 0.0 0.0 
1278 10.0722988329 -1.44548369138 7.0778712075 0.254121883783 237.740001678 0.159491458823 -1.84375 9.0 1.0 1.0 2.5 0.0 0.0 
1278 10.0262327776 -1.51887245571 7.0778712075 0.254121883783 237.869998932 0.159491458823 -1.84375 9.0 1.0 1.0 2.5 0.0 0.0 
1278 9.96763230555 -1.61189424858 7.0778712075 0.254121883783 237.819999695 0.159491458823 -1.84375 9.0 1.0 1.0 2.5 0.0 0.0 
1278 9.95920033834 -1.62530229453 7.0778712075 0.254121883783 237.63999939 0.159491458823 -1.84375 9.0 1.0 1.0 2.5 0.0 0.0 
1278 9.95920033834 -1.62530229453 7.0778712075 0.254121883783 237.560001373 0.159491458823 -1.84375 9.0 1.0 1.0 2.5 0.0 0.0 
1278 9.95920033834 -1.62530229453 7.0778712075 0.254121883783 237.729999542 0.159491458823 -1.84375 9.0 1.0 1.0 2.5 0.0 0.0 
1278 9.95920033834 -1.62530229453 7.0778712075 0.254121883783 237.720001221 0.159491458823 -1.84375 9.0 1.0 1.0 2.5 0.0 0.0 
1278 9.95920033834 -1.62530229453 7.0778712075 0.254121883783 237.720001221 0.159491458823 -1.84375 9.0 1.0 1.0 2.5 0.0 0.0 
1278 9.95920033834 -1.62530229453 7.0778712075 0.254121883783 237.720001221 0.159491458823 -1.84375 9.0 1.0 1.0 2.5 0.0 0.0 
1278 9.95920033834 -1.62530229453 7.0778712075 0.254121883783 237.729999542 0.159491458823 -1.84375 9.0 1.0 1.0 2.5 0.0 0.0 
1278 9.94030809142 -1.65524530319 7.0778712075 0.254121883783 237.729999542 0.159491458823 -1.84375 9.0 1.0 1.0 2.5 0.0 0.0 
1278 9.94080553808 -1.65445750744 7.0778712075 0.254121883783 237.659999847 0.159491458823 -1.84375 9.0 1.0 1.0 2.5 0.0 0.0 
1278 10.1134845127 -1.38113351238 7.0778712075 0.254121883783 237.330001831 0.159491458823 -1.84375 9.0 1.0 1.0 2.5 0.0 0.0 
1278 10.1973132012 -1.25005152489 7.0778712075 0.254121883783 238.560001373 0.159491458823 -1.84375 9.0 1.0 1.0 2.5 0.0 0.0 
1278 10.2552632928 -1.13713267866 7.0778712075 0.254121883783 237.25 0.159491458823 -1.84375 9.0 1.0 1.0 2.5 0.0 0.0 
1278 10.2179564485 -1.19511342902 7.0778712075 0.254121883783 237.529998779 0.159491458823 -1.84375 9.0 1.0 1.0 2.5 0.0 0.0 
1278 9.85615221552 -1.76332497183 7.0778712075 0.254121883783 236.520000458 0.159491458823 -1.84375 9.0 1.0 1.0 2.5 0.0 0.0 
1278 9.51409224834 -2.26302819119 7.0778712075 0.254121883783 232.560001373 0.159491458823 -1.84375 9.0 1.0 1.0 2.5 0.0 0.0 
1278 8.70433735894 -3.23955809304 7.0778712075 0.254121883783 223.950000763 0.159491458823 -1.84375 9.0 1.0 1.0 2.5 0.0 0.0 
1278 8.27021208542 -3.63710479309 7.0778712075 0.254121883783 217.849998474 0.159491458823 -1.84375 9.0 1.0 1.0 2.5 0.0 0.0 
1278 7.19031081918 -4.32010706138 7.0778712075 0.254121883783 202.540000916 0.159491458823 -1.84375 9.0 1.0 1.0 2.5 0.0 0.0 
1278 5.87805853454 -4.6893197046 7.0778712075 0.254121883783 183.849999905 0.159491458823 -1.84375 9.0 1.0 1.0 2.5 0.0 0.0 
1278 4.48098764818 -4.59272828651 7.0778712075 0.254121883783 162.520000458 0.159491458823 -1.84375 9.0 1.0 1.0 2.5 0.0 0.0 
1278 3.22074206415 -3.97173101957 7.0778712075 0.254121883783 132.25 0.159491458823 -1.84375 9.0 1.0 1.0 2.5 0.0 0.0 
1278 2.9559062885 -3.73816471534 7.0778712075 0.254121883783 125.799999237 0.159491458823 -1.84375 9.0 1.0 1.0 2.5 0.0 0.0 
1278 1.93808196447 -2.08720261334 7.0778712075 0.254121883783 101.300003052 0.159491458823 -1.84375 9.0 1.0 1.0 2.5 0.0 0.0 
1278 1.82513383505 -0.53693781426 7.0778712075 0.254121883783 84.6200027466 0.159491458823 -1.84375 9.0 1.0 1.0 2.5 0.0 0.0 
1278 2.0489456091 1.03873988316 7.0778712075 0.254121883783 79.7300033569 0.159491458823 -1.84375 9.0 1.0 1.0 2.5 0.0 0.0 
1278 2.19077272273 1.83776063736 7.0778712075 0.254121883783 81.1100006104 0.159491458823 -1.84375 9.0 1.0 1.0 2.5 0.0 0.0 
1278 2.32810504335 2.99631742442 7.0778712075 0.254121883783 90.6900024414 0.159491458823 -1.84375 9.0 1.0 1.0 2.5 0.0 0.0 
1278 2.30691079367 3.2580189193 7.0778712075 0.254121883783 109.050003052 0.159491458823 -1.84375 9.0 1.0 1.0 2.5 0.0 0.0 
1278 2.38018756923 3.13019582889 7.0778712075 0.254121883783 123.970001221 0.159491458823 -1.84375 9.0 1.0 1.0 2.5 0.0 0.0 
1278 2.54862935522 2.89569828103 7.0778712075 0.254121883783 130.330001831 0.159491458823 -1.84375 9.0 1.0 1.0 2.5 0.0 0.0 
1278 3.1536371468 2.30977997511 7.0778712075 0.254121883783 144.459999084 0.159491458823 -1.84375 9.0 1.0 1.0 2.5 0.0 0.0 
1278 4.11008439775 1.77251144519 7.0778712075 0.254121883783 160.629999161 0.159491458823 -1.84375 9.0 1.0 1.0 2.5 0.0 0.0 
1278 5.03979178392 1.53488119117 7.0778712075 0.254121883783 182.289999962 0.159491458823 -1.84375 9.0 1.0 1.0 2.5 0.0 0.0 
1281 5.53410782128 1.58180765628 7.0778712075 0.254121883783 197.079999924 0.348163752347 2.1875 9.0 1.0 1.0 2.5 0.0 0.0 
1282 5.6629999932 1.63488460552 6.21071373691 -1.55198606437 207.329999924 0.293004519337 -0.15625 9.0 1.0 1.0 2.5 0.0 0.0 
1282 5.63941111625 1.62374341519 6.21071373691 -1.55198606437 201.989999771 0.293004519337 -0.15625 9.0 1.0 1.0 2.5 0.0 0.0 
1282 5.81279893722 1.69199864696 6.21071373691 -1.55198606437 202.010000229 0.293004519337 -0.15625 9.0 1.0 1.0 2.5 0.0 0.0 
1282 6.12698911415 1.82685247397 6.21071373691 -1.55198606437 205.190000534 0.293004519337 -0.15625 9.0 1.0 1.0 2.5 0.0 0.0 
1282 6.38222657865 1.94963240488 6.21071373691 -1.55198606437 203.850000381 0.293004519337 -0.15625 9.0 1.0 1.0 2.5 0.0 0.0 
1282 6.56953905813 2.01459513681 6.21071373691 -1.55198606437 194.359999657 0.293004519337 -0.15625 9.0 1.0 1.0 2.5 0.0 0.0 
1282 6.79392764391 2.06545260679 6.21071373691 -1.55198606437 189.75 0.293004519337 -0.15625 9.0 1.0 1.0 2.5 0.0 0.0 
1282 6.6690868364 2.04375832343 6.21071373691 -1.55198606437 190.350000381 0.293004519337 -0.15625 9.0 1.0 1.0 2.5 0.0 0.0 
1282 6.66083226269 2.04228300457 6.21071373691 -1.55198606437 190.300000191 0.293004519337 -0.15625 9.0 1.0 1.0 2.5 0.0 0.0 
1282 6.66358233628 2.04278277765 6.21071373691 -1.55198606437 190.229999542 0.293004519337 -0.15625 9.0 1.0 1.0 2.5 0.0 0.0 
1282 6.66174794514 2.04245519696 6.21071373691 -1.55198606437 190.090000153 0.293004519337 -0.15625 9.0 1.0 1.0 2.5 0.0 0.0 
1282 6.66083070654 2.04229164671 6.21071373691 -1.55198606437 190.06000042 0.293004519337 -0.15625 9.0 1.0 1.0 2.5 0.0 0.0 
1282 6.66083070654 2.04229164671 6.21071373691 -1.55198606437 190.06000042 0.293004519337 -0.15625 9.0 1.0 1.0 2.5 0.0 0.0 
1282 6.63422665857 2.03757190386 6.21071373691 -1.55198606437 190.069999695 0.293004519337 -0.15625 9.0 1.0 1.0 2.5 0.0 0.0 
1282 6.15257793707 1.97969544876 6.21071373691 -1.55198606437 182.299999952 0.293004519337 -0.15625 9.0 1.0 1.0 2.5 0.0 0.0 
1282 5.57058645572 1.98102742809 6.21071373691 -1.55198606437 172.010000229 0.293004519337 -0.15625 9.0 1.0 1.0 2.5 0.0 0.0 
1282 4.57664022407 2.1545876415 6.21071373691 -1.55198606437 158.090000153 0.293004519337 -0.15625 9.0 1.0 1.0 2.5 0.0 0.0 
1282 3.50858828589 2.68284292796 6.21071373691 -1.55198606437 141.040000916 0.293004519337 -0.15625 9.0 1.0 1.0 2.5 0.0 0.0 
1282 2.76865924864 3.31917566505 6.21071373691 -1.55198606437 126.409999847 0.293004519337 -0.15625 9.0 1.0 1.0 2.5 0.0 0.0 
1282 2.24043906325 4.19403786268 6.21071373691 -1.55198606437 104.569999695 0.293004519337 -0.15625 9.0 1.0 1.0 2.5 0.0 0.0 
1282 2.03259030884 4.85735612165 6.21071373691 -1.55198606437 92.7799987793 0.293004519337 -0.15625 9.0 1.0 1.0 2.5 0.0 0.0 
1282 1.96313388832 6.40386097424 6.21071373691 -1.55198606437 75.2799987793 0.293004519337 -0.15625 9.0 1.0 1.0 2.5 0.0 0.0 
1282 2.64632869842 8.3500110847 6.21071373691 -1.55198606437 57.0999984741 0.293004519337 -0.15625 9.0 1.0 1.0 2.5 0.0 0.0 
1282 2.86546077341 8.68873768053 6.21071373691 -1.55198606437 48.9400024414 0.293004519337 -0.15625 9.0 1.0 1.0 2.5 0.0 0.0 
1282 3.95465321112 9.84055937554 6.21071373691 -1.55198606437 29.5899963379 0.293004519337 -0.15625 9.0 1.0 1.0 2.5 0.0 0.0 
1282 5.46311567392 10.5922161631 6.21071373691 -1.55198606437 8.0 0.293004519337 -0.15625 9.0 1.0 1.0 2.5 0.0 0.0 
1282 8.16080880643 10.6522279833 6.21071373691 -1.55198606437 344.100006104 0.293004519337 -0.15625 9.0 1.0 1.0 2.5 0.0 0.0 
1282 9.90048287978 10.1135592545 6.21071373691 -1.55198606437 333.550003052 0.293004519337 -0.15625 9.0 1.0 1.0 2.5 0.0 0.0 
1282 11.6171273355 9.25745855981 6.21071373691 -1.55198606437 332.320007324 0.293004519337 -0.15625 9.0 1.0 1.0 2.5 0.0 0.0 
1282 14.1897117591 7.92227533429 6.21071373691 -1.55198606437 337.070007324 0.293004519337 -0.15625 9.0 1.0 1.0 2.5 0.0 0.0 
1282 15.9984407213 7.17332550529 6.21071373691 -1.55198606437 343.059997559 0.293004519337 -0.15625 9.0 1.0 1.0 2.5 0.0 0.0 
1282 17.8551766381 6.66066307272 6.21071373691 -1.55198606437 355.619995117 0.293004519337 -0.15625 9.0 1.0 1.0 2.5 0.0 0.0 
1282 20.8443084869 6.67486367112 6.21071373691 -1.55198606437 12.25 0.293004519337 -0.15625 9.0 1.0 1.0 2.5 0.0 0.0 
1282 22.7871333613 7.1284043054 6.21071373691 -1.55198606437 18.6999969482 0.293004519337 -0.15625 9.0 1.0 1.0 2.5 0.0 0.0 
1282 24.6215205125 7.74725835898 6.21071373691 -1.55198606437 17.3500061035 0.293004519337 -0.15625 9.0 1.0 1.0 2.5 0.0 0.0 
1282 26.4267294149 8.27229695608 6.21071373691 -1.55198606437 7.66000366211 0.293004519337 -0.15625 9.0 1.0 1.0 2.5 0.0 0.0 
1282 29.3671543573 8.19706934332 6.21071373691 -1.55198606437 343.550003052 0.293004519337 -0.15625 9.0 1.0 1.0 2.5 0.0 0.0 
1282 31.1917817621 7.64012277991 6.21071373691 -1.55198606437 340.149993896 0.293004519337 -0.15625 9.0 1.0 1.0 2.5 0.0 0.0 
1282 32.5703197117 7.1569965534 6.21071373691 -1.55198606437 347.960006714 0.293004519337 -0.15625 9.0 1.0 1.0 2.5 0.0 0.0 
1282 33.6843413963 6.96685752176 6.21071373691 -1.55198606437 6.27000427246 0.293004519337 -0.15625 9.0 1.0 1.0 2.5 0.0 0.0 
1282 34.856416562 7.13790368194 6.21071373691 -1.55198606437 12.5099945068 0.293004519337 -0.15625 9.0 1.0 1.0 2.5 0.0 0.0 
1282 35.782461564 7.29019894214 6.21071373691 -1.55198606437 0.949996948242 0.293004519337 -0.15625 9.0 1.0 1.0 2.5 0.0 0.0 
1282 37.0688525278 7.27403959634 6.21071373691 -1.55198606437 350.789993286 0.293004519337 -0.15625 9.0 1.0 1.0 2.5 0.0 0.0 
1282 38.5424310805 7.01816051907 6.21071373691 -1.55198606437 346.649993896 0.293004519337 -0.15625 9.0 1.0 1.0 2.5 0.0 0.0 
1282 40.0181518893 6.63524744829 6.21071373691 -1.55198606437 341.100006104 0.293004519337 -0.15625 9.0 1.0 1.0 2.5 0.0 0.0 
1282 41.2157615224 6.09824506436 6.21071373691 -1.55198606437 317.88999939 0.293004519337 -0.15625 9.0 1.0 1.0 2.5 0.0 0.0 
1282 41.6693409306 5.63708019217 6.21071373691 -1.55198606437 293.769996643 0.293004519337 -0.15625 9.0 1.0 1.0 2.5 0.0 0.0 
1282 41.737804925 5.41234063914 6.21071373691 -1.55198606437 261.699996948 0.293004519337 -0.15625 9.0 1.0 1.0 2.5 0.0 0.0 
1282 41.7245659266 5.37814673741 6.21071373691 -1.55198606437 236.330001831 0.293004519337 -0.15625 9.0 1.0 1.0 2.5 0.0 0.0 
1282 41.6963825974 5.3455723016 6.21071373691 -1.55198606437 217.38999939 0.293004519337 -0.15625 9.0 1.0 1.0 2.5 0.0 0.0 
1282 41.6974723028 5.34717809713 6.21071373691 -1.55198606437 213.479999542 0.293004519337 -0.15625 9.0 1.0 1.0 2.5 0.0 0.0 
1282 41.6558549534 5.3210702926 6.21071373691 -1.55198606437 196.590000153 0.293004519337 -0.15625 9.0 1.0 1.0 2.5 0.0 0.0 
1282 41.627362541 5.3123177962 6.21071373691 -1.55198606437 191.100000381 0.293004519337 -0.15625 9.0 1.0 1.0 2.5 0.0 0.0 
1282 41.612740158 5.30942115974 6.21071373691 -1.55198606437 190.06000042 0.293004519337 -0.15625 9.0 1.0 1.0 2.5 0.0 0.0 
1282 41.6090770576 5.30873513283 6.21071373691 -1.55198606437 191.739999771 0.293004519337 -0.15625 9.0 1.0 1.0 2.5 0.0 0.0 
1282 41.6090770576 5.30873513283 6.21071373691 -1.55198606437 191.909999847 0.293004519337 -0.15625 9.0 1.0 1.0 2.5 0.0 0.0 
1282 41.6090770576 5.30873513283 6.21071373691 -1.55198606437 191.710000038 0.293004519337 -0.15625 9.0 1.0 1.0 2.5 0.0 0.0 
1282 41.6090770576 5.30873513283 6.21071373691 -1.55198606437 191.710000038 0.293004519337 -0.15625 9.0 1.0 1.0 2.5 0.0 0.0 
1282 41.6090770576 5.30873513283 6.21071373691 -1.55198606437 191.699999809 0.293004519337 -0.15625 9.0 1.0 1.0 2.5 0.0 0.0 
1282 41.6090770576 5.30873513283 6.21071373691 -1.55198606437 191.699999809 0.293004519337 -0.15625 9.0 1.0 1.0 2.5 0.0 0.0 
1282 41.6109017523 5.30911300894 6.21071373691 -1.55198606437 191.720000267 0.293004519337 -0.15625 9.0 1.0 1.0 2.5 0.0 0.0 
1282 41.5963226562 5.30600348713 6.21071373691 -1.55198606437 196.430000305 0.293004519337 -0.15625 9.0 1.0 1.0 2.5 0.0 0.0 
1282 41.5766802334 5.29768578105 6.21071373691 -1.55198606437 211.549999237 0.293004519337 -0.15625 9.0 1.0 1.0 2.5 0.0 0.0 
1282 41.5742982799 5.29622325737 6.21071373691 -1.55198606437 211.270000458 0.293004519337 -0.15625 9.0 1.0 1.0 2.5 0.0 0.0 
1282 41.8393038448 5.45211698442 6.21071373691 -1.55198606437 209.909999847 0.293004519337 -0.15625 9.0 1.0 1.0 2.5 0.0 0.0 
1282 42.548297504 5.86017670944 6.21071373691 -1.55198606437 210.219999313 0.293004519337 -0.15625 9.0 1.0 1.0 2.5 0.0 0.0 
1282 44.1196496326 6.80650299375 6.21071373691 -1.55198606437 215.509998322 0.293004519337 -0.15625 9.0 1.0 1.0 2.5 0.0 0.0 
1282 44.6971361433 7.20640367172 6.21071373691 -1.55198606437 219.880001068 0.293004519337 -0.15625 9.0 1.0 1.0 2.5 0.0 0.0 
1282 45.8448063558 8.21250631389 6.21071373691 -1.55198606437 230.36000061 0.293004519337 -0.15625 9.0 1.0 1.0 2.5 0.0 0.0 
1282 46.9052204695 9.49244397573 6.21071373691 -1.55198606437 237.819999695 0.293004519337 -0.15625 9.0 1.0 1.0 2.5 0.0 0.0 
1282 47.6322466722 10.699054428 6.21071373691 -1.55198606437 240.130001068 0.293004519337 -0.15625 9.0 1.0 1.0 2.5 0.0 0.0 
1282 48.6705495927 12.0839166429 6.21071373691 -1.55198606437 221.680000305 0.293004519337 -0.15625 9.0 1.0 1.0 2.5 0.0 0.0 
1282 48.922302042 12.3190126966 6.21071373691 -1.55198606437 231.36000061 0.293004519337 -0.15625 9.0 1.0 1.0 2.5 0.0 0.0 
1282 48.9060285289 12.2986214937 6.21071373691 -1.55198606437 227.659999847 0.293004519337 -0.15625 9.0 1.0 1.0 2.5 0.0 0.0 
1282 48.5280377285 11.9361731951 6.21071373691 -1.55198606437 213.270000458 0.293004519337 -0.15625 9.0 1.0 1.0 2.5 0.0 0.0 
1282 48.637280874 12.0074641872 6.21071373691 -1.55198606437 206.420000076 0.293004519337 -0.15625 9.0 1.0 1.0 2.5 0.0 0.0 
1282 49.0519620595 12.2083661476 6.21071373691 -1.55198606437 201.129999161 0.293004519337 -0.15625 9.0 1.0 1.0 2.5 0.0 0.0 
1282 49.8781266468 12.5176878709 6.21071373691 -1.55198606437 197.600000381 0.293004519337 -0.15625 9.0 1.0 1.0 2.5 0.0 0.0 
1282 51.0592925124 12.8789626943 6.21071373691 -1.55198606437 197.719999313 0.293004519337 -0.15625 9.0 1.0 1.0 2.5 0.0 0.0 
1282 52.2578824121 13.3738485014 6.21071373691 -1.55198606437 214.930000305 0.293004519337 -0.15625 9.0 1.0 1.0 2.5 0.0 0.0 
1282 52.906437338 13.9726334696 6.21071373691 -1.55198606437 235.599998474 0.293004519337 -0.15625 9.0 1.0 1.0 2.5 0.0 0.0 
1282 53.0608710955 14.2175402529 6.21071373691 -1.55198606437 247.279998779 0.293004519337 -0.15625 9.0 1.0 1.0 2.5 0.0 0.0 
1282 53.1754046006 14.4835725544 6.21071373691 -1.55198606437 245.849998474 0.293004519337 -0.15625 9.0 1.0 1.0 2.5 0.0 0.0 
1282 53.2210412115 14.5856390822 6.21071373691 -1.55198606437 245.86000061 0.293004519337 -0.15625 9.0 1.0 1.0 2.5 0.0 0.0 
1282 53.221804918 14.587338803 6.21071373691 -1.55198606437 245.809997559 0.293004519337 -0.15625 9.0 1.0 1.0 2.5 0.0 0.0 
1282 53.2229498108 14.589888685 6.21071373691 -1.55198606437 245.809997559 0.293004519337 -0.15625 9.0 1.0 1.0 2.5 0.0 0.0 
1282 53.1951322971 14.5278229189 6.21071373691 -1.55198606437 245.260002136 0.293004519337 -0.15625 9.0 1.0 1.0 2.5 0.0 0.0 
1282 53.1147930713 14.3754613239 6.21071373691 -1.55198606437 237.520000458 0.293004519337 -0.15625 9.0 1.0 1.0 2.5 0.0 0.0 
1282 52.765117712 13.9155928131 6.21071373691 -1.55198606437 228.849998474 0.293004519337 -0.15625 9.0 1.0 1.0 2.5 0.0 0.0 
1282 52.137002069 13.3116685862 6.21071373691 -1.55198606437 215.840000153 0.293004519337 -0.15625 9.0 1.0 1.0 2.5 0.0 0.0 
1282 51.1949704676 12.7651704401 6.21071373691 -1.55198606437 200.590000153 0.293004519337 -0.15625 9.0 1.0 1.0 2.5 0.0 0.0 
1282 49.1370957103 12.4431950251 6.21071373691 -1.55198606437 174.369999886 0.293004519337 -0.15625 9.0 1.0 1.0 2.5 0.0 0.0 
1282 47.5034289828 12.603722799 6.21071373691 -1.55198606437 174.050000191 0.293004519337 -0.15625 9.0 1.0 1.0 2.5 0.0 0.0 
1282 45.7529680639 12.765089137 6.21071373691 -1.55198606437 178.0 0.293004519337 -0.15625 9.0 1.0 1.0 2.5 0.0 0.0 
1282 43.9069442255 12.7341403699 6.21071373691 -1.55198606437 186.420000076 0.293004519337 -0.15625 9.0 1.0 1.0 2.5 0.0 0.0 
1282 41.9815880995 12.4944423303 6.21071373691 -1.55198606437 188.899999619 0.293004519337 -0.15625 9.0 1.0 1.0 2.5 0.0 0.0 
1282 40.9989131277 12.3379474299 6.21071373691 -1.55198606437 189.520000458 0.293004519337 -0.15625 9.0 1.0 1.0 2.5 0.0 0.0 
1282 38.9528517561 11.9769529843 6.21071373691 -1.55198606437 190.770000458 0.293004519337 -0.15625 9.0 1.0 1.0 2.5 0.0 0.0 
1282 36.8399882659 11.5623824023 6.21071373691 -1.55198606437 191.43999958 0.293004519337 -0.15625 9.0 1.0 1.0 2.5 0.0 0.0 
1282 31.5815821488 10.7274464791 6.21071373691 -1.55198606437 180.460000008 0.293004519337 -0.15625 9.0 1.0 1.0 2.5 0.0 0.0 
1282 30.482335578 10.7358214275 6.21071373691 -1.55198606437 177.0 0.293004519337 -0.15625 9.0 1.0 1.0 2.5 0.0 0.0 
1282 28.38201048 10.9306860012 6.21071373691 -1.55198606437 168.670000076 0.293004519337 -0.15625 9.0 1.0 1.0 2.5 0.0 0.0 
1282 26.3900207223 11.3832807648 6.21071373691 -1.55198606437 156.170000076 0.293004519337 -0.15625 9.0 1.0 1.0 2.5 0.0 0.0 
1282 25.3901853134 11.7846547538 6.21071373691 -1.55198606437 148.190000534 0.293004519337 -0.15625 9.0 1.0 1.0 2.5 0.0 0.0 
1282 23.7596615196 12.9188058612 6.21071373691 -1.55198606437 136.919998169 0.293004519337 -0.15625 9.0 1.0 1.0 2.5 0.0 0.0 
1282 22.3842947778 14.252005629 6.21071373691 -1.55198606437 136.220001221 0.293004519337 -0.15625 9.0 1.0 1.0 2.5 0.0 0.0 
1282 21.6909733787 14.9018839334 6.21071373691 -1.55198606437 139.25 0.293004519337 -0.15625 9.0 1.0 1.0 2.5 0.0 0.0 
1282 20.2733204826 15.9817565795 6.21071373691 -1.55198606437 149.569999695 0.293004519337 -0.15625 9.0 1.0 1.0 2.5 0.0 0.0 
1282 19.7286813837 16.2904164645 6.21071373691 -1.55198606437 152.260000229 0.293004519337 -0.15625 9.0 1.0 1.0 2.5 0.0 0.0 
1282 19.142719374 16.6053185513 6.21071373691 -1.55198606437 150.920000076 0.293004519337 -0.15625 9.0 1.0 1.0 2.5 0.0 0.0 
1282 18.9248574317 16.7213353462 6.21071373691 -1.55198606437 161.409999847 0.293004519337 -0.15625 9.0 1.0 1.0 2.5 0.0 0.0 
1282 18.9329703775 16.7191058753 6.21071373691 -1.55198606437 170.739999771 0.293004519337 -0.15625 9.0 1.0 1.0 2.5 0.0 0.0 
1282 19.5225871731 16.656567481 6.21071373691 -1.55198606437 184.53000021 0.293004519337 -0.15625 9.0 1.0 1.0 2.5 0.0 0.0 
1282 19.5671455851 16.6436887892 6.21071373691 -1.55198606437 196.020000458 0.293004519337 -0.15625 9.0 1.0 1.0 2.5 0.0 0.0 
1282 18.5026279132 16.3481303948 6.21071373691 -1.55198606437 191.170000076 0.293004519337 -0.15625 9.0 1.0 1.0 2.5 0.0 0.0 
1282 17.3054971672 16.1887804276 6.21071373691 -1.55198606437 179.100000024 0.293004519337 -0.15625 9.0 1.0 1.0 2.5 0.0 0.0 
1282 16.6635938101 16.2192769994 6.21071373691 -1.55198606437 172.960000038 0.293004519337 -0.15625 9.0 1.0 1.0 2.5 0.0 0.0 
1282 15.1662241771 16.504694311 6.21071373691 -1.55198606437 169.140000343 0.293004519337 -0.15625 9.0 1.0 1.0 2.5 0.0 0.0 
1282 14.9422403417 16.5424205797 6.21071373691 -1.55198606437 182.640000105 0.293004519337 -0.15625 9.0 1.0 1.0 2.5 0.0 0.0 
1282 15.0247864638 16.5499700507 6.21071373691 -1.55198606437 189.289999962 0.293004519337 -0.15625 9.0 1.0 1.0 2.5 0.0 0.0 
1282 15.4016606776 16.6221177134 6.21071373691 -1.55198606437 193.56000042 0.293004519337 -0.15625 9.0 1.0 1.0 2.5 0.0 0.0 
1282 15.7844352266 16.7118974046 6.21071373691 -1.55198606437 188.960000038 0.293004519337 -0.15625 9.0 1.0 1.0 2.5 0.0 0.0 
1282 15.4921890831 16.6770487444 6.21071373691 -1.55198606437 185.170000076 0.293004519337 -0.15625 9.0 1.0 1.0 2.5 0.0 0.0 
1282 15.0487555312 16.6357991791 6.21071373691 -1.55198606437 187.900000095 0.293004519337 -0.15625 9.0 1.0 1.0 2.5 0.0 0.0 
1282 14.9658222041 16.6235937218 6.21071373691 -1.55198606437 191.399999619 0.293004519337 -0.15625 9.0 1.0 1.0 2.5 0.0 0.0 
1282 14.8802162494 16.6051324679 6.21071373691 -1.55198606437 192.630000114 0.293004519337 -0.15625 9.0 1.0 1.0 2.5 0.0 0.0 
1282 14.549494436 16.5221990447 6.21071373691 -1.55198606437 195.409999847 0.293004519337 -0.15625 9.0 1.0 1.0 2.5 0.0 0.0 
1282 14.1946204416 16.4148640927 6.21071373691 -1.55198606437 200.420000076 0.293004519337 -0.15625 9.0 1.0 1.0 2.5 0.0 0.0 
1282 13.4757641456 16.0892612775 6.21071373691 -1.55198606437 213.290000916 0.293004519337 -0.15625 9.0 1.0 1.0 2.5 0.0 0.0 
1282 12.6052511241 15.4953867003 6.21071373691 -1.55198606437 219.220001221 0.293004519337 -0.15625 9.0 1.0 1.0 2.5 0.0 0.0 
1282 11.636830306 14.5971373865 6.21071373691 -1.55198606437 228.779998779 0.293004519337 -0.15625 9.0 1.0 1.0 2.5 0.0 0.0 
1282 11.134836949 14.037443365 6.21071373691 -1.55198606437 231.060001373 0.293004519337 -0.15625 9.0 1.0 1.0 2.5 0.0 0.0 
1282 10.1805325609 12.8419928054 6.21071373691 -1.55198606437 232.599998474 0.293004519337 -0.15625 9.0 1.0 1.0 2.5 0.0 0.0 
1282 9.17465046651 11.5929582549 6.21071373691 -1.55198606437 226.590000153 0.293004519337 -0.15625 9.0 1.0 1.0 2.5 0.0 0.0 
1282 7.96941619815 10.4904622485 6.21071373691 -1.55198606437 214.369998932 0.293004519337 -0.15625 9.0 1.0 1.0 2.5 0.0 0.0 
1282 6.4258692679 9.66290408189 6.21071373691 -1.55198606437 197.700000763 0.293004519337 -0.15625 9.0 1.0 1.0 2.5 0.0 0.0 
1282 4.73451737028 9.29416330141 6.21071373691 -1.55198606437 185.679999828 0.293004519337 -0.15625 9.0 1.0 1.0 2.5 0.0 0.0 
1282 3.86961070941 9.21746872202 6.21071373691 -1.55198606437 183.900000095 0.293004519337 -0.15625 9.0 1.0 1.0 2.5 0.0 0.0 
1282 2.38815332387 9.10204992909 6.21071373691 -1.55198606437 187.849999905 0.293004519337 -0.15625 9.0 1.0 1.0 2.5 0.0 0.0 
1282 1.66912113122 8.94651391428 6.21071373691 -1.55198606437 201.850000381 0.293004519337 -0.15625 9.0 1.0 1.0 2.5 0.0 0.0 
1282 1.23587948185 8.77789479805 6.21071373691 -1.55198606437 195.770000458 0.293004519337 -0.15625 9.0 1.0 1.0 2.5 0.0 0.0 
1282 1.07896611768 8.73161600318 6.21071373691 -1.55198606437 177.549999952 0.293004519337 -0.15625 9.0 1.0 1.0 2.5 0.0 0.0 
1282 1.34428229823 8.72869696741 6.21071373691 -1.55198606437 171.680000305 0.293004519337 -0.15625 9.0 1.0 1.0 2.5 0.0 0.0 
1282 2.09872995078 8.60408560983 6.21071373691 -1.55198606437 166.760000229 0.293004519337 -0.15625 9.0 1.0 1.0 2.5 0.0 0.0 
1282 2.83292828015 8.38648328918 6.21071373691 -1.55198606437 154.680000305 0.293004519337 -0.15625 9.0 1.0 1.0 2.5 0.0 0.0 
1282 3.17495187863 8.17054314426 6.21071373691 -1.55198606437 135.959999084 0.293004519337 -0.15625 9.0 1.0 1.0 2.5 0.0 0.0 
1282 3.65905438457 7.3401445351 6.21071373691 -1.55198606437 103.309997559 0.293004519337 -0.15625 9.0 1.0 1.0 2.5 0.0 0.0 
1282 3.73751686285 6.94293855188 6.21071373691 -1.55198606437 85.6399993896 0.293004519337 -0.15625 9.0 1.0 1.0 2.5 0.0 0.0 
1282 3.72051643527 6.61907457074 6.21071373691 -1.55198606437 82.6500015259 0.293004519337 -0.15625 9.0 1.0 1.0 2.5 0.0 0.0 
1282 3.66895873661 6.12619918057 6.21071373691 -1.55198606437 88.0100021362 0.293004519337 -0.15625 9.0 1.0 1.0 2.5 0.0 0.0 
1282 3.67057738932 5.67743859683 6.21071373691 -1.55198606437 100.239997864 0.293004519337 -0.15625 9.0 1.0 1.0 2.5 0.0 0.0 
1282 3.51233505897 6.27514558914 6.21071373691 -1.55198606437 111.36000061 0.293004519337 -0.15625 9.0 1.0 1.0 2.5 0.0 0.0 
1282 3.46270385909 6.39978683867 6.21071373691 -1.55198606437 115.059997559 0.293004519337 -0.15625 9.0 1.0 1.0 2.5 0.0 0.0 
1282 3.42607404199 6.46560041835 6.21071373691 -1.55198606437 132.549999237 0.293004519337 -0.15625 9.0 1.0 1.0 2.5 0.0 0.0 
1282 3.40140581627 6.48819271908 6.21071373691 -1.55198606437 153.260000229 0.293004519337 -0.15625 9.0 1.0 1.0 2.5 0.0 0.0 
1282 3.68141234761 6.41473017888 6.21071373691 -1.55198606437 172.579999924 0.293004519337 -0.15625 9.0 1.0 1.0 2.5 0.0 0.0 
1285 4.12695084618 6.36081785402 6.21071373691 -1.55198606437 177.24000001 0.459975566747 0.25 9.0 1.0 1.0 2.5 0.0 0.0 
1291 4.83760543952 6.3502722904 6.09823300176 2.47086351289 182.039999962 0.389485595531 -2.09375 9.0 1.0 1.0 2.5 0.0 0.0 
1291 5.85310660095 6.39381343119 6.46567516101 2.64705577601 183.619999886 0.389485595531 -2.09375 9.0 1.0 1.0 2.5 0.0 0.0 
1293 6.32916711747 6.42422979708 7.5099391476 2.86610803809 183.059999943 0.274941168884 -4.0 9.0 1.0 1.0 2.5 0.0 0.0 
1293 6.52648572138 6.43296161781 7.5099391476 2.86610803809 180.730000019 0.274941168884 -4.0 9.0 1.0 1.0 2.5 0.0 0.0 
1295 6.81988252268 6.42876082854 7.9774565102 3.08352471303 176.859999895 0.241616388843 -2.875 9.0 1.0 1.0 2.5 0.0 0.0 
1295 7.01785039911 6.4150587156 7.84433261187 3.10493711885 175.099999905 0.241616388843 -2.875 9.0 1.0 1.0 2.5 0.0 0.0 
1295 7.1505557441 6.40320887515 7.84433261187 3.10493711885 174.739999771 0.241616388843 -2.875 9.0 1.0 1.0 2.5 0.0 0.0 
1295 7.16726760277 6.40181239405 7.84433261187 3.10493711885 176.25999999 0.241616388843 -2.875 9.0 1.0 1.0 2.5 0.0 0.0 
1295 7.16819719481 6.40174967279 7.84433261187 3.10493711885 176.049999952 0.241616388843 -2.875 9.0 1.0 1.0 2.5 0.0 0.0 
1295 7.16819719481 6.40174967279 7.84433261187 3.10493711885 175.96999979 0.241616388843 -2.875 9.0 1.0 1.0 2.5 0.0 0.0 
1295 7.16819719481 6.40174967279 7.84433261187 3.10493711885 175.980000019 0.241616388843 -2.875 9.0 1.0 1.0 2.5 0.0 0.0 
1295 7.16819719481 6.40174967279 7.84433261187 3.10493711885 175.980000019 0.241616388843 -2.875 9.0 1.0 1.0 2.5 0.0 0.0 
1295 7.16819719481 6.40174967279 7.84433261187 3.10493711885 175.980000019 0.241616388843 -2.875 9.0 1.0 1.0 2.5 0.0 0.0 
1296 7.16819719481 6.40174967279 7.84433261187 3.10493711885 175.980000019 0.703179938079 -0.90625 9.0 1.0 1.0 2.5 0.0 0.0 
1296 7.16076179761 6.40227091052 3.67254300631 3.22511803507 175.989999771 0.703179938079 -0.90625 9.0 1.0 1.0 2.5 0.0 0.0 
1296 6.762362127 6.44329013628 3.67254300631 3.22511803507 170.680000305 0.703179938079 -0.90625 9.0 1.0 1.0 2.5 0.0 0.0 
1296 6.22181731999 6.55194260906 3.67254300631 3.22511803507 162.129999161 0.703179938079 -0.90625 9.0 1.0 1.0 2.5 0.0 0.0 
1296 5.03491030628 7.01051166526 3.67254300631 3.22511803507 149.88999939 0.703179938079 -0.90625 9.0 1.0 1.0 2.5 0.0 0.0 
1296 4.05259733164 7.71982153582 3.67254300631 3.22511803507 134.330001831 0.703179938079 -0.90625 9.0 1.0 1.0 2.5 0.0 0.0 
1296 3.24409187497 8.77446868289 3.67254300631 3.22511803507 110.540000916 0.703179938079 -0.90625 9.0 1.0 1.0 2.5 0.0 0.0 
1296 2.81780585485 10.1045628665 3.67254300631 3.22511803507 88.6399993896 0.703179938079 -0.90625 9.0 1.0 1.0 2.5 0.0 0.0 
1296 2.79957889781 10.8273855174 3.67254300631 3.22511803507 76.8199996948 0.703179938079 -0.90625 9.0 1.0 1.0 2.5 0.0 0.0 
1296 3.27400894231 12.1755905655 3.67254300631 3.22511803507 52.0599975586 0.703179938079 -0.90625 9.0 1.0 1.0 2.5 0.0 0.0 
1296 3.74882948155 12.7193469478 3.67254300631 3.22511803507 39.2200012207 0.703179938079 -0.90625 9.0 1.0 1.0 2.5 0.0 0.0 
1296 5.00144201926 13.4207141065 3.67254300631 3.22511803507 19.2700042725 0.703179938079 -0.90625 9.0 1.0 1.0 2.5 0.0 0.0 
1296 7.35583849588 13.5470350563 3.67254300631 3.22511803507 342.789993286 0.703179938079 -0.90625 9.0 1.0 1.0 2.5 0.0 0.0 
1296 9.51448406561 12.5590618858 3.67254300631 3.22511803507 330.339996338 0.703179938079 -0.90625 9.0 1.0 1.0 2.5 0.0 0.0 
1296 10.9378441216 11.7816156838 3.67254300631 3.22511803507 337.020004272 0.703179938079 -0.90625 9.0 1.0 1.0 2.5 0.0 0.0 
1296 13.3442417265 10.9945243466 3.67254300631 3.22511803507 354.580001831 0.703179938079 -0.90625 9.0 1.0 1.0 2.5 0.0 0.0 
1296 15.1985719505 10.8535369116 3.67254300631 3.22511803507 2.33999633789 0.703179938079 -0.90625 9.0 1.0 1.0 2.5 0.0 0.0 
1296 18.1833991667 11.1274014367 3.67254300631 3.22511803507 9.61999511719 0.703179938079 -0.90625 9.0 1.0 1.0 2.5 0.0 0.0 
1296 19.1971110372 11.3070443969 3.67254300631 3.22511803507 11.25 0.703179938079 -0.90625 9.0 1.0 1.0 2.5 0.0 0.0 
1296 22.3385944624 12.0080730422 3.67254300631 3.22511803507 13.8500061035 0.703179938079 -0.90625 9.0 1.0 1.0 2.5 0.0 0.0 
1296 23.3955867672 12.2708291413 3.67254300631 3.22511803507 14.2100067139 0.703179938079 -0.90625 9.0 1.0 1.0 2.5 0.0 0.0 
1296 26.577387307 13.0810123788 3.67254300631 3.22511803507 14.1199951172 0.703179938079 -0.90625 9.0 1.0 1.0 2.5 0.0 0.0 
1296 28.5825013485 13.5478148042 3.67254300631 3.22511803507 6.88000488281 0.703179938079 -0.90625 9.0 1.0 1.0 2.5 0.0 0.0 
1296 30.5591908036 13.7264789933 3.67254300631 3.22511803507 352.149993896 0.703179938079 -0.90625 9.0 1.0 1.0 2.5 0.0 0.0 
1296 32.4799964762 13.3719355016 3.67254300631 3.22511803507 332.11000061 0.703179938079 -0.90625 9.0 1.0 1.0 2.5 0.0 0.0 
1296 34.0767595303 12.4168665586 3.67254300631 3.22511803507 316.949996948 0.703179938079 -0.90625 9.0 1.0 1.0 2.5 0.0 0.0 
1296 35.3600972545 11.1211754918 3.67254300631 3.22511803507 313.130004883 0.703179938079 -0.90625 9.0 1.0 1.0 2.5 0.0 0.0 
1296 36.4161480127 10.114503375 3.67254300631 3.22511803507 327.720001221 0.703179938079 -0.90625 9.0 1.0 1.0 2.5 0.0 0.0 
1296 36.8659325382 9.89148643245 3.67254300631 3.22511803507 341.259994507 0.703179938079 -0.90625 9.0 1.0 1.0 2.5 0.0 0.0 
1296 36.8747029084 9.85227092624 3.67254300631 3.22511803507 5.77000427246 0.703179938079 -0.90625 9.0 1.0 1.0 2.5 0.0 0.0 
1296 36.3275127049 9.73370262747 3.67254300631 3.22511803507 20.1699981689 0.703179938079 -0.90625 9.0 1.0 1.0 2.5 0.0 0.0 
1296 36.8673235518 9.99954919529 3.67254300631 3.22511803507 29.5200042725 0.703179938079 -0.90625 9.0 1.0 1.0 2.5 0.0 0.0 
1296 37.3794886472 10.2975211975 3.67254300631 3.22511803507 33.5899963379 0.703179938079 -0.90625 9.0 1.0 1.0 2.5 0.0 0.0 
1296 38.2029968251 10.8897116588 3.67254300631 3.22511803507 38.3399963379 0.703179938079 -0.90625 9.0 1.0 1.0 2.5 0.0 0.0 
1296 39.1471098886 11.6499188356 3.67254300631 3.22511803507 38.0399932861 0.703179938079 -0.90625 9.0 1.0 1.0 2.5 0.0 0.0 
1296 40.2504857949 12.4409960239 3.67254300631 3.22511803507 30.3899993896 0.703179938079 -0.90625 9.0 1.0 1.0 2.5 0.0 0.0 
1296 42.4965188811 13.4059140573 3.67254300631 3.22511803507 15.0599975586 0.703179938079 -0.90625 9.0 1.0 1.0 2.5 0.0 0.0 
1296 43.2835277397 13.6033475376 3.67254300631 3.22511803507 10.8899993896 0.703179938079 -0.90625 9.0 1.0 1.0 2.5 0.0 0.0 
1296 45.7111062283 13.79737437 3.67254300631 3.22511803507 354.020004272 0.703179938079 -0.90625 9.0 1.0 1.0 2.5 0.0 0.0 
1296 46.3072740865 13.7028040829 3.67254300631 3.22511803507 335.479995728 0.703179938079 -0.90625 9.0 1.0 1.0 2.5 0.0 0.0 
1296 46.2805176063 13.7212493799 3.67254300631 3.22511803507 311.679992676 0.703179938079 -0.90625 9.0 1.0 1.0 2.5 0.0 0.0 
1296 46.1775109644 13.8578075023 3.67254300631 3.22511803507 293.160003662 0.703179938079 -0.90625 9.0 1.0 1.0 2.5 0.0 0.0 
1296 46.0786493604 14.1985043267 3.67254300631 3.22511803507 269.760002136 0.703179938079 -0.90625 9.0 1.0 1.0 2.5 0.0 0.0 
1296 46.1797096817 15.101453231 3.67254300631 3.22511803507 247.669998169 0.703179938079 -0.90625 9.0 1.0 1.0 2.5 0.0 0.0 
1296 46.4942623061 15.7252932135 3.67254300631 3.22511803507 236.310001373 0.703179938079 -0.90625 9.0 1.0 1.0 2.5 0.0 0.0 
1296 47.1175003308 16.6646199946 3.67254300631 3.22511803507 237.919998169 0.703179938079 -0.90625 9.0 1.0 1.0 2.5 0.0 0.0 
1296 47.4519504408 17.1861424223 3.67254300631 3.22511803507 241.540000916 0.703179938079 -0.90625 9.0 1.0 1.0 2.5 0.0 0.0 
1296 48.0526816909 18.3335264472 3.67254300631 3.22511803507 247.080001831 0.703179938079 -0.90625 9.0 1.0 1.0 2.5 0.0 0.0 
1296 48.3975077101 19.134524568 3.67254300631 3.22511803507 242.459999084 0.703179938079 -0.90625 9.0 1.0 1.0 2.5 0.0 0.0 
1296 48.5404771717 19.4129261161 3.67254300631 3.22511803507 249.419998169 0.703179938079 -0.90625 9.0 1.0 1.0 2.5 0.0 0.0 
1296 48.4829525271 19.248473969 3.67254300631 3.22511803507 247.970001221 0.703179938079 -0.90625 9.0 1.0 1.0 2.5 0.0 0.0 
1296 48.409906728 19.0701403348 3.67254300631 3.22511803507 242.709999084 0.703179938079 -0.90625 9.0 1.0 1.0 2.5 0.0 0.0 
1296 48.3408770395 18.9289101887 3.67254300631 3.22511803507 225.990001678 0.703179938079 -0.90625 9.0 1.0 1.0 2.5 0.0 0.0 
1296 48.6578490682 19.2527556803 3.67254300631 3.22511803507 220.380001068 0.703179938079 -0.90625 9.0 1.0 1.0 2.5 0.0 0.0 
1296 49.4910994996 19.9363263738 3.67254300631 3.22511803507 217.279998779 0.703179938079 -0.90625 9.0 1.0 1.0 2.5 0.0 0.0 
1296 50.1052068973 20.4574830374 3.67254300631 3.22511803507 225.150001526 0.703179938079 -0.90625 9.0 1.0 1.0 2.5 0.0 0.0 
1296 50.4374373849 20.9366481 3.67254300631 3.22511803507 253.319999695 0.703179938079 -0.90625 9.0 1.0 1.0 2.5 0.0 0.0 
1296 50.6228089091 21.5048458639 3.67254300631 3.22511803507 247.830001831 0.703179938079 -0.90625 9.0 1.0 1.0 2.5 0.0 0.0 
1296 50.6916317927 21.665682665 3.67254300631 3.22511803507 243.270000458 0.703179938079 -0.90625 9.0 1.0 1.0 2.5 0.0 0.0 
1296 50.7008704725 21.683980076 3.67254300631 3.22511803507 243.369998932 0.703179938079 -0.90625 9.0 1.0 1.0 2.5 0.0 0.0 
1296 50.7000323349 21.6823157964 3.67254300631 3.22511803507 243.36000061 0.703179938079 -0.90625 9.0 1.0 1.0 2.5 0.0 0.0 
1296 50.6996148645 21.6814828535 3.67254300631 3.22511803507 243.380001068 0.703179938079 -0.90625 9.0 1.0 1.0 2.5 0.0 0.0 
1296 50.6606915843 21.604068641 3.67254300631 3.22511803507 242.830001831 0.703179938079 -0.90625 9.0 1.0 1.0 2.5 0.0 0.0 
1296 50.4672227658 21.2587040746 3.67254300631 3.22511803507 237.75 0.703179938079 -0.90625 9.0 1.0 1.0 2.5 0.0 0.0 
1296 50.0321186288 20.636883569 3.67254300631 3.22511803507 230.549999237 0.703179938079 -0.90625 9.0 1.0 1.0 2.5 0.0 0.0 
1296 49.3301228973 19.894525722 3.67254300631 3.22511803507 219.740001678 0.703179938079 -0.90625 9.0 1.0 1.0 2.5 0.0 0.0 
1296 48.8733464082 19.5367436816 3.67254300631 3.22511803507 213.049999237 0.703179938079 -0.90625 9.0 1.0 1.0 2.5 0.0 0.0 
1296 47.6338604502 18.8968582435 3.67254300631 3.22511803507 198.799999237 0.703179938079 -0.90625 9.0 1.0 1.0 2.5 0.0 0.0 
1296 46.0425395863 18.4798524998 3.67254300631 3.22511803507 188.789999962 0.703179938079 -0.90625 9.0 1.0 1.0 2.5 0.0 0.0 
1296 44.2785563955 18.2927215271 3.67254300631 3.22511803507 182.109999895 0.703179938079 -0.90625 9.0 1.0 1.0 2.5 0.0 0.0 
1296 43.3406879434 18.2691608154 3.67254300631 3.22511803507 179.580000013 0.703179938079 -0.90625 9.0 1.0 1.0 2.5 0.0 0.0 
1296 41.4220966445 18.3380913154 3.67254300631 3.22511803507 175.400000095 0.703179938079 -0.90625 9.0 1.0 1.0 2.5 0.0 0.0 
1296 39.3996298033 18.5505703951 3.67254300631 3.22511803507 171.920000076 0.703179938079 -0.90625 9.0 1.0 1.0 2.5 0.0 0.0 
1296 36.2598154784 19.0641295074 3.67254300631 3.22511803507 169.670000076 0.703179938079 -0.90625 9.0 1.0 1.0 2.5 0.0 0.0 
1296 34.2689091157 19.4418054675 3.67254300631 3.22511803507 167.369999886 0.703179938079 -0.90625 9.0 1.0 1.0 2.5 0.0 0.0 
1296 33.3313784533 19.666985438 3.67254300631 3.22511803507 163.200000763 0.703179938079 -0.90625 9.0 1.0 1.0 2.5 0.0 0.0 
1296 30.8133479545 20.8615835263 3.67254300631 3.22511803507 142.020000458 0.703179938079 -0.90625 9.0 1.0 1.0 2.5 0.0 0.0 
1296 29.4616125865 22.0386163439 3.67254300631 3.22511803507 135.020000458 0.703179938079 -0.90625 9.0 1.0 1.0 2.5 0.0 0.0 
1296 28.8055485296 22.8643453178 3.67254300631 3.22511803507 103.989997864 0.703179938079 -0.90625 9.0 1.0 1.0 2.5 0.0 0.0 
1296 28.75279634 23.1081812523 3.67254300631 3.22511803507 94.4499969482 0.703179938079 -0.90625 9.0 1.0 1.0 2.5 0.0 0.0 
1296 28.737326531 23.2530056167 3.67254300631 3.22511803507 86.75 0.703179938079 -0.90625 9.0 1.0 1.0 2.5 0.0 0.0 
1296 28.7100097669 22.8785418837 3.67254300631 3.22511803507 83.7099990845 0.703179938079 -0.90625 9.0 1.0 1.0 2.5 0.0 0.0 
1296 28.662511636 22.5816392799 3.67254300631 3.22511803507 72.4499969482 0.703179938079 -0.90625 9.0 1.0 1.0 2.5 0.0 0.0 
1296 28.6301045109 22.4933769428 3.67254300631 3.22511803507 62.8099975586 0.703179938079 -0.90625 9.0 1.0 1.0 2.5 0.0 0.0 
1296 28.3625851888 22.1272343455 3.67254300631 3.22511803507 41.5299987793 0.703179938079 -0.90625 9.0 1.0 1.0 2.5 0.0 0.0 
1296 26.7947954768 21.3288234352 3.67254300631 3.22511803507 11.7100067139 0.703179938079 -0.90625 9.0 1.0 1.0 2.5 0.0 0.0 
1296 25.2986768846 21.0718880454 3.67254300631 3.22511803507 6.38000488281 0.703179938079 -0.90625 9.0 1.0 1.0 2.5 0.0 0.0 
1296 24.9727476526 21.035444394 3.67254300631 3.22511803507 6.44999694824 0.703179938079 -0.90625 9.0 1.0 1.0 2.5 0.0 0.0 
1296 23.079023952 20.802324096 3.67254300631 3.22511803507 8.53999328613 0.703179938079 -0.90625 9.0 1.0 1.0 2.5 0.0 0.0 
1296 20.9683874389 20.4542962671 3.67254300631 3.22511803507 7.96000671387 0.703179938079 -0.90625 9.0 1.0 1.0 2.5 0.0 0.0 
1296 20.1196267013 20.3282382577 3.67254300631 3.22511803507 6.49000549316 0.703179938079 -0.90625 9.0 1.0 1.0 2.5 0.0 0.0 
1296 18.3468658134 20.1657786686 3.67254300631 3.22511803507 357.649993896 0.703179938079 -0.90625 9.0 1.0 1.0 2.5 0.0 0.0 
1296 16.7327957777 20.2522723628 3.67254300631 3.22511803507 353.699996948 0.703179938079 -0.90625 9.0 1.0 1.0 2.5 0.0 0.0 
1296 15.2745022562 20.3965404272 3.67254300631 3.22511803507 359.919998169 0.703179938079 -0.90625 9.0 1.0 1.0 2.5 0.0 0.0 
1296 13.9203260685 20.3606422831 3.67254300631 3.22511803507 11.6499938965 0.703179938079 -0.90625 9.0 1.0 1.0 2.5 0.0 0.0 
1296 13.1858738996 20.2298089519 3.67254300631 3.22511803507 18.7299957275 0.703179938079 -0.90625 9.0 1.0 1.0 2.5 0.0 0.0 
1296 11.7232945096 19.6893326644 3.67254300631 3.22511803507 29.9400024414 0.703179938079 -0.90625 9.0 1.0 1.0 2.5 0.0 0.0 
1296 10.840841368 19.1739770017 3.67254300631 3.22511803507 41.7400054932 0.703179938079 -0.90625 9.0 1.0 1.0 2.5 0.0 0.0 
1296 10.854863343 19.2508678917 3.67254300631 3.22511803507 52.7799987793 0.703179938079 -0.90625 9.0 1.0 1.0 2.5 0.0 0.0 
1296 10.9005128921 19.3121307868 3.67254300631 3.22511803507 54.8199996948 0.703179938079 -0.90625 9.0 1.0 1.0 2.5 0.0 0.0 
1296 10.7855057143 19.153859982 3.67254300631 3.22511803507 59.0800018311 0.703179938079 -0.90625 9.0 1.0 1.0 2.5 0.0 0.0 
1296 10.8590279121 19.3081751387 3.67254300631 3.22511803507 68.6600036621 0.703179938079 -0.90625 9.0 1.0 1.0 2.5 0.0 0.0 
1296 11.0618330873 19.8435185701 3.67254300631 3.22511803507 76.1500015259 0.703179938079 -0.90625 9.0 1.0 1.0 2.5 0.0 0.0 
1296 11.1362271886 20.1835079219 3.67254300631 3.22511803507 86.6999969482 0.703179938079 -0.90625 9.0 1.0 1.0 2.5 0.0 0.0 
1296 11.1491262171 20.4251874314 3.67254300631 3.22511803507 94.5699996948 0.703179938079 -0.90625 9.0 1.0 1.0 2.5 0.0 0.0 
1296 11.1473315332 20.4568130865 3.67254300631 3.22511803507 96.8300018311 0.703179938079 -0.90625 9.0 1.0 1.0 2.5 0.0 0.0 
1296 11.2148663007 19.958265163 3.67254300631 3.22511803507 97.6900024414 0.703179938079 -0.90625 9.0 1.0 1.0 2.5 0.0 0.0 
1296 11.2624720741 19.7330317773 3.67254300631 3.22511803507 100.25 0.703179938079 -0.90625 9.0 1.0 1.0 2.5 0.0 0.0 
1296 11.292108195 19.459485095 3.67254300631 3.22511803507 106.489997864 0.703179938079 -0.90625 9.0 1.0 1.0 2.5 0.0 0.0 
1298 11.3844649995 19.2391596003 9.01458757147 5.81265090451 124.479999542 0.311527991425 -0.59375 9.0 1.0 1.0 2.5 0.0 0.0 
1298 11.4668385246 19.1195691959 8.70074293279 5.60270389217 133.430000305 0.311527991425 -0.59375 9.0 1.0 1.0 2.5 0.0 0.0 
1298 11.2615955012 19.3186530147 8.70074293279 5.60270389217 139.229999542 0.311527991425 -0.59375 9.0 1.0 1.0 2.5 0.0 0.0 
1298 10.7046405665 19.7759503981 8.70074293279 5.60270389217 146.729999542 0.311527991425 -0.59375 9.0 1.0 1.0 2.5 0.0 0.0 
1298 9.83341677988 20.3175727187 8.70074293279 5.60270389217 157.239999771 0.311527991425 -0.59375 9.0 1.0 1.0 2.5 0.0 0.0 
1298 8.59286379117 20.7000150178 8.70074293279 5.60270389217 185.090000153 0.311527991425 -0.59375 9.0 1.0 1.0 2.5 0.0 0.0 
1298 7.59365263191 20.5478608823 8.70074293279 5.60270389217 208.11000061 0.311527991425 -0.59375 9.0 1.0 1.0 2.5 0.0 0.0 
1298 6.56396160223 19.9243277367 8.70074293279 5.60270389217 221.439998627 0.311527991425 -0.59375 9.0 1.0 1.0 2.5 0.0 0.0 
1298 5.52151702139 18.9087016129 8.70074293279 5.60270389217 228.259998322 0.311527991425 -0.59375 9.0 1.0 1.0 2.5 0.0 0.0 
1298 4.07149966193 17.2104007789 8.70074293279 5.60270389217 225.169998169 0.311527991425 -0.59375 9.0 1.0 1.0 2.5 0.0 0.0 
1298 3.38782306032 16.5513099928 8.70074293279 5.60270389217 208.270000458 0.311527991425 -0.59375 9.0 1.0 1.0 2.5 0.0 0.0 
1298 3.29978260828 16.4666877797 8.70074293279 5.60270389217 190.670000076 0.311527991425 -0.59375 9.0 1.0 1.0 2.5 0.0 0.0 
1298 3.5534573557 16.5006152376 8.70074293279 5.60270389217 180.959999979 0.311527991425 -0.59375 9.0 1.0 1.0 2.5 0.0 0.0 
1298 4.16509598383 16.4711310028 8.70074293279 5.60270389217 167.010000229 0.311527991425 -0.59375 9.0 1.0 1.0 2.5 0.0 0.0 
1298 5.03318810194 16.2549631912 8.70074293279 5.60270389217 154.36000061 0.311527991425 -0.59375 9.0 1.0 1.0 2.5 0.0 0.0 
1298 5.8209597696 15.8365403032 8.70074293279 5.60270389217 140.490001678 0.311527991425 -0.59375 9.0 1.0 1.0 2.5 0.0 0.0 
1298 6.12324540419 15.6016576011 8.70074293279 5.60270389217 135.919998169 0.311527991425 -0.59375 9.0 1.0 1.0 2.5 0.0 0.0 
1298 6.38379539616 15.3460932605 8.70074293279 5.60270389217 133.830001831 0.311527991425 -0.59375 9.0 1.0 1.0 2.5 0.0 0.0 
1298 6.5484654861 15.1993816661 8.70074293279 5.60270389217 145.549999237 0.311527991425 -0.59375 9.0 1.0 1.0 2.5 0.0 0.0 
1298 6.900048338 15.0475757047 8.70074293279 5.60270389217 169.840000153 0.311527991425 -0.59375 9.0 1.0 1.0 2.5 0.0 0.0 
1299 7.01138987906 15.0300916715 8.70074293279 5.60270389217 177.269999981 0.311527991425 -0.59375 9.0 1.0 1.0 2.5 0.0 0.0 
1306 7.16490726718 15.0254857658 7.1030370017 2.17514185917 185.239999771 0.324101861776 -0.875 9.0 1.0 1.0 2.5 0.0 0.0 
1308 7.27144177302 15.0363092154 7.16641226466 2.20108514863 190.960000038 0.313284191948 -2.6875 9.0 1.0 1.0 2.5 0.0 0.0 
1308 7.3172816928 15.0445987523 7.16641226466 2.20108514863 191.31000042 0.313284191948 -2.6875 9.0 1.0 1.0 2.5 0.0 0.0 
1308 7.31270036353 15.0437532901 7.16641226466 2.20108514863 190.260000229 0.313284191948 -2.6875 9.0 1.0 1.0 2.5 0.0 0.0 
1308 7.30627363744 15.0426425414 7.16641226466 2.20108514863 189.770000458 0.313284191948 -2.6875 9.0 1.0 1.0 2.5 0.0 0.0 
1308 7.310864547 15.043433384 7.16641226466 2.20108514863 189.420000076 0.313284191948 -2.6875 9.0 1.0 1.0 2.5 0.0 0.0 
1308 7.30810555075 15.0429853709 7.16641226466 2.20108514863 189.449999809 0.313284191948 -2.6875 9.0 1.0 1.0 2.5 0.0 0.0 
1308 7.31178266523 15.0435921353 7.16641226466 2.20108514863 189.010000229 0.313284191948 -2.6875 9.0 1.0 1.0 2.5 0.0 0.0 
1308 7.30994224663 15.0433003123 7.16641226466 2.20108514863 189.119999886 0.313284191948 -2.6875 9.0 1.0 1.0 2.5 0.0 0.0 
1308 7.30994224663 15.0433003123 7.16641226466 2.20108514863 189.109999657 0.313284191948 -2.6875 9.0 1.0 1.0 2.5 0.0 0.0 
1308 7.30994224663 15.0433003123 7.16641226466 2.20108514863 189.109999657 0.313284191948 -2.6875 9.0 1.0 1.0 2.5 0.0 0.0 
1308 7.31086219987 15.0434478296 7.16641226466 2.20108514863 189.109999657 0.313284191948 -2.6875 9.0 1.0 1.0 2.5 0.0 0.0 
1310 7.33488001894 15.0465665479 7.28935587715 2.97887618276 181.25999999 0.300616293902 -3.5625 9.0 1.0 1.0 2.5 0.0 0.0 
1318 7.3767416353 15.0464062582 7.22776050318 2.78535979418 174.619999886 0.303885398954 1.5 9.0 1.0 1.0 2.5 0.0 0.0 
1318 7.38600770156 15.0454362793 7.23728395759 2.67969702923 174.090000153 0.303885398954 1.5 9.0 1.0 1.0 2.5 0.0 0.0 
1325 7.46571347798 15.0372344733 7.27203588837 2.58650756871 174.670000076 0.299793812761 1.59375 9.0 1.0 1.0 2.5 0.0 0.0 
1332 7.92955906156 14.9940488585 7.38289104823 2.59597943206 174.480000019 0.291407752575 1.4375 9.0 1.0 1.0 2.5 0.0 0.0 
1332 8.58604305312 14.9295609277 7.34817346293 2.62815894608 176.25 0.291407752575 1.4375 9.0 1.0 1.0 2.5 0.0 0.0 
1332 8.90309735598 14.9095807664 7.34817346293 2.62815894608 177.730000019 0.291407752575 1.4375 9.0 1.0 1.0 2.5 0.0 0.0 
1332 9.11452984311 14.9118368443 7.34817346293 2.62815894608 184.639999866 0.291407752575 1.4375 9.0 1.0 1.0 2.5 0.0 0.0 
1332 9.1786486268 14.9164730485 7.34817346293 2.62815894608 185.389999866 0.291407752575 1.4375 9.0 1.0 1.0 2.5 0.0 0.0 
1332 9.12669609762 14.9116556812 7.34817346293 2.62815894608 184.909999847 0.291407752575 1.4375 9.0 1.0 1.0 2.5 0.0 0.0 
1332 9.12205529675 14.9112496637 7.34817346293 2.62815894608 184.880000114 0.291407752575 1.4375 9.0 1.0 1.0 2.5 0.0 0.0 
1332 9.12205529675 14.9112496637 7.34817346293 2.62815894608 185.010000229 0.291407752575 1.4375 9.0 1.0 1.0 2.5 0.0 0.0 
1332 9.12205529675 14.9112496637 7.34817346293 2.62815894608 185.019999981 0.291407752575 1.4375 9.0 1.0 1.0 2.5 0.0 0.0 
1332 9.12205529675 14.9112496637 7.34817346293 2.62815894608 185.019999981 0.291407752575 1.4375 9.0 1.0 1.0 2.5 0.0 0.0 
1332 9.12205529675 14.9112496637 7.34817346293 2.62815894608 185.03000021 0.291407752575 1.4375 9.0 1.0 1.0 2.5 0.0 0.0 
1332 9.12205529675 14.9112496637 7.34817346293 2.62815894608 185.03000021 0.291407752575 1.4375 9.0 1.0 1.0 2.5 0.0 0.0 
1332 9.12205529675 14.9112496637 7.34817346293 2.62815894608 185.039999962 0.291407752575 1.4375 9.0 1.0 1.0 2.5 0.0 0.0 
1332 9.12205529675 14.9112496637 7.34817346293 2.62815894608 185.039999962 0.291407752575 1.4375 9.0 1.0 1.0 2.5 0.0 0.0 
1332 9.12205529675 14.9112496637 7.34817346293 2.62815894608 185.050000191 0.291407752575 1.4375 9.0 1.0 1.0 2.5 0.0 0.0 
1332 9.12205529675 14.9112496637 7.34817346293 2.62815894608 185.039999962 0.291407752575 1.4375 9.0 1.0 1.0 2.5 0.0 0.0 
1333 9.12205529675 14.9112496637 7.32260393086 2.80185244377 185.050000191 0.295120102906 -4.0 9.0 1.0 1.0 2.5 0.0 0.0 
1333 9.11648684897 14.9107566112 7.32260393086 2.80185244377 185.050000191 0.295120102906 -4.0 9.0 1.0 1.0 2.5 0.0 0.0 
1333 8.94733486854 14.89905256 7.32260393086 2.80185244377 179.680000007 0.295120102906 -4.0 9.0 1.0 1.0 2.5 0.0 0.0 
1333 8.36286157908 14.9164787919 7.32260393086 2.80185244377 171.340000153 0.295120102906 -4.0 9.0 1.0 1.0 2.5 0.0 0.0 
1333 7.46448946804 15.0787181306 7.32260393086 2.80185244377 160.049999237 0.295120102906 -4.0 9.0 1.0 1.0 2.5 0.0 0.0 
1333 5.89116544603 15.8329555357 7.32260393086 2.80185244377 137.229999542 0.295120102906 -4.0 9.0 1.0 1.0 2.5 0.0 0.0 
1333 4.96377529717 16.7655901322 7.32260393086 2.80185244377 118.310001373 0.295120102906 -4.0 9.0 1.0 1.0 2.5 0.0 0.0 
1333 4.36473718306 18.0132772184 7.32260393086 2.80185244377 96.8399963379 0.295120102906 -4.0 9.0 1.0 1.0 2.5 0.0 0.0 
1333 4.26904776524 19.4322631357 7.32260393086 2.80185244377 79.3799972534 0.295120102906 -4.0 9.0 1.0 1.0 2.5 0.0 0.0 
1333 4.7459311572 20.7869518552 7.32260393086 2.80185244377 50.5899963379 0.295120102906 -4.0 9.0 1.0 1.0 2.5 0.0 0.0 
1333 5.09543784892 21.2577089443 7.32260393086 2.80185244377 40.9299926758 0.295120102906 -4.0 9.0 1.0 1.0 2.5 0.0 0.0 
1333 5.99518258236 21.9611225113 7.32260393086 2.80185244377 22.6999969482 0.295120102906 -4.0 9.0 1.0 1.0 2.5 0.0 0.0 
1333 7.01674574794 22.3649812903 7.32260393086 2.80185244377 10.3099975586 0.295120102906 -4.0 9.0 1.0 1.0 2.5 0.0 0.0 
1333 8.08472280179 22.5716057519 7.32260393086 2.80185244377 19.7799987793 0.295120102906 -4.0 9.0 1.0 1.0 2.5 0.0 0.0 
1333 9.51556636835 23.1838202694 7.32260393086 2.80185244377 29.9199981689 0.295120102906 -4.0 9.0 1.0 1.0 2.5 0.0 0.0 
1333 10.5697431291 23.7968426597 7.32260393086 2.80185244377 30.2599945068 0.295120102906 -4.0 9.0 1.0 1.0 2.5 0.0 0.0 
1333 11.4613839944 24.2653964505 7.32260393086 2.80185244377 20.1399993896 0.295120102906 -4.0 9.0 1.0 1.0 2.5 0.0 0.0 
1333 11.8076148613 24.3777309551 7.32260393086 2.80185244377 15.4900054932 0.295120102906 -4.0 9.0 1.0 1.0 2.5 0.0 0.0 
1333 12.5837717476 24.3825976751 7.32260393086 2.80185244377 336.919998169 0.295120102906 -4.0 9.0 1.0 1.0 2.5 0.0 0.0 
1333 13.4080873806 23.8639145778 7.32260393086 2.80185244377 313.270004272 0.295120102906 -4.0 9.0 1.0 1.0 2.5 0.0 0.0 
1333 14.0128776607 23.2089243216 7.32260393086 2.80185244377 307.25 0.295120102906 -4.0 9.0 1.0 1.0 2.5 0.0 0.0 
1333 14.2301684011 22.9270516819 7.32260393086 2.80185244377 306.760002136 0.295120102906 -4.0 9.0 1.0 1.0 2.5 0.0 0.0 
1333 14.5813627663 22.4637558627 7.32260393086 2.80185244377 309.199996948 0.295120102906 -4.0 9.0 1.0 1.0 2.5 0.0 0.0 
1333 15.1113853538 21.8347029611 7.32260393086 2.80185244377 311.589996338 0.295120102906 -4.0 9.0 1.0 1.0 2.5 0.0 0.0 
1333 15.2430330811 21.6862018959 7.32260393086 2.80185244377 311.63999939 0.295120102906 -4.0 9.0 1.0 1.0 2.5 0.0 0.0 
1333 15.6048534211 21.2810682525 7.32260393086 2.80185244377 312.009994507 0.295120102906 -4.0 9.0 1.0 1.0 2.5 0.0 0.0 
1333 15.9805409075 20.8645919442 7.32260393086 2.80185244377 312.259994507 0.295120102906 -4.0 9.0 1.0 1.0 2.5 0.0 0.0 
1333 16.3036014696 20.5098144792 7.32260393086 2.80185244377 312.339996338 0.295120102906 -4.0 9.0 1.0 1.0 2.5 0.0 0.0 
1333 16.548213775 20.2411156732 7.32260393086 2.80185244377 312.130004883 0.295120102906 -4.0 9.0 1.0 1.0 2.5 0.0 0.0 
1333 16.6395383351 20.1403004502 7.32260393086 2.80185244377 311.809997559 0.295120102906 -4.0 9.0 1.0 1.0 2.5 0.0 0.0 
1333 16.7909829806 19.9707543905 7.32260393086 2.80185244377 311.199996948 0.295120102906 -4.0 9.0 1.0 1.0 2.5 0.0 0.0 
1333 16.8859773344 19.8619830108 7.32260393086 2.80185244377 310.380004883 0.295120102906 -4.0 9.0 1.0 1.0 2.5 0.0 0.0 
1333 16.9456574972 19.7916538228 7.32260393086 2.80185244377 309.789993286 0.295120102906 -4.0 9.0 1.0 1.0 2.5 0.0 0.0 
1333 16.9599945422 19.774493977 7.32260393086 2.80185244377 309.690002441 0.295120102906 -4.0 9.0 1.0 1.0 2.5 0.0 0.0 
1333 16.9528548222 19.7830978855 7.32260393086 2.80185244377 309.669998169 0.295120102906 -4.0 9.0 1.0 1.0 2.5 0.0 0.0 
1333 16.9480998078 19.7888378028 7.32260393086 2.80185244377 309.589996338 0.295120102906 -4.0 9.0 1.0 1.0 2.5 0.0 0.0 
1333 16.9392038457 19.7996164293 7.32260393086 2.80185244377 309.509994507 0.295120102906 -4.0 9.0 1.0 1.0 2.5 0.0 0.0 
1333 16.9350545045 19.8046481942 7.32260393086 2.80185244377 309.38999939 0.295120102906 -4.0 9.0 1.0 1.0 2.5 0.0 0.0 
1333 16.9350545045 19.8046481942 7.32260393086 2.80185244377 308.699996948 0.295120102906 -4.0 9.0 1.0 1.0 2.5 0.0 0.0 
1333 16.9350545045 19.8046481942 7.32260393086 2.80185244377 305.489997864 0.295120102906 -4.0 9.0 1.0 1.0 2.5 0.0 0.0 
1333 16.9350545045 19.8046481942 7.32260393086 2.80185244377 303.680000305 0.295120102906 -4.0 9.0 1.0 1.0 2.5 0.0 0.0 
1333 16.9350545045 19.8046481942 7.32260393086 2.80185244377 303.940002441 0.295120102906 -4.0 9.0 1.0 1.0 2.5 0.0 0.0 
1333 16.9350545045 19.8046481942 7.32260393086 2.80185244377 304.269996643 0.295120102906 -4.0 9.0 1.0 1.0 2.5 0.0 0.0 
1333 16.9350545045 19.8046481942 7.32260393086 2.80185244377 304.769996643 0.295120102906 -4.0 9.0 1.0 1.0 2.5 0.0 0.0 
1333 16.9350545045 19.8046481942 7.32260393086 2.80185244377 305.910003662 0.295120102906 -4.0 9.0 1.0 1.0 2.5 0.0 0.0 
1333 16.9350545045 19.8046481942 7.32260393086 2.80185244377 306.459999084 0.295120102906 -4.0 9.0 1.0 1.0 2.5 0.0 0.0 
1333 16.9350545045 19.8046481942 7.32260393086 2.80185244377 307.900001526 0.295120102906 -4.0 9.0 1.0 1.0 2.5 0.0 0.0 
1333 16.9350545045 19.8046481942 7.32260393086 2.80185244377 309.779998779 0.295120102906 -4.0 9.0 1.0 1.0 2.5 0.0 0.0 
1333 16.9350545045 19.8046481942 7.32260393086 2.80185244377 312.490005493 0.295120102906 -4.0 9.0 1.0 1.0 2.5 0.0 0.0 
1333 16.9350545045 19.8046481942 7.32260393086 2.80185244377 316.149993896 0.295120102906 -4.0 9.0 1.0 1.0 2.5 0.0 0.0 
1333 16.9350545045 19.8046481942 7.32260393086 2.80185244377 327.839996338 0.295120102906 -4.0 9.0 1.0 1.0 2.5 0.0 0.0 
1333 16.9350545045 19.8046481942 7.32260393086 2.80185244377 345.809997559 0.295120102906 -4.0 9.0 1.0 1.0 2.5 0.0 0.0 
1333 16.9350545045 19.8046481942 7.32260393086 2.80185244377 2.97999572754 0.295120102906 -4.0 9.0 1.0 1.0 2.5 0.0 0.0 
1333 16.9350545045 19.8046481942 7.32260393086 2.80185244377 1.16000366211 0.295120102906 -4.0 9.0 1.0 1.0 2.5 0.0 0.0 
1333 16.9350545045 19.8046481942 7.32260393086 2.80185244377 16.5500030518 0.295120102906 -4.0 9.0 1.0 1.0 2.5 0.0 0.0 
1333 16.9350545045 19.8046481942 7.32260393086 2.80185244377 24.3600006104 0.295120102906 -4.0 9.0 1.0 1.0 2.5 0.0 0.0 
1333 16.9350545045 19.8046481942 7.32260393086 2.80185244377 21.1000061035 0.295120102906 -4.0 9.0 1.0 1.0 2.5 0.0 0.0 
1333 16.9350545045 19.8046481942 7.32260393086 2.80185244377 22.7599945068 0.295120102906 -4.0 9.0 1.0 1.0 2.5 0.0 0.0 
1333 16.9350545045 19.8046481942 7.32260393086 2.80185244377 16.2599945068 0.295120102906 -4.0 9.0 1.0 1.0 2.5 0.0 0.0 
1333 16.9350545045 19.8046481942 7.32260393086 2.80185244377 359.380004883 0.295120102906 -4.0 9.0 1.0 1.0 2.5 0.0 0.0 
1333 16.9350545045 19.8046481942 7.32260393086 2.80185244377 354.229995728 0.295120102906 -4.0 9.0 1.0 1.0 2.5 0.0 0.0 
1333 16.9350545045 19.8046481942 7.32260393086 2.80185244377 357.399993896 0.295120102906 -4.0 9.0 1.0 1.0 2.5 0.0 0.0 
1333 16.9350545045 19.8046481942 7.32260393086 2.80185244377 355.050003052 0.295120102906 -4.0 9.0 1.0 1.0 2.5 0.0 0.0 
1333 16.9350545045 19.8046481942 7.32260393086 2.80185244377 1.4700012207 0.295120102906 -4.0 9.0 1.0 1.0 2.5 0.0 0.0 
1333 16.9350545045 19.8046481942 7.32260393086 2.80185244377 5.72999572754 0.295120102906 -4.0 9.0 1.0 1.0 2.5 0.0 0.0 
1333 16.9350545045 19.8046481942 7.32260393086 2.80185244377 8.91000366211 0.295120102906 -4.0 9.0 1.0 1.0 2.5 0.0 0.0 
1333 16.9350545045 19.8046481942 7.32260393086 2.80185244377 9.64999389648 0.295120102906 -4.0 9.0 1.0 1.0 2.5 0.0 0.0 
1333 16.9350545045 19.8046481942 7.32260393086 2.80185244377 10.1300048828 0.295120102906 -4.0 9.0 1.0 1.0 2.5 0.0 0.0 
1333 16.9350545045 19.8046481942 7.32260393086 2.80185244377 357.86000061 0.295120102906 -4.0 9.0 1.0 1.0 2.5 0.0 0.0 
1333 16.9350545045 19.8046481942 7.32260393086 2.80185244377 351.789993286 0.295120102906 -4.0 9.0 1.0 1.0 2.5 0.0 0.0 
1333 16.9350545045 19.8046481942 7.32260393086 2.80185244377 346.0 0.295120102906 -4.0 9.0 1.0 1.0 2.5 0.0 0.0 
1333 16.9350545045 19.8046481942 7.32260393086 2.80185244377 342.929992676 0.295120102906 -4.0 9.0 1.0 1.0 2.5 0.0 0.0 
1333 16.9350545045 19.8046481942 7.32260393086 2.80185244377 335.770004272 0.295120102906 -4.0 9.0 1.0 1.0 2.5 0.0 0.0 
1333 16.9350545045 19.8046481942 7.32260393086 2.80185244377 340.130004883 0.295120102906 -4.0 9.0 1.0 1.0 2.5 0.0 0.0 
1333 16.9350545045 19.8046481942 7.32260393086 2.80185244377 347.720001221 0.295120102906 -4.0 9.0 1.0 1.0 2.5 0.0 0.0 
1333 16.9350545045 19.8046481942 7.32260393086 2.80185244377 350.729995728 0.295120102906 -4.0 9.0 1.0 1.0 2.5 0.0 0.0 
1333 16.9350545045 19.8046481942 7.32260393086 2.80185244377 353.479995728 0.295120102906 -4.0 9.0 1.0 1.0 2.5 0.0 0.0 
1333 16.9350545045 19.8046481942 7.32260393086 2.80185244377 349.580001831 0.295120102906 -4.0 9.0 1.0 1.0 2.5 0.0 0.0 
1333 16.9350545045 19.8046481942 7.32260393086 2.80185244377 345.130004883 0.295120102906 -4.0 9.0 1.0 1.0 2.5 0.0 0.0 
1333 16.9350545045 19.8046481942 7.32260393086 2.80185244377 341.789993286 0.295120102906 -4.0 9.0 1.0 1.0 2.5 0.0 0.0 
1333 16.9350545045 19.8046481942 7.32260393086 2.80185244377 338.539993286 0.295120102906 -4.0 9.0 1.0 1.0 2.5 0.0 0.0 
1333 16.9350545045 19.8046481942 7.32260393086 2.80185244377 342.199996948 0.295120102906 -4.0 9.0 1.0 1.0 2.5 0.0 0.0 
1333 16.9350545045 19.8046481942 7.32260393086 2.80185244377 349.020004272 0.295120102906 -4.0 9.0 1.0 1.0 2.5 0.0 0.0 
1333 16.9350545045 19.8046481942 7.32260393086 2.80185244377 352.259994507 0.295120102906 -4.0 9.0 1.0 1.0 2.5 0.0 0.0 
1333 16.9350545045 19.8046481942 7.32260393086 2.80185244377 354.169998169 0.295120102906 -4.0 9.0 1.0 1.0 2.5 0.0 0.0 
1333 16.9350545045 19.8046481942 7.32260393086 2.80185244377 350.38999939 0.295120102906 -4.0 9.0 1.0 1.0 2.5 0.0 0.0 
1333 16.9350545045 19.8046481942 7.32260393086 2.80185244377 345.320007324 0.295120102906 -4.0 9.0 1.0 1.0 2.5 0.0 0.0 
1333 16.9350545045 19.8046481942 7.32260393086 2.80185244377 342.13999939 0.295120102906 -4.0 9.0 1.0 1.0 2.5 0.0 0.0 
1333 16.9350545045 19.8046481942 7.32260393086 2.80185244377 342.410003662 0.295120102906 -4.0 9.0 1.0 1.0 2.5 0.0 0.0 
1333 16.9350545045 19.8046481942 7.32260393086 2.80185244377 345.050003052 0.295120102906 -4.0 9.0 1.0 1.0 2.5 0.0 0.0 
1333 16.9350545045 19.8046481942 7.32260393086 2.80185244377 349.910003662 0.295120102906 -4.0 9.0 1.0 1.0 2.5 0.0 0.0 
1333 16.9350545045 19.8046481942 7.32260393086 2.80185244377 351.970001221 0.295120102906 -4.0 9.0 1.0 1.0 2.5 0.0 0.0 
1333 16.9350545045 19.8046481942 7.32260393086 2.80185244377 353.190002441 0.295120102906 -4.0 9.0 1.0 1.0 2.5 0.0 0.0 
1333 16.9350545045 19.8046481942 7.32260393086 2.80185244377 347.789993286 0.295120102906 -4.0 9.0 1.0 1.0 2.5 0.0 0.0 
1333 16.9350545045 19.8046481942 7.32260393086 2.80185244377 342.690002441 0.295120102906 -4.0 9.0 1.0 1.0 2.5 0.0 0.0 
1333 16.9350545045 19.8046481942 7.32260393086 2.80185244377 341.929992676 0.295120102906 -4.0 9.0 1.0 1.0 2.5 0.0 0.0 
1333 16.9350545045 19.8046481942 7.32260393086 2.80185244377 344.929992676 0.295120102906 -4.0 9.0 1.0 1.0 2.5 0.0 0.0 
1333 16.9350545045 19.8046481942 7.32260393086 2.80185244377 349.5 0.295120102906 -4.0 9.0 1.0 1.0 2.5 0.0 0.0 
1333 16.9350545045 19.8046481942 7.32260393086 2.80185244377 352.429992676 0.295120102906 -4.0 9.0 1.0 1.0 2.5 0.0 0.0 
1333 16.9350545045 19.8046481942 7.32260393086 2.80185244377 352.419998169 0.295120102906 -4.0 9.0 1.0 1.0 2.5 0.0 0.0 
1333 16.9350545045 19.8046481942 7.32260393086 2.80185244377 349.520004272 0.295120102906 -4.0 9.0 1.0 1.0 2.5 0.0 0.0 
1333 16.9350545045 19.8046481942 7.32260393086 2.80185244377 345.61000061 0.295120102906 -4.0 9.0 1.0 1.0 2.5 0.0 0.0 
1333 16.9350545045 19.8046481942 7.32260393086 2.80185244377 343.570007324 0.295120102906 -4.0 9.0 1.0 1.0 2.5 0.0 0.0 
1333 16.9350545045 19.8046481942 7.32260393086 2.80185244377 348.38999939 0.295120102906 -4.0 9.0 1.0 1.0 2.5 0.0 0.0 
1333 16.9350545045 19.8046481942 7.32260393086 2.80185244377 350.990005493 0.295120102906 -4.0 9.0 1.0 1.0 2.5 0.0 0.0 
1333 16.9350545045 19.8046481942 7.32260393086 2.80185244377 350.949996948 0.295120102906 -4.0 9.0 1.0 1.0 2.5 0.0 0.0 
1333 16.9350545045 19.8046481942 7.32260393086 2.80185244377 348.529998779 0.295120102906 -4.0 9.0 1.0 1.0 2.5 0.0 0.0 
1333 16.9350545045 19.8046481942 7.32260393086 2.80185244377 345.279998779 0.295120102906 -4.0 9.0 1.0 1.0 2.5 0.0 0.0 
1333 16.9350545045 19.8046481942 7.32260393086 2.80185244377 344.789993286 0.295120102906 -4.0 9.0 1.0 1.0 2.5 0.0 0.0 
1333 16.9350545045 19.8046481942 7.32260393086 2.80185244377 346.38999939 0.295120102906 -4.0 9.0 1.0 1.0 2.5 0.0 0.0 
1333 16.9350545045 19.8046481942 7.32260393086 2.80185244377 349.690002441 0.295120102906 -4.0 9.0 1.0 1.0 2.5 0.0 0.0 
1333 16.9350545045 19.8046481942 7.32260393086 2.80185244377 349.949996948 0.295120102906 -4.0 9.0 1.0 1.0 2.5 0.0 0.0 
1333 16.9350545045 19.8046481942 7.32260393086 2.80185244377 347.919998169 0.295120102906 -4.0 9.0 1.0 1.0 2.5 0.0 0.0 
1333 16.9350545045 19.8046481942 7.32260393086 2.80185244377 346.240005493 0.295120102906 -4.0 9.0 1.0 1.0 2.5 0.0 0.0 
1333 16.9350545045 19.8046481942 7.32260393086 2.80185244377 346.369995117 0.295120102906 -4.0 9.0 1.0 1.0 2.5 0.0 0.0 
1333 16.9350545045 19.8046481942 7.32260393086 2.80185244377 347.75 0.295120102906 -4.0 9.0 1.0 1.0 2.5 0.0 0.0 
1333 16.9350545045 19.8046481942 7.32260393086 2.80185244377 348.729995728 0.295120102906 -4.0 9.0 1.0 1.0 2.5 0.0 0.0 
1333 16.9350545045 19.8046481942 7.32260393086 2.80185244377 349.149993896 0.295120102906 -4.0 9.0 1.0 1.0 2.5 0.0 0.0 
1333 16.9350545045 19.8046481942 7.32260393086 2.80185244377 348.960006714 0.295120102906 -4.0 9.0 1.0 1.0 2.5 0.0 0.0 
1333 16.9350545045 19.8046481942 7.32260393086 2.80185244377 348.130004883 0.295120102906 -4.0 9.0 1.0 1.0 2.5 0.0 0.0 
1333 16.9350545045 19.8046481942 7.32260393086 2.80185244377 347.089996338 0.295120102906 -4.0 9.0 1.0 1.0 2.5 0.0 0.0 
1333 16.9350545045 19.8046481942 7.32260393086 2.80185244377 346.720001221 0.295120102906 -4.0 9.0 1.0 1.0 2.5 0.0 0.0 
1333 16.9350545045 19.8046481942 7.32260393086 2.80185244377 347.369995117 0.295120102906 -4.0 9.0 1.0 1.0 2.5 0.0 0.0 
1333 16.9350545045 19.8046481942 7.32260393086 2.80185244377 348.169998169 0.295120102906 -4.0 9.0 1.0 1.0 2.5 0.0 0.0 
1333 16.9350545045 19.8046481942 7.32260393086 2.80185244377 348.449996948 0.295120102906 -4.0 9.0 1.0 1.0 2.5 0.0 0.0 
1333 16.9350545045 19.8046481942 7.32260393086 2.80185244377 348.350006104 0.295120102906 -4.0 9.0 1.0 1.0 2.5 0.0 0.0 
1333 16.9350545045 19.8046481942 7.32260393086 2.80185244377 347.419998169 0.295120102906 -4.0 9.0 1.0 1.0 2.5 0.0 0.0 
1333 16.9350545045 19.8046481942 7.32260393086 2.80185244377 347.130004883 0.295120102906 -4.0 9.0 1.0 1.0 2.5 0.0 0.0 
1333 16.9350545045 19.8046481942 7.32260393086 2.80185244377 347.410003662 0.295120102906 -4.0 9.0 1.0 1.0 2.5 0.0 0.0 
1333 16.9350545045 19.8046481942 7.32260393086 2.80185244377 347.86000061 0.295120102906 -4.0 9.0 1.0 1.0 2.5 0.0 0.0 
1333 16.9350545045 19.8046481942 7.32260393086 2.80185244377 348.229995728 0.295120102906 -4.0 9.0 1.0 1.0 2.5 0.0 0.0 
1333 16.9350545045 19.8046481942 7.32260393086 2.80185244377 348.080001831 0.295120102906 -4.0 9.0 1.0 1.0 2.5 0.0 0.0 
1333 16.9350545045 19.8046481942 7.32260393086 2.80185244377 347.800003052 0.295120102906 -4.0 9.0 1.0 1.0 2.5 0.0 0.0 
1333 16.9350545045 19.8046481942 7.32260393086 2.80185244377 347.229995728 0.295120102906 -4.0 9.0 1.0 1.0 2.5 0.0 0.0 
1333 16.9350545045 19.8046481942 7.32260393086 2.80185244377 347.009994507 0.295120102906 -4.0 9.0 1.0 1.0 2.5 0.0 0.0 
1333 16.9350545045 19.8046481942 7.32260393086 2.80185244377 347.259994507 0.295120102906 -4.0 9.0 1.0 1.0 2.5 0.0 0.0 
1333 16.9350545045 19.8046481942 7.32260393086 2.80185244377 347.529998779 0.295120102906 -4.0 9.0 1.0 1.0 2.5 0.0 0.0 
1333 16.9350545045 19.8046481942 7.32260393086 2.80185244377 347.919998169 0.295120102906 -4.0 9.0 1.0 1.0 2.5 0.0 0.0 
1333 16.9350545045 19.8046481942 7.32260393086 2.80185244377 348.119995117 0.295120102906 -4.0 9.0 1.0 1.0 2.5 0.0 0.0 
1333 16.9350545045 19.8046481942 7.32260393086 2.80185244377 347.880004883 0.295120102906 -4.0 9.0 1.0 1.0 2.5 0.0 0.0 
1333 16.9350545045 19.8046481942 7.32260393086 2.80185244377 347.619995117 0.295120102906 -4.0 9.0 1.0 1.0 2.5 0.0 0.0 
1333 16.9350545045 19.8046481942 7.32260393086 2.80185244377 347.809997559 0.295120102906 -4.0 9.0 1.0 1.0 2.5 0.0 0.0 
1333 16.9350545045 19.8046481942 7.32260393086 2.80185244377 348.0 0.295120102906 -4.0 9.0 1.0 1.0 2.5 0.0 0.0 
