# visionSample, x, y, visX, visY, angle, rawDist, rawAngle, distM, distC, angleC, angleM, distRSquared, angleRSquared
3413 8.35160755637 0.0545149483057 6.93495979857 0.0120036166204 183.039999962 0.173896476437 -2.03125 9.0 1.0 1.0 2.5 0.0 0.0 
3413 8.31067091478 0.0523275380631 6.93495979857 0.0120036166204 183.160000086 0.173896476437 -2.03125 9.0 1.0 1.0 2.5 0.0 0.0 
3413 8.30974062585 0.0522761783048 6.93495979857 0.0120036166204 183.180000067 0.173896476437 -2.03125 9.0 1.0 1.0 2.5 0.0 0.0 
3413 8.13112550602 0.0424087727134 6.93495979857 0.0120036166204 183.119999886 0.173896476437 -2.03125 9.0 1.0 1.0 2.5 0.0 0.0 
3414 7.69293493992 0.0186690775648 6.93495979857 0.0120036166204 182.670000076 0.195443762425 -3.21875 9.0 1.0 1.0 2.5 0.0 0.0 
3417 6.79981215609 0.00555976225709 6.76912338226 0.392886788146 176.710000038 0.207929418445 -1.34375 9.0 1.0 1.0 2.5 0.0 0.0 
3419 5.6544846783 0.157630231155 6.18043473494 0.71544154678 160.88999939 0.26619856875 0.875 9.0 1.0 1.0 2.5 0.0 0.0 
3419 4.5485090834 0.62544135828 6.18043473494 0.71544154678 143.279998779 0.26619856875 0.875 9.0 1.0 1.0 2.5 0.0 0.0 
3419 4.11298324668 0.985268931485 6.18043473494 0.71544154678 132.25 0.26619856875 0.875 9.0 1.0 1.0 2.5 0.0 0.0 
3419 3.4566451507 1.9815752163 6.18043473494 0.71544154678 108.349998474 0.26619856875 0.875 9.0 1.0 1.0 2.5 0.0 0.0 
3419 3.2600685609 3.25433600116 6.18043473494 0.71544154678 82.7399978638 0.26619856875 0.875 9.0 1.0 1.0 2.5 0.0 0.0 
3419 3.69895138959 4.61688337235 6.18043473494 0.71544154678 56.0500030518 0.26619856875 0.875 9.0 1.0 1.0 2.5 0.0 0.0 
3419 4.42867905895 5.30164915132 6.18043473494 0.71544154678 38.0299987793 0.26619856875 0.875 9.0 1.0 1.0 2.5 0.0 0.0 
3419 5.05093795863 6.15692815138 6.18043473494 0.71544154678 28.6199951172 0.26619856875 0.875 9.0 1.0 1.0 2.5 0.0 0.0 
3419 6.42212813286 6.85538152895 6.18043473494 0.71544154678 18.0700073242 0.26619856875 0.875 9.0 1.0 1.0 2.5 0.0 0.0 
3419 9.19062970513 7.76443879439 6.18043473494 0.71544154678 21.1199951172 0.26619856875 0.875 9.0 1.0 1.0 2.5 0.0 0.0 
3419 10.7978114702 8.41735166804 6.18043473494 0.71544154678 20.4499969482 0.26619856875 0.875 9.0 1.0 1.0 2.5 0.0 0.0 
3419 13.0534138841 9.07320161165 6.18043473494 0.71544154678 7.08999633789 0.26619856875 0.875 9.0 1.0 1.0 2.5 0.0 0.0 
3419 16.5939949027 9.25337528749 6.18043473494 0.71544154678 354.75 0.26619856875 0.875 9.0 1.0 1.0 2.5 0.0 0.0 
3419 18.1853650346 9.05377611533 6.18043473494 0.71544154678 347.779998779 0.26619856875 0.875 9.0 1.0 1.0 2.5 0.0 0.0 
3419 20.3164736617 8.56392456116 6.18043473494 0.71544154678 342.059997559 0.26619856875 0.875 9.0 1.0 1.0 2.5 0.0 0.0 
3419 23.5141264954 7.42540313991 6.18043473494 0.71544154678 335.429992676 0.26619856875 0.875 9.0 1.0 1.0 2.5 0.0 0.0 
3419 25.6086909602 6.44244305656 6.18043473494 0.71544154678 331.020004272 0.26619856875 0.875 9.0 1.0 1.0 2.5 0.0 0.0 
3419 28.6472122678 4.6572740674 6.18043473494 0.71544154678 325.710006714 0.26619856875 0.875 9.0 1.0 1.0 2.5 0.0 0.0 
3419 32.4724015098 1.84170996248 6.18043473494 0.71544154678 321.130004883 0.26619856875 0.875 9.0 1.0 1.0 2.5 0.0 0.0 
3419 33.7445680294 0.832594311316 6.18043473494 0.71544154678 328.220001221 0.26619856875 0.875 9.0 1.0 1.0 2.5 0.0 0.0 
3419 34.5365419671 0.37488055947 6.18043473494 0.71544154678 346.100006104 0.26619856875 0.875 9.0 1.0 1.0 2.5 0.0 0.0 
3419 35.2730484055 0.237302922469 6.18043473494 0.71544154678 17.3099975586 0.26619856875 0.875 9.0 1.0 1.0 2.5 0.0 0.0 
3419 35.8741313104 0.525427845348 6.18043473494 0.71544154678 55.6800003052 0.26619856875 0.875 9.0 1.0 1.0 2.5 0.0 0.0 
3419 35.934541846 0.613920010188 6.18043473494 0.71544154678 75.3700027466 0.26619856875 0.875 9.0 1.0 1.0 2.5 0.0 0.0 
3419 35.9885613436 0.711170915484 6.18043473494 0.71544154678 106.089996338 0.26619856875 0.875 9.0 1.0 1.0 2.5 0.0 0.0 
3419 36.2999408815 -0.101367748748 6.18043473494 0.71544154678 139.650001526 0.26619856875 0.875 9.0 1.0 1.0 2.5 0.0 0.0 
3419 36.8407002352 -0.517377603172 6.18043473494 0.71544154678 164.359999657 0.26619856875 0.875 9.0 1.0 1.0 2.5 0.0 0.0 
3419 37.1616352321 -0.609538777299 6.18043473494 0.71544154678 179.410000026 0.26619856875 0.875 9.0 1.0 1.0 2.5 0.0 0.0 
3419 37.6888360576 -0.601480719872 6.18043473494 0.71544154678 191.68999958 0.26619856875 0.875 9.0 1.0 1.0 2.5 0.0 0.0 
3419 37.9332629136 -0.555440770202 6.18043473494 0.71544154678 180.920000017 0.26619856875 0.875 9.0 1.0 1.0 2.5 0.0 0.0 
3419 38.0066997121 -0.551285101675 6.18043473494 0.71544154678 170.270000458 0.26619856875 0.875 9.0 1.0 1.0 2.5 0.0 0.0 
3419 38.0947698872 -0.569089447071 6.18043473494 0.71544154678 142.069999695 0.26619856875 0.875 9.0 1.0 1.0 2.5 0.0 0.0 
3419 38.117482402 -0.586945784943 6.18043473494 0.71544154678 127.299999237 0.26619856875 0.875 9.0 1.0 1.0 2.5 0.0 0.0 
3419 38.1621454205 -0.692382462196 6.18043473494 0.71544154678 95.5599975586 0.26619856875 0.875 9.0 1.0 1.0 2.5 0.0 0.0 
3419 38.1711000528 -0.812977962656 6.18043473494 0.71544154678 86.8199996948 0.26619856875 0.875 9.0 1.0 1.0 2.5 0.0 0.0 
3419 38.1643715924 -0.915191705159 6.18043473494 0.71544154678 81.7900009155 0.26619856875 0.875 9.0 1.0 1.0 2.5 0.0 0.0 
3419 38.1563855309 -0.971458207386 6.18043473494 0.71544154678 79.5800018311 0.26619856875 0.875 9.0 1.0 1.0 2.5 0.0 0.0 
3419 38.1544021665 -0.982461083712 6.18043473494 0.71544154678 78.4599990845 0.26619856875 0.875 9.0 1.0 1.0 2.5 0.0 0.0 
3419 38.154216733 -0.983374149815 6.18043473494 0.71544154678 78.5999984741 0.26619856875 0.875 9.0 1.0 1.0 2.5 0.0 0.0 
3419 38.1725374028 -0.890122963096 6.18043473494 0.71544154678 79.4000015259 0.26619856875 0.875 9.0 1.0 1.0 2.5 0.0 0.0 
3419 38.2201224756 -0.614719322467 6.18043473494 0.71544154678 83.0999984741 0.26619856875 0.875 9.0 1.0 1.0 2.5 0.0 0.0 
3419 38.2494090487 -0.363954198056 6.18043473494 0.71544154678 85.7099990845 0.26619856875 0.875 9.0 1.0 1.0 2.5 0.0 0.0 
3419 38.2621565782 -0.186464905711 6.18043473494 0.71544154678 87.5400009155 0.26619856875 0.875 9.0 1.0 1.0 2.5 0.0 0.0 
3419 38.2664866374 -0.0803414323707 6.18043473494 0.71544154678 88.8600006104 0.26619856875 0.875 9.0 1.0 1.0 2.5 0.0 0.0 
3419 38.2672305351 -0.0440128196638 6.18043473494 0.71544154678 89.3199996948 0.26619856875 0.875 9.0 1.0 1.0 2.5 0.0 0.0 
3419 38.2672305351 -0.0440128196638 6.18043473494 0.71544154678 89.1200027466 0.26619856875 0.875 9.0 1.0 1.0 2.5 0.0 0.0 
3419 38.2672305351 -0.0440128196638 6.18043473494 0.71544154678 89.0699996948 0.26619856875 0.875 9.0 1.0 1.0 2.5 0.0 0.0 
3419 38.2672305351 -0.0440128196638 6.18043473494 0.71544154678 89.0699996948 0.26619856875 0.875 9.0 1.0 1.0 2.5 0.0 0.0 
3419 38.2672305351 -0.0440128196638 6.18043473494 0.71544154678 89.0699996948 0.26619856875 0.875 9.0 1.0 1.0 2.5 0.0 0.0 
3419 38.2672305351 -0.0440128196638 6.18043473494 0.71544154678 89.0599975586 0.26619856875 0.875 9.0 1.0 1.0 2.5 0.0 0.0 
3419 38.2672305351 -0.0440128196638 6.18043473494 0.71544154678 89.0599975586 0.26619856875 0.875 9.0 1.0 1.0 2.5 0.0 0.0 
3419 38.2672305351 -0.0440128196638 6.18043473494 0.71544154678 89.0599975586 0.26619856875 0.875 9.0 1.0 1.0 2.5 0.0 0.0 
3419 38.2672305351 -0.0440128196638 6.18043473494 0.71544154678 89.0599975586 0.26619856875 0.875 9.0 1.0 1.0 2.5 0.0 0.0 
3419 38.267016545 -0.0570549425846 6.18043473494 0.71544154678 89.0599975586 0.26619856875 0.875 9.0 1.0 1.0 2.5 0.0 0.0 
3419 38.263803958 -0.244300177044 6.18043473494 0.71544154678 88.7600021362 0.26619856875 0.875 9.0 1.0 1.0 2.5 0.0 0.0 
3419 38.2586678638 -0.493012386932 6.18043473494 0.71544154678 88.5500030518 0.26619856875 0.875 9.0 1.0 1.0 2.5 0.0 0.0 
3419 38.2554808625 -1.64327417128 6.18043473494 0.71544154678 97.7300033569 0.26619856875 0.875 9.0 1.0 1.0 2.5 0.0 0.0 
3419 38.2915832897 -1.96071286912 6.18043473494 0.71544154678 100.959999084 0.26619856875 0.875 9.0 1.0 1.0 2.5 0.0 0.0 
3419 38.6238911308 -2.83556704023 6.18043473494 0.71544154678 127.970001221 0.26619856875 0.875 9.0 1.0 1.0 2.5 0.0 0.0 
3419 38.849357922 -3.09708341331 6.18043473494 0.71544154678 138.349998474 0.26619856875 0.875 9.0 1.0 1.0 2.5 0.0 0.0 
3419 39.545224074 -3.57278633873 6.18043473494 0.71544154678 155.959999084 0.26619856875 0.875 9.0 1.0 1.0 2.5 0.0 0.0 
3419 40.7404280763 -3.9605577328 6.18043473494 0.71544154678 171.050000191 0.26619856875 0.875 9.0 1.0 1.0 2.5 0.0 0.0 
3419 42.2667594388 -4.18060348355 6.18043473494 0.71544154678 178.340000033 0.26619856875 0.875 9.0 1.0 1.0 2.5 0.0 0.0 
3419 42.7224399733 -4.20659766624 6.18043473494 0.71544154678 184.869999886 0.26619856875 0.875 9.0 1.0 1.0 2.5 0.0 0.0 
3419 43.0638978513 -4.17851497742 6.18043473494 0.71544154678 185.400000095 0.26619856875 0.875 9.0 1.0 1.0 2.5 0.0 0.0 
3419 44.0331887444 -4.1815464596 6.18043473494 0.71544154678 169.56000042 0.26619856875 0.875 9.0 1.0 1.0 2.5 0.0 0.0 
3419 45.12915149 -4.41411905057 6.18043473494 0.71544154678 164.920000076 0.26619856875 0.875 9.0 1.0 1.0 2.5 0.0 0.0 
3419 45.7666307253 -4.58727585915 6.18043473494 0.71544154678 165.539999962 0.26619856875 0.875 9.0 1.0 1.0 2.5 0.0 0.0 
3419 47.2476401272 -4.95130036075 6.18043473494 0.71544154678 169.329999924 0.26619856875 0.875 9.0 1.0 1.0 2.5 0.0 0.0 
3419 48.7039686308 -5.23221311223 6.18043473494 0.71544154678 169.229999542 0.26619856875 0.875 9.0 1.0 1.0 2.5 0.0 0.0 
3419 50.1173454425 -5.6772534023 6.18043473494 0.71544154678 139.419998169 0.26619856875 0.875 9.0 1.0 1.0 2.5 0.0 0.0 
3419 51.070821952 -6.56724094901 6.18043473494 0.71544154678 118.709999084 0.26619856875 0.875 9.0 1.0 1.0 2.5 0.0 0.0 
3419 51.5854039413 -7.57787186416 6.18043473494 0.71544154678 113.949996948 0.26619856875 0.875 9.0 1.0 1.0 2.5 0.0 0.0 
3419 51.3835883305 -7.18404585243 6.18043473494 0.71544154678 119.270000458 0.26619856875 0.875 9.0 1.0 1.0 2.5 0.0 0.0 
3419 51.0417013271 -6.56822600267 6.18043473494 0.71544154678 118.770000458 0.26619856875 0.875 9.0 1.0 1.0 2.5 0.0 0.0 
3419 50.6387075116 -5.84786714895 6.18043473494 0.71544154678 123.529998779 0.26619856875 0.875 9.0 1.0 1.0 2.5 0.0 0.0 
3419 50.3450537174 -5.39204443703 6.18043473494 0.71544154678 134.400001526 0.26619856875 0.875 9.0 1.0 1.0 2.5 0.0 0.0 
3419 50.4452446787 -5.50870840412 6.18043473494 0.71544154678 141.11000061 0.26619856875 0.875 9.0 1.0 1.0 2.5 0.0 0.0 
3419 50.7067829756 -5.67994274073 6.18043473494 0.71544154678 154.629999161 0.26619856875 0.875 9.0 1.0 1.0 2.5 0.0 0.0 
3419 51.81454847 -6.15740608407 6.18043473494 0.71544154678 161.319999695 0.26619856875 0.875 9.0 1.0 1.0 2.5 0.0 0.0 
3419 52.9049266362 -6.56031366924 6.18043473494 0.71544154678 154.729999542 0.26619856875 0.875 9.0 1.0 1.0 2.5 0.0 0.0 
3419 54.7127536152 -7.47770888467 6.18043473494 0.71544154678 149.709999084 0.26619856875 0.875 9.0 1.0 1.0 2.5 0.0 0.0 
3419 57.3238609716 -9.2821424769 6.18043473494 0.71544154678 118.88999939 0.26619856875 0.875 9.0 1.0 1.0 2.5 0.0 0.0 
3419 57.5490494817 -9.72284996282 6.18043473494 0.71544154678 104.13999939 0.26619856875 0.875 9.0 1.0 1.0 2.5 0.0 0.0 
3419 57.683292269 -10.3225411103 6.18043473494 0.71544154678 101.739997864 0.26619856875 0.875 9.0 1.0 1.0 2.5 0.0 0.0 
3419 58.0140882826 -11.2313490355 6.18043473494 0.71544154678 122.869998932 0.26619856875 0.875 9.0 1.0 1.0 2.5 0.0 0.0 
3419 58.0428502764 -11.2759924247 6.18043473494 0.71544154678 121.549999237 0.26619856875 0.875 9.0 1.0 1.0 2.5 0.0 0.0 
3419 58.0564538726 -11.2982515416 6.18043473494 0.71544154678 120.259998322 0.26619856875 0.875 9.0 1.0 1.0 2.5 0.0 0.0 
3419 58.0607108691 -11.3054759241 6.18043473494 0.71544154678 119.740001678 0.26619856875 0.875 9.0 1.0 1.0 2.5 0.0 0.0 
3419 58.0607108691 -11.3054759241 6.18043473494 0.71544154678 119.650001526 0.26619856875 0.875 9.0 1.0 1.0 2.5 0.0 0.0 
3419 58.0607108691 -11.3054759241 6.18043473494 0.71544154678 119.63999939 0.26619856875 0.875 9.0 1.0 1.0 2.5 0.0 0.0 
3419 58.007221688 -11.2115625421 6.18043473494 0.71544154678 120.650001526 0.26619856875 0.875 9.0 1.0 1.0 2.5 0.0 0.0 
3419 57.7056512219 -10.7322189863 6.18043473494 0.71544154678 127.069999695 0.26619856875 0.875 9.0 1.0 1.0 2.5 0.0 0.0 
3419 57.1742870597 -10.0849417374 6.18043473494 0.71544154678 135.63999939 0.26619856875 0.875 9.0 1.0 1.0 2.5 0.0 0.0 
3419 56.3271819215 -9.38444752786 6.18043473494 0.71544154678 148.63999939 0.26619856875 0.875 9.0 1.0 1.0 2.5 0.0 0.0 
3419 55.1742953904 -8.84409528593 6.18043473494 0.71544154678 170.359999657 0.26619856875 0.875 9.0 1.0 1.0 2.5 0.0 0.0 
3419 52.89245984 -8.7326710251 6.18043473494 0.71544154678 192.949999809 0.26619856875 0.875 9.0 1.0 1.0 2.5 0.0 0.0 
3419 51.3294733643 -9.11016379191 6.18043473494 0.71544154678 196.370000839 0.26619856875 0.875 9.0 1.0 1.0 2.5 0.0 0.0 
3419 49.7353636382 -9.56747111658 6.18043473494 0.71544154678 192.380000114 0.26619856875 0.875 9.0 1.0 1.0 2.5 0.0 0.0 
3419 48.0394604229 -9.89683570333 6.18043473494 0.71544154678 181.080000043 0.26619856875 0.875 9.0 1.0 1.0 2.5 0.0 0.0 
3419 46.146449046 -9.86880825298 6.18043473494 0.71544154678 167.569999695 0.26619856875 0.875 9.0 1.0 1.0 2.5 0.0 0.0 
3419 44.1979091859 -9.38984550921 6.18043473494 0.71544154678 157.379999161 0.26619856875 0.875 9.0 1.0 1.0 2.5 0.0 0.0 
3419 42.3067680093 -8.54535833505 6.18043473494 0.71544154678 149.760000229 0.26619856875 0.875 9.0 1.0 1.0 2.5 0.0 0.0 
3419 40.5084386042 -7.3954964925 6.18043473494 0.71544154678 143.900001526 0.26619856875 0.875 9.0 1.0 1.0 2.5 0.0 0.0 
3419 37.9750584125 -5.37521779534 6.18043473494 0.71544154678 139.299999237 0.26619856875 0.875 9.0 1.0 1.0 2.5 0.0 0.0 
3419 36.2939648325 -3.93346479301 6.18043473494 0.71544154678 140.080001831 0.26619856875 0.875 9.0 1.0 1.0 2.5 0.0 0.0 
3419 34.562344691 -2.49827751338 6.18043473494 0.71544154678 142.439998627 0.26619856875 0.875 9.0 1.0 1.0 2.5 0.0 0.0 
3419 32.7844231044 -1.13156786739 6.18043473494 0.71544154678 145.159999847 0.26619856875 0.875 9.0 1.0 1.0 2.5 0.0 0.0 
3419 30.921363833 0.132267111081 6.18043473494 0.71544154678 150.63999939 0.26619856875 0.875 9.0 1.0 1.0 2.5 0.0 0.0 
3419 28.929042369 1.21529210341 6.18043473494 0.71544154678 157.11000061 0.26619856875 0.875 9.0 1.0 1.0 2.5 0.0 0.0 
3419 25.6765827327 2.41064306009 6.18043473494 0.71544154678 164.670000076 0.26619856875 0.875 9.0 1.0 1.0 2.5 0.0 0.0 
3419 23.4012375139 2.97694810402 6.18043473494 0.71544154678 168.020000458 0.26619856875 0.875 9.0 1.0 1.0 2.5 0.0 0.0 
3419 19.8869603288 3.62475615962 6.18043473494 0.71544154678 171.420000076 0.26619856875 0.875 9.0 1.0 1.0 2.5 0.0 0.0 
3419 18.7256312229 3.79639014549 6.18043473494 0.71544154678 172.059999943 0.26619856875 0.875 9.0 1.0 1.0 2.5 0.0 0.0 
3419 16.4775374774 4.10824764163 6.18043473494 0.71544154678 168.93999958 0.26619856875 0.875 9.0 1.0 1.0 2.5 0.0 0.0 
3419 13.4190397605 4.94741573118 6.18043473494 0.71544154678 148.170000076 0.26619856875 0.875 9.0 1.0 1.0 2.5 0.0 0.0 
3419 12.5280317815 5.46060116579 6.18043473494 0.71544154678 135.680000305 0.26619856875 0.875 9.0 1.0 1.0 2.5 0.0 0.0 
3419 12.6980676143 5.28249263377 6.18043473494 0.71544154678 126.279998779 0.26619856875 0.875 9.0 1.0 1.0 2.5 0.0 0.0 
3422 12.7641273071 5.18770792079 6.18043473494 0.71544154678 124.310001373 0.625390991593 0.78125 9.0 1.0 1.0 2.5 0.0 0.0 
3422 13.0006180391 4.85982079267 6.18043473494 0.71544154678 128.430000305 0.625390991593 0.78125 9.0 1.0 1.0 2.5 0.0 0.0 
3422 13.6058249164 4.16811591275 6.18043473494 0.71544154678 135.259998322 0.625390991593 0.78125 9.0 1.0 1.0 2.5 0.0 0.0 
3422 14.1610266541 3.64900592879 6.18043473494 0.71544154678 138.009998322 0.625390991593 0.78125 9.0 1.0 1.0 2.5 0.0 0.0 
3423 14.6895043557 3.15571494974 6.18043473494 0.71544154678 135.169998169 0.625390991593 0.78125 9.0 1.0 1.0 2.5 0.0 0.0 
3423 14.8854543365 2.95901688729 6.18043473494 0.71544154678 133.790000916 0.368045247025 0.5625 9.0 1.0 1.0 2.5 0.0 0.0 
3423 15.2587193865 2.51893531009 6.18043473494 0.71544154678 123.529998779 0.368045247025 0.5625 9.0 1.0 1.0 2.5 0.0 0.0 
3423 15.4381564351 2.24228967657 6.18043473494 0.71544154678 119.770000458 0.368045247025 0.5625 9.0 1.0 1.0 2.5 0.0 0.0 
3423 15.5125702297 2.114197669 6.18043473494 0.71544154678 119.290000916 0.368045247025 0.5625 9.0 1.0 1.0 2.5 0.0 0.0 
3423 15.6019481539 1.9538907305 6.18043473494 0.71544154678 118.090000153 0.368045247025 0.5625 9.0 1.0 1.0 2.5 0.0 0.0 
3423 15.6533730627 1.85777411932 6.18043473494 0.71544154678 117.409999847 0.368045247025 0.5625 9.0 1.0 1.0 2.5 0.0 0.0 
3423 15.623282799 1.91563720081 6.18043473494 0.71544154678 117.700000763 0.368045247025 0.5625 9.0 1.0 1.0 2.5 0.0 0.0 
3423 15.619383928 1.92306100677 6.18043473494 0.71544154678 117.959999084 0.368045247025 0.5625 9.0 1.0 1.0 2.5 0.0 0.0 
3423 15.619383928 1.92306100677 6.18043473494 0.71544154678 117.900001526 0.368045247025 0.5625 9.0 1.0 1.0 2.5 0.0 0.0 
3423 15.619383928 1.92306100677 6.18043473494 0.71544154678 117.819999695 0.368045247025 0.5625 9.0 1.0 1.0 2.5 0.0 0.0 
3423 15.619383928 1.92306100677 6.18043473494 0.71544154678 117.830001831 0.368045247025 0.5625 9.0 1.0 1.0 2.5 0.0 0.0 
3423 15.619383928 1.92306100677 6.18043473494 0.71544154678 117.830001831 0.368045247025 0.5625 9.0 1.0 1.0 2.5 0.0 0.0 
3423 15.619383928 1.92306100677 6.18043473494 0.71544154678 117.819999695 0.368045247025 0.5625 9.0 1.0 1.0 2.5 0.0 0.0 
3423 15.619383928 1.92306100677 6.18043473494 0.71544154678 117.810001373 0.368045247025 0.5625 9.0 1.0 1.0 2.5 0.0 0.0 
3423 15.619383928 1.92306100677 6.18043473494 0.71544154678 117.810001373 0.368045247025 0.5625 9.0 1.0 1.0 2.5 0.0 0.0 
3423 15.619383928 1.92306100677 6.18043473494 0.71544154678 117.810001373 0.368045247025 0.5625 9.0 1.0 1.0 2.5 0.0 0.0 
3423 15.619383928 1.92306100677 6.18043473494 0.71544154678 117.799999237 0.368045247025 0.5625 9.0 1.0 1.0 2.5 0.0 0.0 
3423 15.619383928 1.92306100677 6.18043473494 0.71544154678 117.799999237 0.368045247025 0.5625 9.0 1.0 1.0 2.5 0.0 0.0 
3423 15.619383928 1.92306100677 6.18043473494 0.71544154678 117.790000916 0.368045247025 0.5625 9.0 1.0 1.0 2.5 0.0 0.0 
3423 15.619383928 1.92306100677 6.18043473494 0.71544154678 117.790000916 0.368045247025 0.5625 9.0 1.0 1.0 2.5 0.0 0.0 
3423 15.5907141085 1.97746116789 6.18043473494 0.71544154678 117.75 0.368045247025 0.5625 9.0 1.0 1.0 2.5 0.0 0.0 
3423 15.2464383847 2.63539581643 6.18043473494 0.71544154678 115.739997864 0.368045247025 0.5625 9.0 1.0 1.0 2.5 0.0 0.0 
3423 14.8993122268 3.36258658906 6.18043473494 0.71544154678 112.180000305 0.368045247025 0.5625 9.0 1.0 1.0 2.5 0.0 0.0 
3423 14.8649580551 3.44014091222 6.18043473494 0.71544154678 110.040000916 0.368045247025 0.5625 9.0 1.0 1.0 2.5 0.0 0.0 
3423 15.0370855806 3.27567185463 6.18043473494 0.71544154678 110.430000305 0.368045247025 0.5625 9.0 1.0 1.0 2.5 0.0 0.0 
3423 15.1359535947 2.70493601281 6.18043473494 0.71544154678 110.63999939 0.368045247025 0.5625 9.0 1.0 1.0 2.5 0.0 0.0 
3423 15.3509000411 2.15076253477 6.18043473494 0.71544154678 114.550003052 0.368045247025 0.5625 9.0 1.0 1.0 2.5 0.0 0.0 
3423 15.3049673981 2.23287146834 6.18043473494 0.71544154678 120.599998474 0.368045247025 0.5625 9.0 1.0 1.0 2.5 0.0 0.0 
3423 15.2354112608 2.35085503946 6.18043473494 0.71544154678 120.340000153 0.368045247025 0.5625 9.0 1.0 1.0 2.5 0.0 0.0 
3423 15.2109247576 2.39266036429 6.18043473494 0.71544154678 120.560001373 0.368045247025 0.5625 9.0 1.0 1.0 2.5 0.0 0.0 
3423 14.8874079219 2.93630968145 6.18043473494 0.71544154678 119.450000763 0.368045247025 0.5625 9.0 1.0 1.0 2.5 0.0 0.0 
3423 14.6027029033 3.45044760148 6.18043473494 0.71544154678 115.309997559 0.368045247025 0.5625 9.0 1.0 1.0 2.5 0.0 0.0 
3423 14.4212746613 3.83664606786 6.18043473494 0.71544154678 113.709999084 0.368045247025 0.5625 9.0 1.0 1.0 2.5 0.0 0.0 
3423 14.3380597443 4.02294418825 6.18043473494 0.71544154678 115.940002441 0.368045247025 0.5625 9.0 1.0 1.0 2.5 0.0 0.0 
3425 14.3740107035 3.95764139385 6.18043473494 0.71544154678 119.290000916 0.293691139181 0.0625 9.0 1.0 1.0 2.5 0.0 0.0 
3433 14.4958174301 3.7418068298 6.18043473494 0.71544154678 119.5 0.293731679058 -0.125 9.0 1.0 1.0 2.5 0.0 0.0 
3434 14.7952852965 3.20900205148 6.18043473494 0.71544154678 118.919998169 0.292843660406 -0.09375 9.0 1.0 1.0 2.5 0.0 0.0 
3434 14.8418396757 3.12508482556 6.18043473494 0.71544154678 118.819999695 0.292843660406 -0.09375 9.0 1.0 1.0 2.5 0.0 0.0 
3434 15.0261781692 2.78944355228 6.18043473494 0.71544154678 118.479999542 0.292843660406 -0.09375 9.0 1.0 1.0 2.5 0.0 0.0 
3434 15.1319286967 2.59453830897 6.18043473494 0.71544154678 118.11000061 0.292843660406 -0.09375 9.0 1.0 1.0 2.5 0.0 0.0 
3434 15.1257747059 2.60603919675 6.18043473494 0.71544154678 117.919998169 0.292843660406 -0.09375 9.0 1.0 1.0 2.5 0.0 0.0 
3434 15.1257747059 2.60603919675 6.18043473494 0.71544154678 117.919998169 0.292843660406 -0.09375 9.0 1.0 1.0 2.5 0.0 0.0 
3434 15.1257747059 2.60603919675 6.18043473494 0.71544154678 117.919998169 0.292843660406 -0.09375 9.0 1.0 1.0 2.5 0.0 0.0 
3434 15.1113772571 2.63320622611 6.18043473494 0.71544154678 117.869998932 0.292843660406 -0.09375 9.0 1.0 1.0 2.5 0.0 0.0 
3434 15.1052900282 2.64474261766 6.18043473494 0.71544154678 117.669998169 0.292843660406 -0.09375 9.0 1.0 1.0 2.5 0.0 0.0 
3434 15.1052900282 2.64474261766 6.18043473494 0.71544154678 117.63999939 0.292843660406 -0.09375 9.0 1.0 1.0 2.5 0.0 0.0 
3434 15.1052900282 2.64474261766 6.18043473494 0.71544154678 117.63999939 0.292843660406 -0.09375 9.0 1.0 1.0 2.5 0.0 0.0 
3434 15.1052900282 2.64474261766 6.18043473494 0.71544154678 117.61000061 0.292843660406 -0.09375 9.0 1.0 1.0 2.5 0.0 0.0 
3434 15.1052900282 2.64474261766 6.18043473494 0.71544154678 117.61000061 0.292843660406 -0.09375 9.0 1.0 1.0 2.5 0.0 0.0 
3434 15.1052900282 2.64474261766 6.18043473494 0.71544154678 117.599998474 0.292843660406 -0.09375 9.0 1.0 1.0 2.5 0.0 0.0 
3434 15.1052900282 2.64474261766 6.18043473494 0.71544154678 117.580001831 0.292843660406 -0.09375 9.0 1.0 1.0 2.5 0.0 0.0 
3434 15.1052900282 2.64474261766 6.18043473494 0.71544154678 117.569999695 0.292843660406 -0.09375 9.0 1.0 1.0 2.5 0.0 0.0 
3434 15.1052900282 2.64474261766 6.18043473494 0.71544154678 117.560001373 0.292843660406 -0.09375 9.0 1.0 1.0 2.5 0.0 0.0 
3434 15.1052900282 2.64474261766 6.18043473494 0.71544154678 117.560001373 0.292843660406 -0.09375 9.0 1.0 1.0 2.5 0.0 0.0 
3434 15.1052900282 2.64474261766 6.18043473494 0.71544154678 117.560001373 0.292843660406 -0.09375 9.0 1.0 1.0 2.5 0.0 0.0 
3434 15.1052900282 2.64474261766 6.18043473494 0.71544154678 117.549999237 0.292843660406 -0.09375 9.0 1.0 1.0 2.5 0.0 0.0 
3434 15.1052900282 2.64474261766 6.18043473494 0.71544154678 117.549999237 0.292843660406 -0.09375 9.0 1.0 1.0 2.5 0.0 0.0 
3434 15.1052900282 2.64474261766 6.18043473494 0.71544154678 117.549999237 0.292843660406 -0.09375 9.0 1.0 1.0 2.5 0.0 0.0 
3434 15.0014347437 2.84382240653 6.18043473494 0.71544154678 117.540000916 0.292843660406 -0.09375 9.0 1.0 1.0 2.5 0.0 0.0 
3434 14.6499253052 3.53048788977 6.18043473494 0.71544154678 112.949996948 0.292843660406 -0.09375 9.0 1.0 1.0 2.5 0.0 0.0 
3434 14.478712225 3.91926986286 6.18043473494 0.71544154678 103.419998169 0.292843660406 -0.09375 9.0 1.0 1.0 2.5 0.0 0.0 
3434 14.2130715417 4.94411304733 6.18043473494 0.71544154678 97.1100006104 0.292843660406 -0.09375 9.0 1.0 1.0 2.5 0.0 0.0 
3434 14.1822653937 6.19064343652 6.18043473494 0.71544154678 81.4599990845 0.292843660406 -0.09375 9.0 1.0 1.0 2.5 0.0 0.0 
3434 14.5496212874 7.50989662538 6.18043473494 0.71544154678 62.3199996948 0.292843660406 -0.09375 9.0 1.0 1.0 2.5 0.0 0.0 
3434 14.9119450674 8.12930524504 6.18043473494 0.71544154678 51.6699981689 0.292843660406 -0.09375 9.0 1.0 1.0 2.5 0.0 0.0 
3434 16.0620495722 9.21657489544 6.18043473494 0.71544154678 35.6000061035 0.292843660406 -0.09375 9.0 1.0 1.0 2.5 0.0 0.0 
3434 17.6067505071 10.0617509629 6.18043473494 0.71544154678 18.5399932861 0.292843660406 -0.09375 9.0 1.0 1.0 2.5 0.0 0.0 
3434 19.2770778034 10.4641381658 6.18043473494 0.71544154678 1.60000610352 0.292843660406 -0.09375 9.0 1.0 1.0 2.5 0.0 0.0 
3434 21.1618091367 10.442418741 6.18043473494 0.71544154678 345.490005493 0.292843660406 -0.09375 9.0 1.0 1.0 2.5 0.0 0.0 
3434 23.0419051105 9.89441119063 6.18043473494 0.71544154678 332.710006714 0.292843660406 -0.09375 9.0 1.0 1.0 2.5 0.0 0.0 
3434 24.8080978723 8.85569464537 6.18043473494 0.71544154678 323.089996338 0.292843660406 -0.09375 9.0 1.0 1.0 2.5 0.0 0.0 
3434 25.6353353686 8.21075956875 6.18043473494 0.71544154678 319.259994507 0.292843660406 -0.09375 9.0 1.0 1.0 2.5 0.0 0.0 
3434 27.1999133733 6.74916383868 6.18043473494 0.71544154678 313.600006104 0.292843660406 -0.09375 9.0 1.0 1.0 2.5 0.0 0.0 
3434 28.617548413 5.18883734025 6.18043473494 0.71544154678 310.660003662 0.292843660406 -0.09375 9.0 1.0 1.0 2.5 0.0 0.0 
3434 29.8803933801 3.75486841239 6.18043473494 0.71544154678 313.660003662 0.292843660406 -0.09375 9.0 1.0 1.0 2.5 0.0 0.0 
3434 31.1349165498 2.51175179617 6.18043473494 0.71544154678 317.899993896 0.292843660406 -0.09375 9.0 1.0 1.0 2.5 0.0 0.0 
3434 32.8074895697 1.09913077777 6.18043473494 0.71544154678 325.330001831 0.292843660406 -0.09375 9.0 1.0 1.0 2.5 0.0 0.0 
3434 33.9160020989 0.347187386077 6.18043473494 0.71544154678 328.940002441 0.292843660406 -0.09375 9.0 1.0 1.0 2.5 0.0 0.0 
3434 35.2681052695 -0.457685092935 6.18043473494 0.71544154678 330.839996338 0.292843660406 -0.09375 9.0 1.0 1.0 2.5 0.0 0.0 
3434 36.8345498059 -1.32924319859 6.18043473494 0.71544154678 331.36000061 0.292843660406 -0.09375 9.0 1.0 1.0 2.5 0.0 0.0 
3434 38.5580132871 -2.26721307654 6.18043473494 0.71544154678 331.61000061 0.292843660406 -0.09375 9.0 1.0 1.0 2.5 0.0 0.0 
3434 40.294642097 -3.20435711438 6.18043473494 0.71544154678 331.330001831 0.292843660406 -0.09375 9.0 1.0 1.0 2.5 0.0 0.0 
3434 41.9628510613 -4.18197579957 6.18043473494 0.71544154678 324.990005493 0.292843660406 -0.09375 9.0 1.0 1.0 2.5 0.0 0.0 
3434 42.7207373524 -4.74086801559 6.18043473494 0.71544154678 319.119995117 0.292843660406 -0.09375 9.0 1.0 1.0 2.5 0.0 0.0 
3434 44.118017019 -6.20141927108 6.18043473494 0.71544154678 304.650001526 0.292843660406 -0.09375 9.0 1.0 1.0 2.5 0.0 0.0 
3434 45.1148456866 -7.86438708044 6.18043473494 0.71544154678 297.129997253 0.292843660406 -0.09375 9.0 1.0 1.0 2.5 0.0 0.0 
3434 46.4090545826 -10.3023032999 6.18043473494 0.71544154678 304.980003357 0.292843660406 -0.09375 9.0 1.0 1.0 2.5 0.0 0.0 
3434 47.0382154981 -11.1494953679 6.18043473494 0.71544154678 321.149993896 0.292843660406 -0.09375 9.0 1.0 1.0 2.5 0.0 0.0 
3434 48.0532256853 -11.7801921513 6.18043473494 0.71544154678 346.86000061 0.292843660406 -0.09375 9.0 1.0 1.0 2.5 0.0 0.0 
3434 50.0535822306 -11.6251990611 6.18043473494 0.71544154678 25.6000061035 0.292843660406 -0.09375 9.0 1.0 1.0 2.5 0.0 0.0 
3434 51.4008019141 -10.7443995931 6.18043473494 0.71544154678 43.7200012207 0.292843660406 -0.09375 9.0 1.0 1.0 2.5 0.0 0.0 
3434 52.5572255687 -9.42008166727 6.18043473494 0.71544154678 56.7900009155 0.292843660406 -0.09375 9.0 1.0 1.0 2.5 0.0 0.0 
3434 52.9420258251 -8.79841567119 6.18043473494 0.71544154678 63.0299987793 0.292843660406 -0.09375 9.0 1.0 1.0 2.5 0.0 0.0 
3434 53.1978562936 -8.20290861805 6.18043473494 0.71544154678 75.2600021362 0.292843660406 -0.09375 9.0 1.0 1.0 2.5 0.0 0.0 
3434 53.2453918039 -8.03033889938 6.18043473494 0.71544154678 95.5999984741 0.292843660406 -0.09375 9.0 1.0 1.0 2.5 0.0 0.0 
3434 53.2720559103 -8.22585560107 6.18043473494 0.71544154678 105.489997864 0.292843660406 -0.09375 9.0 1.0 1.0 2.5 0.0 0.0 
3434 53.4995140667 -8.86933939422 6.18043473494 0.71544154678 122.369998932 0.292843660406 -0.09375 9.0 1.0 1.0 2.5 0.0 0.0 
3434 54.1870695301 -9.83005610727 6.18043473494 0.71544154678 135.830001831 0.292843660406 -0.09375 9.0 1.0 1.0 2.5 0.0 0.0 
3434 54.7251761518 -10.33204864 6.18043473494 0.71544154678 140.020000458 0.292843660406 -0.09375 9.0 1.0 1.0 2.5 0.0 0.0 
3434 56.4679805051 -11.6222768928 6.18043473494 0.71544154678 146.740001678 0.292843660406 -0.09375 9.0 1.0 1.0 2.5 0.0 0.0 
3434 56.9115773996 -11.9108538715 6.18043473494 0.71544154678 147.840000153 0.292843660406 -0.09375 9.0 1.0 1.0 2.5 0.0 0.0 
3434 57.224082005 -12.1630286199 6.18043473494 0.71544154678 132.349998474 0.292843660406 -0.09375 9.0 1.0 1.0 2.5 0.0 0.0 
3434 56.7242800861 -11.4936020962 6.18043473494 0.71544154678 125.5 0.292843660406 -0.09375 9.0 1.0 1.0 2.5 0.0 0.0 
3434 56.3018665152 -10.9149496316 6.18043473494 0.71544154678 129.119998932 0.292843660406 -0.09375 9.0 1.0 1.0 2.5 0.0 0.0 
3434 56.5621165091 -11.1626187987 6.18043473494 0.71544154678 143.759998322 0.292843660406 -0.09375 9.0 1.0 1.0 2.5 0.0 0.0 
3434 57.2632336481 -11.5982012716 6.18043473494 0.71544154678 153.600000381 0.292843660406 -0.09375 9.0 1.0 1.0 2.5 0.0 0.0 
3434 58.0870400418 -11.9868240467 6.18043473494 0.71544154678 157.829999924 0.292843660406 -0.09375 9.0 1.0 1.0 2.5 0.0 0.0 
3434 58.1905808219 -12.0119397983 6.18043473494 0.71544154678 137.479999542 0.292843660406 -0.09375 9.0 1.0 1.0 2.5 0.0 0.0 
3434 58.3993025873 -12.2688009445 6.18043473494 0.71544154678 122.669998169 0.292843660406 -0.09375 9.0 1.0 1.0 2.5 0.0 0.0 
3434 58.5317045205 -12.4671015119 6.18043473494 0.71544154678 131.840000153 0.292843660406 -0.09375 9.0 1.0 1.0 2.5 0.0 0.0 
3434 58.5614612116 -12.5004842905 6.18043473494 0.71544154678 131.310001373 0.292843660406 -0.09375 9.0 1.0 1.0 2.5 0.0 0.0 
3434 58.5614612116 -12.5004842905 6.18043473494 0.71544154678 131.270000458 0.292843660406 -0.09375 9.0 1.0 1.0 2.5 0.0 0.0 
3434 58.5547032444 -12.4927792923 6.18043473494 0.71544154678 131.319999695 0.292843660406 -0.09375 9.0 1.0 1.0 2.5 0.0 0.0 
3434 58.566999957 -12.5067800422 6.18043473494 0.71544154678 131.159999847 0.292843660406 -0.09375 9.0 1.0 1.0 2.5 0.0 0.0 
3434 58.566999957 -12.5067800422 6.18043473494 0.71544154678 131.159999847 0.292843660406 -0.09375 9.0 1.0 1.0 2.5 0.0 0.0 
3434 58.5528895239 -12.4906521967 6.18043473494 0.71544154678 131.950000763 0.292843660406 -0.09375 9.0 1.0 1.0 2.5 0.0 0.0 
3434 58.3452945236 -12.2729442912 6.18043473494 0.71544154678 137.729999542 0.292843660406 -0.09375 9.0 1.0 1.0 2.5 0.0 0.0 
3434 58.0958632928 -12.0572859352 6.18043473494 0.71544154678 143.380001068 0.292843660406 -0.09375 9.0 1.0 1.0 2.5 0.0 0.0 
3434 57.3873521317 -11.6167263692 6.18043473494 0.71544154678 155.899999619 0.292843660406 -0.09375 9.0 1.0 1.0 2.5 0.0 0.0 
3434 56.3653752663 -11.2735757032 6.18043473494 0.71544154678 170.270000458 0.292843660406 -0.09375 9.0 1.0 1.0 2.5 0.0 0.0 
3434 55.5175908855 -11.1723110616 6.18043473494 0.71544154678 176.160000086 0.292843660406 -0.09375 9.0 1.0 1.0 2.5 0.0 0.0 
3434 54.5898891697 -11.0981656798 6.18043473494 0.71544154678 170.359999657 0.292843660406 -0.09375 9.0 1.0 1.0 2.5 0.0 0.0 
3434 54.027221289 -11.0122870638 6.18043473494 0.71544154678 166.010000229 0.292843660406 -0.09375 9.0 1.0 1.0 2.5 0.0 0.0 
3434 52.7961953797 -10.7290236442 6.18043473494 0.71544154678 174.619999886 0.292843660406 -0.09375 9.0 1.0 1.0 2.5 0.0 0.0 
3434 51.3971098252 -10.7269464887 6.18043473494 0.71544154678 190.770000458 0.292843660406 -0.09375 9.0 1.0 1.0 2.5 0.0 0.0 
3434 49.9478901063 -11.1008110056 6.18043473494 0.71544154678 200.620000839 0.292843660406 -0.09375 9.0 1.0 1.0 2.5 0.0 0.0 
3434 48.4940813658 -11.7069925041 6.18043473494 0.71544154678 203.690000534 0.292843660406 -0.09375 9.0 1.0 1.0 2.5 0.0 0.0 
3434 46.9783221399 -12.316244985 6.18043473494 0.71544154678 197.340000153 0.292843660406 -0.09375 9.0 1.0 1.0 2.5 0.0 0.0 
3434 45.3678029709 -12.6821091696 6.18043473494 0.71544154678 184.010000229 0.292843660406 -0.09375 9.0 1.0 1.0 2.5 0.0 0.0 
3434 43.7163682264 -12.6086127404 6.18043473494 0.71544154678 165.640000343 0.292843660406 -0.09375 9.0 1.0 1.0 2.5 0.0 0.0 
3434 42.1046802217 -11.946483426 6.18043473494 0.71544154678 141.790000916 0.292843660406 -0.09375 9.0 1.0 1.0 2.5 0.0 0.0 
3434 40.7242351612 -11.1045873823 6.18043473494 0.71544154678 128.630001068 0.292843660406 -0.09375 9.0 1.0 1.0 2.5 0.0 0.0 
3434 39.6195846536 -9.34629790069 6.18043473494 0.71544154678 119.169998169 0.292843660406 -0.09375 9.0 1.0 1.0 2.5 0.0 0.0 
3434 38.7510449992 -7.63247568904 6.18043473494 0.71544154678 113.660003662 0.292843660406 -0.09375 9.0 1.0 1.0 2.5 0.0 0.0 
3434 37.9786988261 -5.73219857669 6.18043473494 0.71544154678 109.980003357 0.292843660406 -0.09375 9.0 1.0 1.0 2.5 0.0 0.0 
3434 37.6433738923 -4.79535314281 6.18043473494 0.71544154678 109.400001526 0.292843660406 -0.09375 9.0 1.0 1.0 2.5 0.0 0.0 
3434 36.9715880392 -2.87658277377 6.18043473494 0.71544154678 110.36000061 0.292843660406 -0.09375 9.0 1.0 1.0 2.5 0.0 0.0 
3434 36.1935529149 -1.02393371648 6.18043473494 0.71544154678 118.470001221 0.292843660406 -0.09375 9.0 1.0 1.0 2.5 0.0 0.0 
3434 35.0469865788 0.703968815594 6.18043473494 0.71544154678 132.669998169 0.292843660406 -0.09375 9.0 1.0 1.0 2.5 0.0 0.0 
3434 32.6280134052 2.71018073971 6.18043473494 0.71544154678 149.520000458 0.292843660406 -0.09375 9.0 1.0 1.0 2.5 0.0 0.0 
3434 30.7030780567 3.71254620789 6.18043473494 0.71544154678 158.489999771 0.292843660406 -0.09375 9.0 1.0 1.0 2.5 0.0 0.0 
3434 28.6307219796 4.50167876948 6.18043473494 0.71544154678 163.680000305 0.292843660406 -0.09375 9.0 1.0 1.0 2.5 0.0 0.0 
3434 25.3157661232 5.32374882369 6.18043473494 0.71544154678 169.430000305 0.292843660406 -0.09375 9.0 1.0 1.0 2.5 0.0 0.0 
3434 23.0186119219 5.70785967365 6.18043473494 0.71544154678 172.179999828 0.292843660406 -0.09375 9.0 1.0 1.0 2.5 0.0 0.0 
3434 20.6670046541 5.99597506857 6.18043473494 0.71544154678 174.389999866 0.292843660406 -0.09375 9.0 1.0 1.0 2.5 0.0 0.0 
3434 18.2779570447 6.2151837525 6.18043473494 0.71544154678 175.789999962 0.292843660406 -0.09375 9.0 1.0 1.0 2.5 0.0 0.0 
3434 14.7106145503 6.36375863918 6.18043473494 0.71544154678 177.920000076 0.292843660406 -0.09375 9.0 1.0 1.0 2.5 0.0 0.0 
3434 12.4522638416 6.50649615066 6.18043473494 0.71544154678 175.860000134 0.292843660406 -0.09375 9.0 1.0 1.0 2.5 0.0 0.0 
3434 12.1074811815 6.50391270624 6.18043473494 0.71544154678 165.81000042 0.292843660406 -0.09375 9.0 1.0 1.0 2.5 0.0 0.0 
3434 12.4494047846 6.38852982954 6.18043473494 0.71544154678 150.879999161 0.292843660406 -0.09375 9.0 1.0 1.0 2.5 0.0 0.0 
3434 12.5725406024 6.31169040616 6.18043473494 0.71544154678 141.470001221 0.292843660406 -0.09375 9.0 1.0 1.0 2.5 0.0 0.0 
3434 13.1218473931 5.87092140448 6.18043473494 0.71544154678 144.130001068 0.292843660406 -0.09375 9.0 1.0 1.0 2.5 0.0 0.0 
3434 13.4871283892 5.61624816986 6.18043473494 0.71544154678 148.159999847 0.292843660406 -0.09375 9.0 1.0 1.0 2.5 0.0 0.0 
3434 14.4426759808 5.11239035843 6.18043473494 0.71544154678 159.260000229 0.292843660406 -0.09375 9.0 1.0 1.0 2.5 0.0 0.0 
3434 15.2045525173 4.85344394946 6.18043473494 0.71544154678 168.350000381 0.292843660406 -0.09375 9.0 1.0 1.0 2.5 0.0 0.0 
3434 15.8017794672 4.73009922784 6.18043473494 0.71544154678 169.329999924 0.292843660406 -0.09375 9.0 1.0 1.0 2.5 0.0 0.0 
3434 15.5699955178 4.77257384235 6.18043473494 0.71544154678 157.940000534 0.292843660406 -0.09375 9.0 1.0 1.0 2.5 0.0 0.0 
3434 15.535902921 4.78533529514 6.18043473494 0.71544154678 144.040000916 0.292843660406 -0.09375 9.0 1.0 1.0 2.5 0.0 0.0 
3434 16.0840149191 4.52650225792 6.18043473494 0.71544154678 132.970001221 0.292843660406 -0.09375 9.0 1.0 1.0 2.5 0.0 0.0 
3434 16.2866348514 4.06267625259 6.18043473494 0.71544154678 133.049999237 0.292843660406 -0.09375 9.0 1.0 1.0 2.5 0.0 0.0 
3434 16.1533569118 4.20206949489 6.18043473494 0.71544154678 128.759998322 0.292843660406 -0.09375 9.0 1.0 1.0 2.5 0.0 0.0 
3434 15.8886701016 4.55602423869 6.18043473494 0.71544154678 118.549999237 0.292843660406 -0.09375 9.0 1.0 1.0 2.5 0.0 0.0 
3434 15.498762598 5.30354662486 6.18043473494 0.71544154678 110.480003357 0.292843660406 -0.09375 9.0 1.0 1.0 2.5 0.0 0.0 
3434 15.120104596 6.34626115961 6.18043473494 0.71544154678 107.419998169 0.292843660406 -0.09375 9.0 1.0 1.0 2.5 0.0 0.0 
3434 14.9117575595 6.97987420163 6.18043473494 0.71544154678 112.870002747 0.292843660406 -0.09375 9.0 1.0 1.0 2.5 0.0 0.0 
3434 14.8675814129 7.08460672325 6.18043473494 0.71544154678 119.090000153 0.292843660406 -0.09375 9.0 1.0 1.0 2.5 0.0 0.0 
3434 14.96235391 6.93319837127 6.18043473494 0.71544154678 127.159999847 0.292843660406 -0.09375 9.0 1.0 1.0 2.5 0.0 0.0 
3434 15.1336463005 6.70298062128 6.18043473494 0.71544154678 128.459999084 0.292843660406 -0.09375 9.0 1.0 1.0 2.5 0.0 0.0 
3434 15.4927210006 6.25049245757 6.18043473494 0.71544154678 128.619998932 0.292843660406 -0.09375 9.0 1.0 1.0 2.5 0.0 0.0 
3434 15.7396587439 5.94094802384 6.18043473494 0.71544154678 128.340000153 0.292843660406 -0.09375 9.0 1.0 1.0 2.5 0.0 0.0 
3434 15.4719591657 6.29329308127 6.18043473494 0.71544154678 123.340000153 0.292843660406 -0.09375 9.0 1.0 1.0 2.5 0.0 0.0 
3434 15.4474096982 6.32955306577 6.18043473494 0.71544154678 122.220001221 0.292843660406 -0.09375 9.0 1.0 1.0 2.5 0.0 0.0 
3434 15.3343824738 6.5104994024 6.18043473494 0.71544154678 119.549999237 0.292843660406 -0.09375 9.0 1.0 1.0 2.5 0.0 0.0 
3434 15.3445344248 6.492692604 6.18043473494 0.71544154678 119.080001831 0.292843660406 -0.09375 9.0 1.0 1.0 2.5 0.0 0.0 
3434 15.3503732356 6.48208062304 6.18043473494 0.71544154678 118.729999542 0.292843660406 -0.09375 9.0 1.0 1.0 2.5 0.0 0.0 
3434 15.3544100586 6.47473091823 6.18043473494 0.71544154678 118.810001373 0.292843660406 -0.09375 9.0 1.0 1.0 2.5 0.0 0.0 
3434 15.3580020194 6.46819986643 6.18043473494 0.71544154678 118.740001678 0.292843660406 -0.09375 9.0 1.0 1.0 2.5 0.0 0.0 
3434 15.3580020194 6.46819986643 6.18043473494 0.71544154678 118.779998779 0.292843660406 -0.09375 9.0 1.0 1.0 2.5 0.0 0.0 
3434 15.3580020194 6.46819986643 6.18043473494 0.71544154678 118.759998322 0.292843660406 -0.09375 9.0 1.0 1.0 2.5 0.0 0.0 
3434 15.3580020194 6.46819986643 6.18043473494 0.71544154678 118.759998322 0.292843660406 -0.09375 9.0 1.0 1.0 2.5 0.0 0.0 
3434 15.3669676687 6.45186440624 6.18043473494 0.71544154678 118.75 0.292843660406 -0.09375 9.0 1.0 1.0 2.5 0.0 0.0 
3434 15.4814976532 6.24264435423 6.18043473494 0.71544154678 118.279998779 0.292843660406 -0.09375 9.0 1.0 1.0 2.5 0.0 0.0 
3434 15.6290880019 5.96657086124 6.18043473494 0.71544154678 117.319999695 0.292843660406 -0.09375 9.0 1.0 1.0 2.5 0.0 0.0 
3434 15.7961533747 5.6417952785 6.18043473494 0.71544154678 116.979999542 0.292843660406 -0.09375 9.0 1.0 1.0 2.5 0.0 0.0 
3434 15.9605846888 5.31985612138 6.18043473494 0.71544154678 117.959999084 0.292843660406 -0.09375 9.0 1.0 1.0 2.5 0.0 0.0 
3434 16.1811430349 4.90635964523 6.18043473494 0.71544154678 118.740001678 0.292843660406 -0.09375 9.0 1.0 1.0 2.5 0.0 0.0 
3434 16.2923527285 4.70275759762 6.18043473494 0.71544154678 119.0 0.292843660406 -0.09375 9.0 1.0 1.0 2.5 0.0 0.0 
3434 16.4816281395 4.36132689638 6.18043473494 0.71544154678 119.150001526 0.292843660406 -0.09375 9.0 1.0 1.0 2.5 0.0 0.0 
3434 16.6189263586 4.11572399686 6.18043473494 0.71544154678 119.740001678 0.292843660406 -0.09375 9.0 1.0 1.0 2.5 0.0 0.0 
3434 16.6444668238 4.07129863336 6.18043473494 0.71544154678 118.819999695 0.292843660406 -0.09375 9.0 1.0 1.0 2.5 0.0 0.0 
3434 16.6346548375 4.08929474848 6.18043473494 0.71544154678 117.549999237 0.292843660406 -0.09375 9.0 1.0 1.0 2.5 0.0 0.0 
3434 16.6251225719 4.10744089406 6.18043473494 0.71544154678 118.189998627 0.292843660406 -0.09375 9.0 1.0 1.0 2.5 0.0 0.0 
3434 16.6246844449 4.10826315926 6.18043473494 0.71544154678 118.270000458 0.292843660406 -0.09375 9.0 1.0 1.0 2.5 0.0 0.0 
3434 16.6246844449 4.10826315926 6.18043473494 0.71544154678 118.279998779 0.292843660406 -0.09375 9.0 1.0 1.0 2.5 0.0 0.0 
3434 16.6246844449 4.10826315926 6.18043473494 0.71544154678 118.270000458 0.292843660406 -0.09375 9.0 1.0 1.0 2.5 0.0 0.0 
3434 16.6246844449 4.10826315926 6.18043473494 0.71544154678 118.270000458 0.292843660406 -0.09375 9.0 1.0 1.0 2.5 0.0 0.0 
3434 16.6295385364 4.09923681402 6.18043473494 0.71544154678 118.310001373 0.292843660406 -0.09375 9.0 1.0 1.0 2.5 0.0 0.0 
3434 16.6727876518 4.01882222094 6.18043473494 0.71544154678 117.75 0.292843660406 -0.09375 9.0 1.0 1.0 2.5 0.0 0.0 
3434 16.6559887502 4.05104225059 6.18043473494 0.71544154678 117.240001678 0.292843660406 -0.09375 9.0 1.0 1.0 2.5 0.0 0.0 
3434 16.2590288497 4.80126906301 6.18043473494 0.71544154678 117.560001373 0.292843660406 -0.09375 9.0 1.0 1.0 2.5 0.0 0.0 
3434 16.0843862939 5.14099991191 6.18043473494 0.71544154678 116.330001831 0.292843660406 -0.09375 9.0 1.0 1.0 2.5 0.0 0.0 
3434 15.8702012435 5.5838574521 6.18043473494 0.71544154678 115.339996338 0.292843660406 -0.09375 9.0 1.0 1.0 2.5 0.0 0.0 
3434 15.8023897852 5.72596444416 6.18043473494 0.71544154678 116.700000763 0.292843660406 -0.09375 9.0 1.0 1.0 2.5 0.0 0.0 
3434 15.828208612 5.68595050802 6.18043473494 0.71544154678 121.849998474 0.292843660406 -0.09375 9.0 1.0 1.0 2.5 0.0 0.0 
3434 15.9153279883 5.55146499264 6.18043473494 0.71544154678 124.240001678 0.292843660406 -0.09375 9.0 1.0 1.0 2.5 0.0 0.0 
3438 16.015160013 5.40302813951 6.18043473494 0.71544154678 122.529998779 0.276146176129 -2.15625 9.0 1.0 1.0 2.5 0.0 0.0 
3438 16.247500254 5.0329820774 6.18043473494 0.71544154678 120.759998322 0.276146176129 -2.15625 9.0 1.0 1.0 2.5 0.0 0.0 
3438 16.4291853191 4.72477497128 6.18043473494 0.71544154678 119.88999939 0.276146176129 -2.15625 9.0 1.0 1.0 2.5 0.0 0.0 
3438 16.5712986672 4.47547407959 6.18043473494 0.71544154678 118.840000153 0.276146176129 -2.15625 9.0 1.0 1.0 2.5 0.0 0.0 
3438 16.5955674813 4.43140218054 6.18043473494 0.71544154678 116.759998322 0.276146176129 -2.15625 9.0 1.0 1.0 2.5 0.0 0.0 
3438 16.5759020295 4.47052647916 6.18043473494 0.71544154678 115.949996948 0.276146176129 -2.15625 9.0 1.0 1.0 2.5 0.0 0.0 
3438 16.5803819218 4.46130869431 6.18043473494 0.71544154678 115.88999939 0.276146176129 -2.15625 9.0 1.0 1.0 2.5 0.0 0.0 
3438 16.576727526 4.46885584566 6.18043473494 0.71544154678 115.839996338 0.276146176129 -2.15625 9.0 1.0 1.0 2.5 0.0 0.0 
3438 16.5751040332 4.47221046574 6.18043473494 0.71544154678 115.849998474 0.276146176129 -2.15625 9.0 1.0 1.0 2.5 0.0 0.0 
3438 16.5751040332 4.47221046574 6.18043473494 0.71544154678 115.839996338 0.276146176129 -2.15625 9.0 1.0 1.0 2.5 0.0 0.0 
3438 16.5751040332 4.47221046574 6.18043473494 0.71544154678 115.839996338 0.276146176129 -2.15625 9.0 1.0 1.0 2.5 0.0 0.0 
3438 16.5751040332 4.47221046574 6.18043473494 0.71544154678 115.830001831 0.276146176129 -2.15625 9.0 1.0 1.0 2.5 0.0 0.0 
3438 16.5751040332 4.47221046574 6.18043473494 0.71544154678 115.830001831 0.276146176129 -2.15625 9.0 1.0 1.0 2.5 0.0 0.0 
3438 16.5751040332 4.47221046574 6.18043473494 0.71544154678 115.819999695 0.276146176129 -2.15625 9.0 1.0 1.0 2.5 0.0 0.0 
3438 16.5751040332 4.47221046574 6.18043473494 0.71544154678 115.819999695 0.276146176129 -2.15625 9.0 1.0 1.0 2.5 0.0 0.0 
3438 16.5751040332 4.47221046574 6.18043473494 0.71544154678 115.819999695 0.276146176129 -2.15625 9.0 1.0 1.0 2.5 0.0 0.0 
3438 16.5751040332 4.47221046574 6.18043473494 0.71544154678 115.819999695 0.276146176129 -2.15625 9.0 1.0 1.0 2.5 0.0 0.0 
3438 16.4667554254 4.69614081302 6.18043473494 0.71544154678 115.690002441 0.276146176129 -2.15625 9.0 1.0 1.0 2.5 0.0 0.0 
3438 16.057190315 5.57312534009 6.18043473494 0.71544154678 111.900001526 0.276146176129 -2.15625 9.0 1.0 1.0 2.5 0.0 0.0 
3438 15.6785226936 6.50337490979 6.18043473494 0.71544154678 115.279998779 0.276146176129 -2.15625 9.0 1.0 1.0 2.5 0.0 0.0 
3444 14.8405022638 7.97243774147 6.18043473494 0.71544154678 132.950000763 0.359721539418 -4.875 9.0 1.0 1.0 2.5 0.0 0.0 
3444 14.6220949186 8.18464094551 6.18043473494 0.71544154678 156.270000458 0.359721539418 -4.875 9.0 1.0 1.0 2.5 0.0 0.0 
3444 14.8920977663 8.12351523534 6.18043473494 0.71544154678 181.320000052 0.359721539418 -4.875 9.0 1.0 1.0 2.5 0.0 0.0 
3444 16.3202395903 8.25892259875 6.18043473494 0.71544154678 190.529999733 0.359721539418 -4.875 9.0 1.0 1.0 2.5 0.0 0.0 
3444 17.719267685 8.51731304764 6.18043473494 0.71544154678 189.970000267 0.359721539418 -4.875 9.0 1.0 1.0 2.5 0.0 0.0 
3444 20.1692981618 8.79653905079 6.18043473494 0.71544154678 187.730000019 0.359721539418 -4.875 9.0 1.0 1.0 2.5 0.0 0.0 
3444 21.9494047706 9.04498747728 6.18043473494 0.71544154678 176.029999971 0.359721539418 -4.875 9.0 1.0 1.0 2.5 0.0 0.0 
3444 23.8361948887 8.86756822537 6.18043473494 0.71544154678 166.199999809 0.359721539418 -4.875 9.0 1.0 1.0 2.5 0.0 0.0 
3444 25.7869649468 8.3442666348 6.18043473494 0.71544154678 159.899999619 0.359721539418 -4.875 9.0 1.0 1.0 2.5 0.0 0.0 
3444 27.7495494643 7.5597411095 6.18043473494 0.71544154678 155.840000153 0.359721539418 -4.875 9.0 1.0 1.0 2.5 0.0 0.0 
3444 29.5995403995 6.66140791144 6.18043473494 0.71544154678 150.079999924 0.359721539418 -4.875 9.0 1.0 1.0 2.5 0.0 0.0 
3444 31.3964861298 5.49197714679 6.18043473494 0.71544154678 140.669998169 0.359721539418 -4.875 9.0 1.0 1.0 2.5 0.0 0.0 
3444 33.0989286229 4.08205017679 6.18043473494 0.71544154678 137.130001068 0.359721539418 -4.875 9.0 1.0 1.0 2.5 0.0 0.0 
3444 34.7056884894 2.57060534772 6.18043473494 0.71544154678 134.310001373 0.359721539418 -4.875 9.0 1.0 1.0 2.5 0.0 0.0 
3444 36.2094687181 1.03741471489 6.18043473494 0.71544154678 136.569999695 0.359721539418 -4.875 9.0 1.0 1.0 2.5 0.0 0.0 
3444 37.763055521 -0.386663290943 6.18043473494 0.71544154678 144.540000916 0.359721539418 -4.875 9.0 1.0 1.0 2.5 0.0 0.0 
3444 38.6329349271 -1.0354592612 6.18043473494 0.71544154678 149.690000534 0.359721539418 -4.875 9.0 1.0 1.0 2.5 0.0 0.0 
3444 40.461701971 -2.06583281999 6.18043473494 0.71544154678 155.829999924 0.359721539418 -4.875 9.0 1.0 1.0 2.5 0.0 0.0 
3444 43.358168362 -3.42220623667 6.18043473494 0.71544154678 153.620000839 0.359721539418 -4.875 9.0 1.0 1.0 2.5 0.0 0.0 
3444 44.3251951446 -3.90065777855 6.18043473494 0.71544154678 154.239999771 0.359721539418 -4.875 9.0 1.0 1.0 2.5 0.0 0.0 
3444 46.3585135186 -4.82581463086 6.18043473494 0.71544154678 158.379999161 0.359721539418 -4.875 9.0 1.0 1.0 2.5 0.0 0.0 
3444 48.450468136 -5.64641323256 6.18043473494 0.71544154678 159.479999542 0.359721539418 -4.875 9.0 1.0 1.0 2.5 0.0 0.0 
3444 51.6854897614 -6.86414796505 6.18043473494 0.71544154678 159.25 0.359721539418 -4.875 9.0 1.0 1.0 2.5 0.0 0.0 
3444 53.4746532445 -7.54328539172 6.18043473494 0.71544154678 157.030000687 0.359721539418 -4.875 9.0 1.0 1.0 2.5 0.0 0.0 
3444 55.2299119553 -8.30642075594 6.18043473494 0.71544154678 161.459999084 0.359721539418 -4.875 9.0 1.0 1.0 2.5 0.0 0.0 
3444 56.7239279733 -8.77649623899 6.18043473494 0.71544154678 169.029999733 0.359721539418 -4.875 9.0 1.0 1.0 2.5 0.0 0.0 
3444 58.0007969692 -9.0240281501 6.18043473494 0.71544154678 168.229999542 0.359721539418 -4.875 9.0 1.0 1.0 2.5 0.0 0.0 
3444 59.2247526257 -9.36823341869 6.18043473494 0.71544154678 156.579999924 0.359721539418 -4.875 9.0 1.0 1.0 2.5 0.0 0.0 
3444 60.2246881665 -9.88679429833 6.18043473494 0.71544154678 144.069999695 0.359721539418 -4.875 9.0 1.0 1.0 2.5 0.0 0.0 
3444 60.6940326877 -10.2964021033 6.18043473494 0.71544154678 124.840000153 0.359721539418 -4.875 9.0 1.0 1.0 2.5 0.0 0.0 
3444 60.7898270237 -10.5206743257 6.18043473494 0.71544154678 79.3799972534 0.359721539418 -4.875 9.0 1.0 1.0 2.5 0.0 0.0 
3444 60.7796441425 -10.5695496317 6.18043473494 0.71544154678 51.1000061035 0.359721539418 -4.875 9.0 1.0 1.0 2.5 0.0 0.0 
3444 60.7440422845 -10.6149039138 6.18043473494 0.71544154678 45.4900054932 0.359721539418 -4.875 9.0 1.0 1.0 2.5 0.0 0.0 
3444 60.7443753716 -10.6139419291 6.18043473494 0.71544154678 56.9599990845 0.359721539418 -4.875 9.0 1.0 1.0 2.5 0.0 0.0 
3444 60.6914237544 -10.7289343977 6.18043473494 0.71544154678 78.9800033569 0.359721539418 -4.875 9.0 1.0 1.0 2.5 0.0 0.0 
3444 60.6650982008 -11.2725174174 6.18043473494 0.71544154678 98.3399963379 0.359721539418 -4.875 9.0 1.0 1.0 2.5 0.0 0.0 
3444 60.7229514498 -11.5665724256 6.18043473494 0.71544154678 115.709999084 0.359721539418 -4.875 9.0 1.0 1.0 2.5 0.0 0.0 
3444 60.597632461 -11.3251244925 6.18043473494 0.71544154678 119.549999237 0.359721539418 -4.875 9.0 1.0 1.0 2.5 0.0 0.0 
3444 60.5138008595 -11.1809715442 6.18043473494 0.71544154678 123.319999695 0.359721539418 -4.875 9.0 1.0 1.0 2.5 0.0 0.0 
3444 60.5878858368 -11.2625642882 6.18043473494 0.71544154678 137.919998169 0.359721539418 -4.875 9.0 1.0 1.0 2.5 0.0 0.0 
3444 60.8918908723 -11.5271415977 6.18043473494 0.71544154678 141.549999237 0.359721539418 -4.875 9.0 1.0 1.0 2.5 0.0 0.0 
3444 61.1373050398 -11.7243064357 6.18043473494 0.71544154678 135.209999084 0.359721539418 -4.875 9.0 1.0 1.0 2.5 0.0 0.0 
3444 61.2202143364 -11.8074174155 6.18043473494 0.71544154678 134.840000153 0.359721539418 -4.875 9.0 1.0 1.0 2.5 0.0 0.0 
3444 61.268168755 -11.8556496356 6.18043473494 0.71544154678 134.86000061 0.359721539418 -4.875 9.0 1.0 1.0 2.5 0.0 0.0 
3444 61.3483079285 -11.9362607044 6.18043473494 0.71544154678 134.779998779 0.359721539418 -4.875 9.0 1.0 1.0 2.5 0.0 0.0 
3444 61.3483824495 -11.9361866683 6.18043473494 0.71544154678 135.119998932 0.359721539418 -4.875 9.0 1.0 1.0 2.5 0.0 0.0 
3444 61.1428210968 -11.7137527499 6.18043473494 0.71544154678 133.060001373 0.359721539418 -4.875 9.0 1.0 1.0 2.5 0.0 0.0 
3444 60.5288864553 -11.0430086952 6.18043473494 0.71544154678 128.880001068 0.359721539418 -4.875 9.0 1.0 1.0 2.5 0.0 0.0 
3444 60.4716469024 -10.9842254873 6.18043473494 0.71544154678 122.900001526 0.359721539418 -4.875 9.0 1.0 1.0 2.5 0.0 0.0 
3444 60.7968354472 -11.4506359841 6.18043473494 0.71544154678 140.470001221 0.359721539418 -4.875 9.0 1.0 1.0 2.5 0.0 0.0 
3444 61.4763285729 -11.9415770533 6.18043473494 0.71544154678 163.329999924 0.359721539418 -4.875 9.0 1.0 1.0 2.5 0.0 0.0 
3444 61.8795059567 -12.0837195752 6.18043473494 0.71544154678 167.93999958 0.359721539418 -4.875 9.0 1.0 1.0 2.5 0.0 0.0 
3444 61.2715895707 -11.9503726712 6.18043473494 0.71544154678 168.539999962 0.359721539418 -4.875 9.0 1.0 1.0 2.5 0.0 0.0 
3444 60.8605515694 -11.8727459703 6.18043473494 0.71544154678 171.609999657 0.359721539418 -4.875 9.0 1.0 1.0 2.5 0.0 0.0 
3444 59.5943852964 -11.7377059921 6.18043473494 0.71544154678 169.640000343 0.359721539418 -4.875 9.0 1.0 1.0 2.5 0.0 0.0 
3444 59.4082497767 -11.7211771567 6.18043473494 0.71544154678 148.270000458 0.359721539418 -4.875 9.0 1.0 1.0 2.5 0.0 0.0 
3444 59.7136584075 -11.9333772842 6.18043473494 0.71544154678 133.680000305 0.359721539418 -4.875 9.0 1.0 1.0 2.5 0.0 0.0 
3444 60.0169574819 -12.2490048909 6.18043473494 0.71544154678 132.75 0.359721539418 -4.875 9.0 1.0 1.0 2.5 0.0 0.0 
3444 60.2176664592 -12.4577259731 6.18043473494 0.71544154678 146.369998932 0.359721539418 -4.875 9.0 1.0 1.0 2.5 0.0 0.0 
3444 60.3947663581 -12.55469282 6.18043473494 0.71544154678 165.020000458 0.359721539418 -4.875 9.0 1.0 1.0 2.5 0.0 0.0 
3444 61.0195298219 -12.7126889297 6.18043473494 0.71544154678 174.679999828 0.359721539418 -4.875 9.0 1.0 1.0 2.5 0.0 0.0 
3444 61.2754961254 -12.7360421727 6.18043473494 0.71544154678 166.56000042 0.359721539418 -4.875 9.0 1.0 1.0 2.5 0.0 0.0 
3444 61.1545931851 -12.7049413102 6.18043473494 0.71544154678 163.700000763 0.359721539418 -4.875 9.0 1.0 1.0 2.5 0.0 0.0 
3444 61.307808944 -12.751900897 6.18043473494 0.71544154678 161.920000076 0.359721539418 -4.875 9.0 1.0 1.0 2.5 0.0 0.0 
3444 61.3466388196 -12.7519265337 6.18043473494 0.71544154678 153.620000839 0.359721539418 -4.875 9.0 1.0 1.0 2.5 0.0 0.0 
3444 61.2364778359 -12.6993438679 6.18043473494 0.71544154678 147.13999939 0.359721539418 -4.875 9.0 1.0 1.0 2.5 0.0 0.0 
3444 61.6257507284 -12.9664532898 6.18043473494 0.71544154678 141.080001831 0.359721539418 -4.875 9.0 1.0 1.0 2.5 0.0 0.0 
3444 61.9206019139 -13.1988953991 6.18043473494 0.71544154678 137.180000305 0.359721539418 -4.875 9.0 1.0 1.0 2.5 0.0 0.0 
3444 62.2317410826 -13.5104317499 6.18043473494 0.71544154678 128.569999695 0.359721539418 -4.875 9.0 1.0 1.0 2.5 0.0 0.0 
3444 62.2470445582 -13.5303964702 6.18043473494 0.71544154678 129.930000305 0.359721539418 -4.875 9.0 1.0 1.0 2.5 0.0 0.0 
3444 62.1962950151 -13.4695990398 6.18043473494 0.71544154678 129.799999237 0.359721539418 -4.875 9.0 1.0 1.0 2.5 0.0 0.0 
3444 62.3718576872 -13.6798624528 6.18043473494 0.71544154678 129.740001678 0.359721539418 -4.875 9.0 1.0 1.0 2.5 0.0 0.0 
3444 62.3376038742 -13.6368625491 6.18043473494 0.71544154678 128.689998627 0.359721539418 -4.875 9.0 1.0 1.0 2.5 0.0 0.0 
3444 62.5466371187 -13.8943888606 6.18043473494 0.71544154678 129.689998627 0.359721539418 -4.875 9.0 1.0 1.0 2.5 0.0 0.0 
3444 62.556115254 -13.9058949377 6.18043473494 0.71544154678 129.270000458 0.359721539418 -4.875 9.0 1.0 1.0 2.5 0.0 0.0 
3444 62.5572949996 -13.9073373321 6.18043473494 0.71544154678 129.25 0.359721539418 -4.875 9.0 1.0 1.0 2.5 0.0 0.0 
3444 62.5472757235 -13.8950699822 6.18043473494 0.71544154678 129.240001678 0.359721539418 -4.875 9.0 1.0 1.0 2.5 0.0 0.0 
3444 62.5118946881 -13.8517888908 6.18043473494 0.71544154678 129.909999847 0.359721539418 -4.875 9.0 1.0 1.0 2.5 0.0 0.0 
3444 62.3655124 -13.6878048257 6.18043473494 0.71544154678 134.939998627 0.359721539418 -4.875 9.0 1.0 1.0 2.5 0.0 0.0 
3444 61.8602944364 -13.2332572147 6.18043473494 0.71544154678 143.36000061 0.359721539418 -4.875 9.0 1.0 1.0 2.5 0.0 0.0 
3444 61.5180728843 -12.9912222729 6.18043473494 0.71544154678 148.590000153 0.359721539418 -4.875 9.0 1.0 1.0 2.5 0.0 0.0 
3444 60.3189562698 -12.3703905577 6.18043473494 0.71544154678 157.709999084 0.359721539418 -4.875 9.0 1.0 1.0 2.5 0.0 0.0 
3444 59.3603838271 -11.9872213679 6.18043473494 0.71544154678 157.989999771 0.359721539418 -4.875 9.0 1.0 1.0 2.5 0.0 0.0 
3444 58.3594425797 -11.5675263613 6.18043473494 0.71544154678 155.459999084 0.359721539418 -4.875 9.0 1.0 1.0 2.5 0.0 0.0 
3444 58.3798823485 -11.5765948734 6.18043473494 0.71544154678 158.200000763 0.359721539418 -4.875 9.0 1.0 1.0 2.5 0.0 0.0 
3444 58.4960069431 -11.622437526 6.18043473494 0.71544154678 157.340000153 0.359721539418 -4.875 9.0 1.0 1.0 2.5 0.0 0.0 
3444 58.9670514254 -11.8329231364 6.18043473494 0.71544154678 150.590000153 0.359721539418 -4.875 9.0 1.0 1.0 2.5 0.0 0.0 
3444 59.3313918315 -12.0326839905 6.18043473494 0.71544154678 149.190000534 0.359721539418 -4.875 9.0 1.0 1.0 2.5 0.0 0.0 
3444 60.2791203861 -12.593582461 6.18043473494 0.71544154678 149.700000763 0.359721539418 -4.875 9.0 1.0 1.0 2.5 0.0 0.0 
3444 61.5921816978 -13.2821136477 6.18043473494 0.71544154678 160.25 0.359721539418 -4.875 9.0 1.0 1.0 2.5 0.0 0.0 
3444 62.4167894745 -13.5506387368 6.18043473494 0.71544154678 162.36000061 0.359721539418 -4.875 9.0 1.0 1.0 2.5 0.0 0.0 
3444 62.5198255803 -13.5779535407 6.18043473494 0.71544154678 153.770000458 0.359721539418 -4.875 9.0 1.0 1.0 2.5 0.0 0.0 
3444 62.5770704132 -13.6397135914 6.18043473494 0.71544154678 139.790000916 0.359721539418 -4.875 9.0 1.0 1.0 2.5 0.0 0.0 
3444 62.7943698071 -13.8340374472 6.18043473494 0.71544154678 136.740001678 0.359721539418 -4.875 9.0 1.0 1.0 2.5 0.0 0.0 
3444 63.0789698743 -14.0998667001 6.18043473494 0.71544154678 138.430000305 0.359721539418 -4.875 9.0 1.0 1.0 2.5 0.0 0.0 
3444 63.0852498082 -14.1054233677 6.18043473494 0.71544154678 137.970001221 0.359721539418 -4.875 9.0 1.0 1.0 2.5 0.0 0.0 
3444 63.0907904622 -14.1104091316 6.18043473494 0.71544154678 137.970001221 0.359721539418 -4.875 9.0 1.0 1.0 2.5 0.0 0.0 
3444 63.0956380771 -14.114772193 6.18043473494 0.71544154678 138.150001526 0.359721539418 -4.875 9.0 1.0 1.0 2.5 0.0 0.0 
3444 63.0817662118 -14.1023302675 6.18043473494 0.71544154678 138.130001068 0.359721539418 -4.875 9.0 1.0 1.0 2.5 0.0 0.0 
3444 62.8964712251 -13.9377559104 6.18043473494 0.71544154678 139.409999847 0.359721539418 -4.875 9.0 1.0 1.0 2.5 0.0 0.0 
3444 62.8091255898 -13.8593712087 6.18043473494 0.71544154678 132.630001068 0.359721539418 -4.875 9.0 1.0 1.0 2.5 0.0 0.0 
3444 62.8693438782 -13.9491559471 6.18043473494 0.71544154678 121.479999542 0.359721539418 -4.875 9.0 1.0 1.0 2.5 0.0 0.0 
3444 63.0058892917 -14.1681432483 6.18043473494 0.71544154678 126.970001221 0.359721539418 -4.875 9.0 1.0 1.0 2.5 0.0 0.0 
3444 63.0010558171 -14.1624486919 6.18043473494 0.71544154678 129.36000061 0.359721539418 -4.875 9.0 1.0 1.0 2.5 0.0 0.0 
3444 62.960122978 -14.1128755021 6.18043473494 0.71544154678 128.36000061 0.359721539418 -4.875 9.0 1.0 1.0 2.5 0.0 0.0 
3444 63.0626794713 -14.2420180092 6.18043473494 0.71544154678 128.580001831 0.359721539418 -4.875 9.0 1.0 1.0 2.5 0.0 0.0 
3444 63.0597750173 -14.238375753 6.18043473494 0.71544154678 128.619998932 0.359721539418 -4.875 9.0 1.0 1.0 2.5 0.0 0.0 
3444 62.8206111644 -13.9453217683 6.18043473494 0.71544154678 130.950000763 0.359721539418 -4.875 9.0 1.0 1.0 2.5 0.0 0.0 
3444 62.340479655 -13.4290172231 6.18043473494 0.71544154678 137.099998474 0.359721539418 -4.875 9.0 1.0 1.0 2.5 0.0 0.0 
3444 61.0765065106 -12.491429238 6.18043473494 0.71544154678 150.379999161 0.359721539418 -4.875 9.0 1.0 1.0 2.5 0.0 0.0 
3444 59.9978490817 -11.9187841238 6.18043473494 0.71544154678 154.829999924 0.359721539418 -4.875 9.0 1.0 1.0 2.5 0.0 0.0 
3444 57.9181954821 -11.078915587 6.18043473494 0.71544154678 166.380000114 0.359721539418 -4.875 9.0 1.0 1.0 2.5 0.0 0.0 
3444 56.3624820024 -10.762092317 6.18043473494 0.71544154678 181.429999948 0.359721539418 -4.875 9.0 1.0 1.0 2.5 0.0 0.0 
3444 54.8347780502 -10.8732360184 6.18043473494 0.71544154678 192.340000153 0.359721539418 -4.875 9.0 1.0 1.0 2.5 0.0 0.0 
3444 54.2703885733 -11.0045394618 6.18043473494 0.71544154678 195.25 0.359721539418 -4.875 9.0 1.0 1.0 2.5 0.0 0.0 
3444 53.4557319283 -11.225512092 6.18043473494 0.71544154678 192.350000381 0.359721539418 -4.875 9.0 1.0 1.0 2.5 0.0 0.0 
3444 53.9683593589 -11.177310473 6.18043473494 0.71544154678 176.25 0.359721539418 -4.875 9.0 1.0 1.0 2.5 0.0 0.0 
3444 54.5930291772 -11.3157290609 6.18043473494 0.71544154678 158.159999847 0.359721539418 -4.875 9.0 1.0 1.0 2.5 0.0 0.0 
3444 54.7173222584 -11.3825543261 6.18043473494 0.71544154678 139.099998474 0.359721539418 -4.875 9.0 1.0 1.0 2.5 0.0 0.0 
3444 54.504749399 -11.1724251898 6.18043473494 0.71544154678 130.560001373 0.359721539418 -4.875 9.0 1.0 1.0 2.5 0.0 0.0 
3444 54.1430771461 -10.6964359474 6.18043473494 0.71544154678 123.090000153 0.359721539418 -4.875 9.0 1.0 1.0 2.5 0.0 0.0 
3444 53.847371178 -10.1961863514 6.18043473494 0.71544154678 119.470001221 0.359721539418 -4.875 9.0 1.0 1.0 2.5 0.0 0.0 
3444 53.6142589716 -9.79858163884 6.18043473494 0.71544154678 132.770000458 0.359721539418 -4.875 9.0 1.0 1.0 2.5 0.0 0.0 
3444 53.5811384681 -9.75712010274 6.18043473494 0.71544154678 144.069999695 0.359721539418 -4.875 9.0 1.0 1.0 2.5 0.0 0.0 
3444 53.8688908452 -9.89313589808 6.18043473494 0.71544154678 163.540000916 0.359721539418 -4.875 9.0 1.0 1.0 2.5 0.0 0.0 
3444 54.6793956659 -10.0451250966 6.18043473494 0.71544154678 176.700000048 0.359721539418 -4.875 9.0 1.0 1.0 2.5 0.0 0.0 
3444 55.7469080563 -10.0390628861 6.18043473494 0.71544154678 185.789999962 0.359721539418 -4.875 9.0 1.0 1.0 2.5 0.0 0.0 
3444 56.2039379689 -9.98509875514 6.18043473494 0.71544154678 189.970000267 0.359721539418 -4.875 9.0 1.0 1.0 2.5 0.0 0.0 
3444 55.8678682516 -10.0428843751 6.18043473494 0.71544154678 187.980000019 0.359721539418 -4.875 9.0 1.0 1.0 2.5 0.0 0.0 
3444 54.8643413534 -10.0889086886 6.18043473494 0.71544154678 184.840000153 0.359721539418 -4.875 9.0 1.0 1.0 2.5 0.0 0.0 
3444 53.8410618895 -10.3418014309 6.18043473494 0.71544154678 206.620000839 0.359721539418 -4.875 9.0 1.0 1.0 2.5 0.0 0.0 
3444 52.8928037548 -10.9028007722 6.18043473494 0.71544154678 224.520000458 0.359721539418 -4.875 9.0 1.0 1.0 2.5 0.0 0.0 
3444 52.5234778381 -11.2340131325 6.18043473494 0.71544154678 234.080001831 0.359721539418 -4.875 9.0 1.0 1.0 2.5 0.0 0.0 
3444 52.2982154522 -11.5494356573 6.18043473494 0.71544154678 248.089996338 0.359721539418 -4.875 9.0 1.0 1.0 2.5 0.0 0.0 
3444 52.3591062532 -11.3539464527 6.18043473494 0.71544154678 257.660003662 0.359721539418 -4.875 9.0 1.0 1.0 2.5 0.0 0.0 
3447 52.3984748205 -11.0505432239 6.18043473494 0.71544154678 270.629997253 0.43812477327 -1.90625 9.0 1.0 1.0 2.5 0.0 0.0 
3449 52.313836283 -10.4362964559 6.18043473494 0.71544154678 287.86000061 0.442633894873 -1.0 9.0 1.0 1.0 2.5 0.0 0.0 
3449 51.9672844244 -9.65837303315 6.18043473494 0.71544154678 307.379997253 0.442633894873 -1.0 9.0 1.0 1.0 2.5 0.0 0.0 
3449 51.7609858955 -9.37541343237 6.18043473494 0.71544154678 300.949996948 0.442633894873 -1.0 9.0 1.0 1.0 2.5 0.0 0.0 
3449 51.9931033664 -9.7619922647 6.18043473494 0.71544154678 301.879997253 0.442633894873 -1.0 9.0 1.0 1.0 2.5 0.0 0.0 
3449 52.3842515688 -10.3482054249 6.18043473494 0.71544154678 315.830001831 0.442633894873 -1.0 9.0 1.0 1.0 2.5 0.0 0.0 
3449 52.2810366851 -10.2629214603 6.18043473494 0.71544154678 326.699996948 0.442633894873 -1.0 9.0 1.0 1.0 2.5 0.0 0.0 
3449 51.8134968892 -10.0005168104 6.18043473494 0.71544154678 336.169998169 0.442633894873 -1.0 9.0 1.0 1.0 2.5 0.0 0.0 
3449 51.0385943137 -9.71902494378 6.18043473494 0.71544154678 348.5 0.442633894873 -1.0 9.0 1.0 1.0 2.5 0.0 0.0 
3449 50.2057985262 -9.65517226456 6.18043473494 0.71544154678 3.36000061035 0.442633894873 -1.0 9.0 1.0 1.0 2.5 0.0 0.0 
3449 49.2860404455 -9.74318429239 6.18043473494 0.71544154678 5.75 0.442633894873 -1.0 9.0 1.0 1.0 2.5 0.0 0.0 
3449 48.9522400122 -9.77597822701 6.18043473494 0.71544154678 8.49000549316 0.442633894873 -1.0 9.0 1.0 1.0 2.5 0.0 0.0 
3449 48.0675038396 -10.0527727214 6.18043473494 0.71544154678 32.6999969482 0.442633894873 -1.0 9.0 1.0 1.0 2.5 0.0 0.0 
3449 47.9982030877 -10.0982716492 6.18043473494 0.71544154678 40.1100006104 0.442633894873 -1.0 9.0 1.0 1.0 2.5 0.0 0.0 
3449 48.3299048424 -9.72878278291 6.18043473494 0.71544154678 58.6299972534 0.442633894873 -1.0 9.0 1.0 1.0 2.5 0.0 0.0 
3449 48.6928339951 -9.0835016863 6.18043473494 0.71544154678 72.1600036621 0.442633894873 -1.0 9.0 1.0 1.0 2.5 0.0 0.0 
3449 48.9442615153 -8.12250545751 6.18043473494 0.71544154678 84.5100021362 0.442633894873 -1.0 9.0 1.0 1.0 2.5 0.0 0.0 
3449 48.9280369689 -7.10753880924 6.18043473494 0.71544154678 103.349998474 0.442633894873 -1.0 9.0 1.0 1.0 2.5 0.0 0.0 
3449 48.703277244 -6.24671093325 6.18043473494 0.71544154678 105.430000305 0.442633894873 -1.0 9.0 1.0 1.0 2.5 0.0 0.0 
3449 48.518387217 -5.59801712677 6.18043473494 0.71544154678 111.379997253 0.442633894873 -1.0 9.0 1.0 1.0 2.5 0.0 0.0 
3449 48.3822381571 -5.35180921354 6.18043473494 0.71544154678 123.86000061 0.442633894873 -1.0 9.0 1.0 1.0 2.5 0.0 0.0 
3449 47.9710155824 -4.83734422102 6.18043473494 0.71544154678 138.810001373 0.442633894873 -1.0 9.0 1.0 1.0 2.5 0.0 0.0 
3449 47.2351763775 -4.2407697257 6.18043473494 0.71544154678 152.700000763 0.442633894873 -1.0 9.0 1.0 1.0 2.5 0.0 0.0 
3449 45.3694987303 -3.47552671157 6.18043473494 0.71544154678 167.520000458 0.442633894873 -1.0 9.0 1.0 1.0 2.5 0.0 0.0 
3449 43.7990885558 -3.19438257096 6.18043473494 0.71544154678 172.809999943 0.442633894873 -1.0 9.0 1.0 1.0 2.5 0.0 0.0 
3449 42.2004400048 -3.0039674967 6.18043473494 0.71544154678 173.309999943 0.442633894873 -1.0 9.0 1.0 1.0 2.5 0.0 0.0 
3449 40.5456397336 -2.75369602662 6.18043473494 0.71544154678 166.829999924 0.442633894873 -1.0 9.0 1.0 1.0 2.5 0.0 0.0 
3449 38.7421524384 -2.19006397218 6.18043473494 0.71544154678 155.930000305 0.442633894873 -1.0 9.0 1.0 1.0 2.5 0.0 0.0 
3449 36.9978836179 -1.2887776321 6.18043473494 0.71544154678 148.010000229 0.442633894873 -1.0 9.0 1.0 1.0 2.5 0.0 0.0 
3449 35.3256180226 -0.216245828894 6.18043473494 0.71544154678 154.299999237 0.442633894873 -1.0 9.0 1.0 1.0 2.5 0.0 0.0 
3449 33.3691891639 0.438610434821 6.18043473494 0.71544154678 175.710000038 0.442633894873 -1.0 9.0 1.0 1.0 2.5 0.0 0.0 
3449 31.9171329162 0.491204894603 6.18043473494 0.71544154678 187.130000114 0.442633894873 -1.0 9.0 1.0 1.0 2.5 0.0 0.0 
3449 31.2670563737 0.411238573638 6.18043473494 0.71544154678 186.480000019 0.442633894873 -1.0 9.0 1.0 1.0 2.5 0.0 0.0 
3449 30.8104385711 0.36142889147 6.18043473494 0.71544154678 185.420000076 0.442633894873 -1.0 9.0 1.0 1.0 2.5 0.0 0.0 
3449 28.8781225725 0.215061022025 6.18043473494 0.71544154678 183.769999981 0.442633894873 -1.0 9.0 1.0 1.0 2.5 0.0 0.0 
3449 27.4393397535 0.129741132099 6.18043473494 0.71544154678 181.539999962 0.442633894873 -1.0 9.0 1.0 1.0 2.5 0.0 0.0 
3449 25.8999375533 0.165654233033 6.18043473494 0.71544154678 172.639999866 0.442633894873 -1.0 9.0 1.0 1.0 2.5 0.0 0.0 
3449 24.2313024269 0.537417426217 6.18043473494 0.71544154678 158.489999771 0.442633894873 -1.0 9.0 1.0 1.0 2.5 0.0 0.0 
3449 22.5858537877 1.35546686434 6.18043473494 0.71544154678 146.569999695 0.442633894873 -1.0 9.0 1.0 1.0 2.5 0.0 0.0 
3449 21.0308728434 2.51094836782 6.18043473494 0.71544154678 137.020000458 0.442633894873 -1.0 9.0 1.0 1.0 2.5 0.0 0.0 
3449 19.5922555176 3.88609981651 6.18043473494 0.71544154678 131.590000153 0.442633894873 -1.0 9.0 1.0 1.0 2.5 0.0 0.0 
3449 17.6192841497 6.06555213451 6.18043473494 0.71544154678 136.450000763 0.442633894873 -1.0 9.0 1.0 1.0 2.5 0.0 0.0 
3449 16.907002405 6.71245852354 6.18043473494 0.71544154678 142.099998474 0.442633894873 -1.0 9.0 1.0 1.0 2.5 0.0 0.0 
3449 15.7403180522 7.49535918854 6.18043473494 0.71544154678 156.629999161 0.442633894873 -1.0 9.0 1.0 1.0 2.5 0.0 0.0 
3449 15.9766038758 7.41903357709 6.18043473494 0.71544154678 168.829999924 0.442633894873 -1.0 9.0 1.0 1.0 2.5 0.0 0.0 
3449 16.0103180957 7.41169566304 6.18043473494 0.71544154678 176.99000001 0.442633894873 -1.0 9.0 1.0 1.0 2.5 0.0 0.0 
3449 15.6287177016 7.3939116343 6.18043473494 0.71544154678 189.619999886 0.442633894873 -1.0 9.0 1.0 1.0 2.5 0.0 0.0 
3449 14.9507273105 7.25921050092 6.18043473494 0.71544154678 191.630000114 0.442633894873 -1.0 9.0 1.0 1.0 2.5 0.0 0.0 
3449 13.9796283763 7.08581544261 6.18043473494 0.71544154678 186.78000021 0.442633894873 -1.0 9.0 1.0 1.0 2.5 0.0 0.0 
3449 12.7903416391 7.01413909916 6.18043473494 0.71544154678 177.349999905 0.442633894873 -1.0 9.0 1.0 1.0 2.5 0.0 0.0 
3449 11.4703217904 7.18877800133 6.18043473494 0.71544154678 159.840000153 0.442633894873 -1.0 9.0 1.0 1.0 2.5 0.0 0.0 
3449 10.2909073931 7.7715374792 6.18043473494 0.71544154678 141.990001678 0.442633894873 -1.0 9.0 1.0 1.0 2.5 0.0 0.0 
3449 9.59243529388 8.49003753515 6.18043473494 0.71544154678 118.200000763 0.442633894873 -1.0 9.0 1.0 1.0 2.5 0.0 0.0 
3449 9.38181593024 9.15904104822 6.18043473494 0.71544154678 85.4300003052 0.442633894873 -1.0 9.0 1.0 1.0 2.5 0.0 0.0 
3449 9.5952498267 9.75885743938 6.18043473494 0.71544154678 48.8399963379 0.442633894873 -1.0 9.0 1.0 1.0 2.5 0.0 0.0 
3449 10.5850604588 10.6679165668 6.18043473494 0.71544154678 25.5299987793 0.442633894873 -1.0 9.0 1.0 1.0 2.5 0.0 0.0 
3449 11.8640040268 11.0368996813 6.18043473494 0.71544154678 359.440002441 0.442633894873 -1.0 9.0 1.0 1.0 2.5 0.0 0.0 
3449 12.4808667616 11.0004176329 6.18043473494 0.71544154678 348.399993896 0.442633894873 -1.0 9.0 1.0 1.0 2.5 0.0 0.0 
3449 13.8708903016 10.5158187365 6.18043473494 0.71544154678 329.63999939 0.442633894873 -1.0 9.0 1.0 1.0 2.5 0.0 0.0 
3449 14.7782482957 9.91560852615 6.18043473494 0.71544154678 314.220001221 0.442633894873 -1.0 9.0 1.0 1.0 2.5 0.0 0.0 
3449 15.5709876869 9.09538313772 6.18043473494 0.71544154678 308.339996338 0.442633894873 -1.0 9.0 1.0 1.0 2.5 0.0 0.0 
3449 15.9143152956 8.6661155266 6.18043473494 0.71544154678 312.130004883 0.442633894873 -1.0 9.0 1.0 1.0 2.5 0.0 0.0 
3449 16.3043840856 8.29898912213 6.18043473494 0.71544154678 324.470001221 0.442633894873 -1.0 9.0 1.0 1.0 2.5 0.0 0.0 
3449 16.5541401244 8.13824114202 6.18043473494 0.71544154678 332.789993286 0.442633894873 -1.0 9.0 1.0 1.0 2.5 0.0 0.0 
3449 16.8710130547 7.97633099347 6.18043473494 0.71544154678 334.529998779 0.442633894873 -1.0 9.0 1.0 1.0 2.5 0.0 0.0 
3449 17.1867755333 7.82677793201 6.18043473494 0.71544154678 335.009994507 0.442633894873 -1.0 9.0 1.0 1.0 2.5 0.0 0.0 
3449 17.5554256006 7.65394449682 6.18043473494 0.71544154678 333.089996338 0.442633894873 -1.0 9.0 1.0 1.0 2.5 0.0 0.0 
3449 17.8831037454 7.48253012483 6.18043473494 0.71544154678 328.600006104 0.442633894873 -1.0 9.0 1.0 1.0 2.5 0.0 0.0 
3449 18.0968936073 7.35006167303 6.18043473494 0.71544154678 320.419998169 0.442633894873 -1.0 9.0 1.0 1.0 2.5 0.0 0.0 
3449 18.2080661848 7.25668620411 6.18043473494 0.71544154678 310.229995728 0.442633894873 -1.0 9.0 1.0 1.0 2.5 0.0 0.0 
3449 18.2766440413 7.1684821604 6.18043473494 0.71544154678 300.660003662 0.442633894873 -1.0 9.0 1.0 1.0 2.5 0.0 0.0 
3449 18.3283480103 7.08219749097 6.18043473494 0.71544154678 294.790000916 0.442633894873 -1.0 9.0 1.0 1.0 2.5 0.0 0.0 
3449 18.3007568511 7.14231535463 6.18043473494 0.71544154678 292.959999084 0.442633894873 -1.0 9.0 1.0 1.0 2.5 0.0 0.0 
3449 18.2555151195 7.24963066016 6.18043473494 0.71544154678 292.230003357 0.442633894873 -1.0 9.0 1.0 1.0 2.5 0.0 0.0 
3449 18.2673832793 7.22025983683 6.18043473494 0.71544154678 291.980003357 0.442633894873 -1.0 9.0 1.0 1.0 2.5 0.0 0.0 
3449 18.3607461858 6.98967948683 6.18043473494 0.71544154678 292.930000305 0.442633894873 -1.0 9.0 1.0 1.0 2.5 0.0 0.0 
3449 18.4627365244 6.74956802594 6.18043473494 0.71544154678 293.629997253 0.442633894873 -1.0 9.0 1.0 1.0 2.5 0.0 0.0 
3449 18.4851812859 6.69836945879 6.18043473494 0.71544154678 294.900001526 0.442633894873 -1.0 9.0 1.0 1.0 2.5 0.0 0.0 
3449 18.4802348172 6.70839850205 6.18043473494 0.71544154678 295.760002136 0.442633894873 -1.0 9.0 1.0 1.0 2.5 0.0 0.0 
3449 18.6658511518 6.32519750679 6.18043473494 0.71544154678 296.339996338 0.442633894873 -1.0 9.0 1.0 1.0 2.5 0.0 0.0 
3449 18.7054231254 6.24707285693 6.18043473494 0.71544154678 300.089996338 0.442633894873 -1.0 9.0 1.0 1.0 2.5 0.0 0.0 
3449 18.6963964157 6.24210809325 6.18043473494 0.71544154678 302.260002136 0.442633894873 -1.0 9.0 1.0 1.0 2.5 0.0 0.0 
3449 18.6474950181 6.3349847719 6.18043473494 0.71544154678 305.660003662 0.442633894873 -1.0 9.0 1.0 1.0 2.5 0.0 0.0 
3449 18.6447759188 6.33876740528 6.18043473494 0.71544154678 306.0 0.442633894873 -1.0 9.0 1.0 1.0 2.5 0.0 0.0 
3449 18.639310942 6.34631336837 6.18043473494 0.71544154678 305.870002747 0.442633894873 -1.0 9.0 1.0 1.0 2.5 0.0 0.0 
3449 18.6099448082 6.38716589504 6.18043473494 0.71544154678 305.480003357 0.442633894873 -1.0 9.0 1.0 1.0 2.5 0.0 0.0 
3449 18.5953583397 6.40766129201 6.18043473494 0.71544154678 304.980003357 0.442633894873 -1.0 9.0 1.0 1.0 2.5 0.0 0.0 
3449 18.5953583397 6.40766129201 6.18043473494 0.71544154678 304.489997864 0.442633894873 -1.0 9.0 1.0 1.0 2.5 0.0 0.0 
3449 18.5953583397 6.40766129201 6.18043473494 0.71544154678 303.809997559 0.442633894873 -1.0 9.0 1.0 1.0 2.5 0.0 0.0 
3449 18.5953583397 6.40766129201 6.18043473494 0.71544154678 302.88999939 0.442633894873 -1.0 9.0 1.0 1.0 2.5 0.0 0.0 
3449 18.5953583397 6.40766129201 6.18043473494 0.71544154678 302.669998169 0.442633894873 -1.0 9.0 1.0 1.0 2.5 0.0 0.0 
3449 18.5953583397 6.40766129201 6.18043473494 0.71544154678 302.86000061 0.442633894873 -1.0 9.0 1.0 1.0 2.5 0.0 0.0 
3449 18.5953583397 6.40766129201 6.18043473494 0.71544154678 303.120002747 0.442633894873 -1.0 9.0 1.0 1.0 2.5 0.0 0.0 
3449 18.5953583397 6.40766129201 6.18043473494 0.71544154678 303.580001831 0.442633894873 -1.0 9.0 1.0 1.0 2.5 0.0 0.0 
3449 18.5953583397 6.40766129201 6.18043473494 0.71544154678 304.069999695 0.442633894873 -1.0 9.0 1.0 1.0 2.5 0.0 0.0 
3449 18.5953583397 6.40766129201 6.18043473494 0.71544154678 304.910003662 0.442633894873 -1.0 9.0 1.0 1.0 2.5 0.0 0.0 
3449 18.5953583397 6.40766129201 6.18043473494 0.71544154678 305.620002747 0.442633894873 -1.0 9.0 1.0 1.0 2.5 0.0 0.0 
3449 18.5953583397 6.40766129201 6.18043473494 0.71544154678 306.919998169 0.442633894873 -1.0 9.0 1.0 1.0 2.5 0.0 0.0 
3449 18.5953583397 6.40766129201 6.18043473494 0.71544154678 308.929992676 0.442633894873 -1.0 9.0 1.0 1.0 2.5 0.0 0.0 
3449 18.5953583397 6.40766129201 6.18043473494 0.71544154678 311.770004272 0.442633894873 -1.0 9.0 1.0 1.0 2.5 0.0 0.0 
3449 18.5953583397 6.40766129201 6.18043473494 0.71544154678 316.75 0.442633894873 -1.0 9.0 1.0 1.0 2.5 0.0 0.0 
3449 18.5953583397 6.40766129201 6.18043473494 0.71544154678 325.869995117 0.442633894873 -1.0 9.0 1.0 1.0 2.5 0.0 0.0 
3449 18.5953583397 6.40766129201 6.18043473494 0.71544154678 333.369995117 0.442633894873 -1.0 9.0 1.0 1.0 2.5 0.0 0.0 
3449 18.5953583397 6.40766129201 6.18043473494 0.71544154678 334.289993286 0.442633894873 -1.0 9.0 1.0 1.0 2.5 0.0 0.0 
3449 18.5953583397 6.40766129201 6.18043473494 0.71544154678 341.429992676 0.442633894873 -1.0 9.0 1.0 1.0 2.5 0.0 0.0 
3449 18.5953583397 6.40766129201 6.18043473494 0.71544154678 15.4799957275 0.442633894873 -1.0 9.0 1.0 1.0 2.5 0.0 0.0 
3449 18.5953583397 6.40766129201 6.18043473494 0.71544154678 27.5500030518 0.442633894873 -1.0 9.0 1.0 1.0 2.5 0.0 0.0 
3449 18.5953583397 6.40766129201 6.18043473494 0.71544154678 20.3699951172 0.442633894873 -1.0 9.0 1.0 1.0 2.5 0.0 0.0 
3449 18.5953583397 6.40766129201 6.18043473494 0.71544154678 22.75 0.442633894873 -1.0 9.0 1.0 1.0 2.5 0.0 0.0 
3449 18.5953583397 6.40766129201 6.18043473494 0.71544154678 30.9400024414 0.442633894873 -1.0 9.0 1.0 1.0 2.5 0.0 0.0 
3449 18.5953583397 6.40766129201 6.18043473494 0.71544154678 26.8999938965 0.442633894873 -1.0 9.0 1.0 1.0 2.5 0.0 0.0 
3449 18.5953583397 6.40766129201 6.18043473494 0.71544154678 11.1000061035 0.442633894873 -1.0 9.0 1.0 1.0 2.5 0.0 0.0 
3449 18.5953583397 6.40766129201 6.18043473494 0.71544154678 6.03999328613 0.442633894873 -1.0 9.0 1.0 1.0 2.5 0.0 0.0 
3449 18.5953583397 6.40766129201 6.18043473494 0.71544154678 9.07000732422 0.442633894873 -1.0 9.0 1.0 1.0 2.5 0.0 0.0 
3449 18.5953583397 6.40766129201 6.18043473494 0.71544154678 0.850006103516 0.442633894873 -1.0 9.0 1.0 1.0 2.5 0.0 0.0 
3449 18.5953583397 6.40766129201 6.18043473494 0.71544154678 2.41000366211 0.442633894873 -1.0 9.0 1.0 1.0 2.5 0.0 0.0 
3449 18.5953583397 6.40766129201 6.18043473494 0.71544154678 14.0800018311 0.442633894873 -1.0 9.0 1.0 1.0 2.5 0.0 0.0 
3449 18.5953583397 6.40766129201 6.18043473494 0.71544154678 18.0200042725 0.442633894873 -1.0 9.0 1.0 1.0 2.5 0.0 0.0 
3449 18.5953583397 6.40766129201 6.18043473494 0.71544154678 17.5399932861 0.442633894873 -1.0 9.0 1.0 1.0 2.5 0.0 0.0 
3449 18.5953583397 6.40766129201 6.18043473494 0.71544154678 17.7799987793 0.442633894873 -1.0 9.0 1.0 1.0 2.5 0.0 0.0 
3449 18.5953583397 6.40766129201 6.18043473494 0.71544154678 9.4700012207 0.442633894873 -1.0 9.0 1.0 1.0 2.5 0.0 0.0 
3449 18.5953583397 6.40766129201 6.18043473494 0.71544154678 2.13000488281 0.442633894873 -1.0 9.0 1.0 1.0 2.5 0.0 0.0 
3449 18.5953583397 6.40766129201 6.18043473494 0.71544154678 357.350006104 0.442633894873 -1.0 9.0 1.0 1.0 2.5 0.0 0.0 
3449 18.5953583397 6.40766129201 6.18043473494 0.71544154678 353.800003052 0.442633894873 -1.0 9.0 1.0 1.0 2.5 0.0 0.0 
3449 18.5953583397 6.40766129201 6.18043473494 0.71544154678 355.479995728 0.442633894873 -1.0 9.0 1.0 1.0 2.5 0.0 0.0 
3449 18.5953583397 6.40766129201 6.18043473494 0.71544154678 359.309997559 0.442633894873 -1.0 9.0 1.0 1.0 2.5 0.0 0.0 
3449 18.5953583397 6.40766129201 6.18043473494 0.71544154678 7.16000366211 0.442633894873 -1.0 9.0 1.0 1.0 2.5 0.0 0.0 
3449 18.5953583397 6.40766129201 6.18043473494 0.71544154678 9.80000305176 0.442633894873 -1.0 9.0 1.0 1.0 2.5 0.0 0.0 
3449 18.5953583397 6.40766129201 6.18043473494 0.71544154678 9.7200012207 0.442633894873 -1.0 9.0 1.0 1.0 2.5 0.0 0.0 
3449 18.5953583397 6.40766129201 6.18043473494 0.71544154678 5.5299987793 0.442633894873 -1.0 9.0 1.0 1.0 2.5 0.0 0.0 
3449 18.5953583397 6.40766129201 6.18043473494 0.71544154678 2.88999938965 0.442633894873 -1.0 9.0 1.0 1.0 2.5 0.0 0.0 
3449 18.5953583397 6.40766129201 6.18043473494 0.71544154678 2.33999633789 0.442633894873 -1.0 9.0 1.0 1.0 2.5 0.0 0.0 
3449 18.5953583397 6.40766129201 6.18043473494 0.71544154678 4.35000610352 0.442633894873 -1.0 9.0 1.0 1.0 2.5 0.0 0.0 
3449 18.5953583397 6.40766129201 6.18043473494 0.71544154678 5.60000610352 0.442633894873 -1.0 9.0 1.0 1.0 2.5 0.0 0.0 
3449 18.5953583397 6.40766129201 6.18043473494 0.71544154678 7.36000061035 0.442633894873 -1.0 9.0 1.0 1.0 2.5 0.0 0.0 
3449 18.5953583397 6.40766129201 6.18043473494 0.71544154678 9.0 0.442633894873 -1.0 9.0 1.0 1.0 2.5 0.0 0.0 
3449 18.5953583397 6.40766129201 6.18043473494 0.71544154678 9.25999450684 0.442633894873 -1.0 9.0 1.0 1.0 2.5 0.0 0.0 
3449 18.5953583397 6.40766129201 6.18043473494 0.71544154678 8.64999389648 0.442633894873 -1.0 9.0 1.0 1.0 2.5 0.0 0.0 
3449 18.5953583397 6.40766129201 6.18043473494 0.71544154678 7.86999511719 0.442633894873 -1.0 9.0 1.0 1.0 2.5 0.0 0.0 
3449 18.5953583397 6.40766129201 6.18043473494 0.71544154678 5.91999816895 0.442633894873 -1.0 9.0 1.0 1.0 2.5 0.0 0.0 
3449 18.5953583397 6.40766129201 6.18043473494 0.71544154678 4.42999267578 0.442633894873 -1.0 9.0 1.0 1.0 2.5 0.0 0.0 
3449 18.5953583397 6.40766129201 6.18043473494 0.71544154678 3.25 0.442633894873 -1.0 9.0 1.0 1.0 2.5 0.0 0.0 
3449 18.5953583397 6.40766129201 6.18043473494 0.71544154678 2.92999267578 0.442633894873 -1.0 9.0 1.0 1.0 2.5 0.0 0.0 
3449 18.5953583397 6.40766129201 6.18043473494 0.71544154678 4.57000732422 0.442633894873 -1.0 9.0 1.0 1.0 2.5 0.0 0.0 
3449 18.5953583397 6.40766129201 6.18043473494 0.71544154678 6.30999755859 0.442633894873 -1.0 9.0 1.0 1.0 2.5 0.0 0.0 
3449 18.5953583397 6.40766129201 6.18043473494 0.71544154678 6.61000061035 0.442633894873 -1.0 9.0 1.0 1.0 2.5 0.0 0.0 
3449 18.5953583397 6.40766129201 6.18043473494 0.71544154678 7.33999633789 0.442633894873 -1.0 9.0 1.0 1.0 2.5 0.0 0.0 
3449 18.5953583397 6.40766129201 6.18043473494 0.71544154678 6.69999694824 0.442633894873 -1.0 9.0 1.0 1.0 2.5 0.0 0.0 
3449 18.5953583397 6.40766129201 6.18043473494 0.71544154678 5.55999755859 0.442633894873 -1.0 9.0 1.0 1.0 2.5 0.0 0.0 
3449 18.5953583397 6.40766129201 6.18043473494 0.71544154678 5.08999633789 0.442633894873 -1.0 9.0 1.0 1.0 2.5 0.0 0.0 
3449 18.5953583397 6.40766129201 6.18043473494 0.71544154678 5.21000671387 0.442633894873 -1.0 9.0 1.0 1.0 2.5 0.0 0.0 
3449 18.5953583397 6.40766129201 6.18043473494 0.71544154678 5.66999816895 0.442633894873 -1.0 9.0 1.0 1.0 2.5 0.0 0.0 
3449 18.5953583397 6.40766129201 6.18043473494 0.71544154678 5.86999511719 0.442633894873 -1.0 9.0 1.0 1.0 2.5 0.0 0.0 
3449 18.5953583397 6.40766129201 6.18043473494 0.71544154678 5.78999328613 0.442633894873 -1.0 9.0 1.0 1.0 2.5 0.0 0.0 
3449 18.5953583397 6.40766129201 6.18043473494 0.71544154678 5.80999755859 0.442633894873 -1.0 9.0 1.0 1.0 2.5 0.0 0.0 
3449 18.5953583397 6.40766129201 6.18043473494 0.71544154678 5.91000366211 0.442633894873 -1.0 9.0 1.0 1.0 2.5 0.0 0.0 
3449 18.5953583397 6.40766129201 6.18043473494 0.71544154678 5.97999572754 0.442633894873 -1.0 9.0 1.0 1.0 2.5 0.0 0.0 
3449 18.5953583397 6.40766129201 6.18043473494 0.71544154678 5.94999694824 0.442633894873 -1.0 9.0 1.0 1.0 2.5 0.0 0.0 
3449 18.5953583397 6.40766129201 6.18043473494 0.71544154678 5.82000732422 0.442633894873 -1.0 9.0 1.0 1.0 2.5 0.0 0.0 
3449 18.5953583397 6.40766129201 6.18043473494 0.71544154678 5.64999389648 0.442633894873 -1.0 9.0 1.0 1.0 2.5 0.0 0.0 
3449 18.5953583397 6.40766129201 6.18043473494 0.71544154678 5.69999694824 0.442633894873 -1.0 9.0 1.0 1.0 2.5 0.0 0.0 
3449 18.5953583397 6.40766129201 6.18043473494 0.71544154678 5.80999755859 0.442633894873 -1.0 9.0 1.0 1.0 2.5 0.0 0.0 
3449 18.5953583397 6.40766129201 6.18043473494 0.71544154678 5.9700012207 0.442633894873 -1.0 9.0 1.0 1.0 2.5 0.0 0.0 
3449 18.5953583397 6.40766129201 6.18043473494 0.71544154678 5.96000671387 0.442633894873 -1.0 9.0 1.0 1.0 2.5 0.0 0.0 
3449 18.5953583397 6.40766129201 6.18043473494 0.71544154678 5.86000061035 0.442633894873 -1.0 9.0 1.0 1.0 2.5 0.0 0.0 
3449 18.5953583397 6.40766129201 6.18043473494 0.71544154678 5.82000732422 0.442633894873 -1.0 9.0 1.0 1.0 2.5 0.0 0.0 
3449 18.5953583397 6.40766129201 6.18043473494 0.71544154678 5.77000427246 0.442633894873 -1.0 9.0 1.0 1.0 2.5 0.0 0.0 
3449 18.5953583397 6.40766129201 6.18043473494 0.71544154678 5.83999633789 0.442633894873 -1.0 9.0 1.0 1.0 2.5 0.0 0.0 
3449 18.5953583397 6.40766129201 6.18043473494 0.71544154678 5.88999938965 0.442633894873 -1.0 9.0 1.0 1.0 2.5 0.0 0.0 
3449 18.5953583397 6.40766129201 6.18043473494 0.71544154678 5.89999389648 0.442633894873 -1.0 9.0 1.0 1.0 2.5 0.0 0.0 
3449 18.5953583397 6.40766129201 6.18043473494 0.71544154678 5.86999511719 0.442633894873 -1.0 9.0 1.0 1.0 2.5 0.0 0.0 
3449 18.5953583397 6.40766129201 6.18043473494 0.71544154678 5.86000061035 0.442633894873 -1.0 9.0 1.0 1.0 2.5 0.0 0.0 
3449 18.5953583397 6.40766129201 6.18043473494 0.71544154678 5.85000610352 0.442633894873 -1.0 9.0 1.0 1.0 2.5 0.0 0.0 
3449 18.5953583397 6.40766129201 6.18043473494 0.71544154678 5.86000061035 0.442633894873 -1.0 9.0 1.0 1.0 2.5 0.0 0.0 
3449 18.5953583397 6.40766129201 6.18043473494 0.71544154678 5.86000061035 0.442633894873 -1.0 9.0 1.0 1.0 2.5 0.0 0.0 
3449 18.5953583397 6.40766129201 6.18043473494 0.71544154678 5.86000061035 0.442633894873 -1.0 9.0 1.0 1.0 2.5 0.0 0.0 
3449 18.5953583397 6.40766129201 6.18043473494 0.71544154678 5.86000061035 0.442633894873 -1.0 9.0 1.0 1.0 2.5 0.0 0.0 
3449 18.5953583397 6.40766129201 6.18043473494 0.71544154678 5.86000061035 0.442633894873 -1.0 9.0 1.0 1.0 2.5 0.0 0.0 
3449 18.5953583397 6.40766129201 6.18043473494 0.71544154678 5.86999511719 0.442633894873 -1.0 9.0 1.0 1.0 2.5 0.0 0.0 
3449 18.5953583397 6.40766129201 6.18043473494 0.71544154678 5.86999511719 0.442633894873 -1.0 9.0 1.0 1.0 2.5 0.0 0.0 
3449 18.5953583397 6.40766129201 6.18043473494 0.71544154678 5.85000610352 0.442633894873 -1.0 9.0 1.0 1.0 2.5 0.0 0.0 
3449 18.5953583397 6.40766129201 6.18043473494 0.71544154678 5.85000610352 0.442633894873 -1.0 9.0 1.0 1.0 2.5 0.0 0.0 
3449 18.5953583397 6.40766129201 6.18043473494 0.71544154678 5.85000610352 0.442633894873 -1.0 9.0 1.0 1.0 2.5 0.0 0.0 
3449 18.5953583397 6.40766129201 6.18043473494 0.71544154678 5.85000610352 0.442633894873 -1.0 9.0 1.0 1.0 2.5 0.0 0.0 
3449 18.5953583397 6.40766129201 6.18043473494 0.71544154678 5.86000061035 0.442633894873 -1.0 9.0 1.0 1.0 2.5 0.0 0.0 
3449 18.5953583397 6.40766129201 6.18043473494 0.71544154678 5.86000061035 0.442633894873 -1.0 9.0 1.0 1.0 2.5 0.0 0.0 
