# visionSample, x, y, visX, visY, angle, rawDist, rawAngle, distM, distC, angleC, angleM, distRSquared, angleRSquared
2 1.31057029168 7.02331218969 11.2677068755 -3.61922447653 309.229995728 0.33642774725 -6.03125 9.0 1.0 1.0 2.5 0.0 0.0 
2 1.27669342787 7.06541277373 11.2677068755 -3.61922447653 309.119995117 0.33642774725 -6.03125 9.0 1.0 1.0 2.5 0.0 0.0 
2 1.27963271023 7.06179856536 11.2677068755 -3.61922447653 310.589996338 0.33642774725 -6.03125 9.0 1.0 1.0 2.5 0.0 0.0 
2 1.2802311007 7.06108441961 11.2677068755 -3.61922447653 310.800003052 0.33642774725 -6.03125 9.0 1.0 1.0 2.5 0.0 0.0 
2 1.2802311007 7.06108441961 11.2677068755 -3.61922447653 310.800003052 0.33642774725 -6.03125 9.0 1.0 1.0 2.5 0.0 0.0 
2 1.2802311007 7.06108441961 11.2677068755 -3.61922447653 310.800003052 0.33642774725 -6.03125 9.0 1.0 1.0 2.5 0.0 0.0 
2 1.2802311007 7.06108441961 11.2677068755 -3.61922447653 310.800003052 0.33642774725 -6.03125 9.0 1.0 1.0 2.5 0.0 0.0 
2 1.2802311007 7.06108441961 11.2677068755 -3.61922447653 310.800003052 0.33642774725 -6.03125 9.0 1.0 1.0 2.5 0.0 0.0 
2 1.2802311007 7.06108441961 11.2677068755 -3.61922447653 310.800003052 0.33642774725 -6.03125 9.0 1.0 1.0 2.5 0.0 0.0 
2 1.2802311007 7.06108441961 11.2677068755 -3.61922447653 310.800003052 0.33642774725 -6.03125 9.0 1.0 1.0 2.5 0.0 0.0 
2 1.2802311007 7.06108441961 11.2677068755 -3.61922447653 310.800003052 0.33642774725 -6.03125 9.0 1.0 1.0 2.5 0.0 0.0 
2 1.2802311007 7.06108441961 11.2677068755 -3.61922447653 310.800003052 0.33642774725 -6.03125 9.0 1.0 1.0 2.5 0.0 0.0 
2 1.2802311007 7.06108441961 11.2677068755 -3.61922447653 310.800003052 0.33642774725 -6.03125 9.0 1.0 1.0 2.5 0.0 0.0 
2 1.2802311007 7.06108441961 11.2677068755 -3.61922447653 310.809997559 0.33642774725 -6.03125 9.0 1.0 1.0 2.5 0.0 0.0 
2 1.2802311007 7.06108441961 11.2677068755 -3.61922447653 310.800003052 0.33642774725 -6.03125 9.0 1.0 1.0 2.5 0.0 0.0 
2 1.2802311007 7.06108441961 11.2677068755 -3.61922447653 310.809997559 0.33642774725 -6.03125 9.0 1.0 1.0 2.5 0.0 0.0 
2 1.2802311007 7.06108441961 11.2677068755 -3.61922447653 310.809997559 0.33642774725 -6.03125 9.0 1.0 1.0 2.5 0.0 0.0 
2 1.2802311007 7.06108441961 11.2677068755 -3.61922447653 310.809997559 0.33642774725 -6.03125 9.0 1.0 1.0 2.5 0.0 0.0 
2 1.2802311007 7.06108441961 11.2677068755 -3.61922447653 310.809997559 0.33642774725 -6.03125 9.0 1.0 1.0 2.5 0.0 0.0 
2 1.2802311007 7.06108441961 11.2677068755 -3.61922447653 310.809997559 0.33642774725 -6.03125 9.0 1.0 1.0 2.5 0.0 0.0 
2 1.2802311007 7.06108441961 11.2677068755 -3.61922447653 310.820007324 0.33642774725 -6.03125 9.0 1.0 1.0 2.5 0.0 0.0 
2 1.2802311007 7.06108441961 11.2677068755 -3.61922447653 310.820007324 0.33642774725 -6.03125 9.0 1.0 1.0 2.5 0.0 0.0 
2 1.2802311007 7.06108441961 11.2677068755 -3.61922447653 310.820007324 0.33642774725 -6.03125 9.0 1.0 1.0 2.5 0.0 0.0 
2 1.2802311007 7.06108441961 11.2677068755 -3.61922447653 310.830001831 0.33642774725 -6.03125 9.0 1.0 1.0 2.5 0.0 0.0 
2 1.2802311007 7.06108441961 11.2677068755 -3.61922447653 310.830001831 0.33642774725 -6.03125 9.0 1.0 1.0 2.5 0.0 0.0 
2 1.2802311007 7.06108441961 11.2677068755 -3.61922447653 310.830001831 0.33642774725 -6.03125 9.0 1.0 1.0 2.5 0.0 0.0 
2 1.2802311007 7.06108441961 11.2677068755 -3.61922447653 310.830001831 0.33642774725 -6.03125 9.0 1.0 1.0 2.5 0.0 0.0 
2 1.2802311007 7.06108441961 11.2677068755 -3.61922447653 310.830001831 0.33642774725 -6.03125 9.0 1.0 1.0 2.5 0.0 0.0 
2 1.2802311007 7.06108441961 11.2677068755 -3.61922447653 310.839996338 0.33642774725 -6.03125 9.0 1.0 1.0 2.5 0.0 0.0 
2 1.2802311007 7.06108441961 11.2677068755 -3.61922447653 310.830001831 0.33642774725 -6.03125 9.0 1.0 1.0 2.5 0.0 0.0 
2 1.2802311007 7.06108441961 11.2677068755 -3.61922447653 310.830001831 0.33642774725 -6.03125 9.0 1.0 1.0 2.5 0.0 0.0 
2 1.2802311007 7.06108441961 11.2677068755 -3.61922447653 310.839996338 0.33642774725 -6.03125 9.0 1.0 1.0 2.5 0.0 0.0 
2 1.2802311007 7.06108441961 11.2677068755 -3.61922447653 310.839996338 0.33642774725 -6.03125 9.0 1.0 1.0 2.5 0.0 0.0 
2 1.2802311007 7.06108441961 11.2677068755 -3.61922447653 310.839996338 0.33642774725 -6.03125 9.0 1.0 1.0 2.5 0.0 0.0 
2 1.2802311007 7.06108441961 11.2677068755 -3.61922447653 310.839996338 0.33642774725 -6.03125 9.0 1.0 1.0 2.5 0.0 0.0 
2 1.2802311007 7.06108441961 11.2677068755 -3.61922447653 310.839996338 0.33642774725 -6.03125 9.0 1.0 1.0 2.5 0.0 0.0 
2 1.2802311007 7.06108441961 11.2677068755 -3.61922447653 310.839996338 0.33642774725 -6.03125 9.0 1.0 1.0 2.5 0.0 0.0 
2 1.2802311007 7.06108441961 11.2677068755 -3.61922447653 310.839996338 0.33642774725 -6.03125 9.0 1.0 1.0 2.5 0.0 0.0 
2 1.2802311007 7.06108441961 11.2677068755 -3.61922447653 310.839996338 0.33642774725 -6.03125 9.0 1.0 1.0 2.5 0.0 0.0 
2 1.2802311007 7.06108441961 11.2677068755 -3.61922447653 310.839996338 0.33642774725 -6.03125 9.0 1.0 1.0 2.5 0.0 0.0 
2 1.2802311007 7.06108441961 11.2677068755 -3.61922447653 310.830001831 0.33642774725 -6.03125 9.0 1.0 1.0 2.5 0.0 0.0 
2 1.2802311007 7.06108441961 11.2677068755 -3.61922447653 310.820007324 0.33642774725 -6.03125 9.0 1.0 1.0 2.5 0.0 0.0 
2 1.2802311007 7.06108441961 11.2677068755 -3.61922447653 310.809997559 0.33642774725 -6.03125 9.0 1.0 1.0 2.5 0.0 0.0 
2 1.2802311007 7.06108441961 11.2677068755 -3.61922447653 310.800003052 0.33642774725 -6.03125 9.0 1.0 1.0 2.5 0.0 0.0 
2 1.2802311007 7.06108441961 11.2677068755 -3.61922447653 310.800003052 0.33642774725 -6.03125 9.0 1.0 1.0 2.5 0.0 0.0 
2 1.2802311007 7.06108441961 11.2677068755 -3.61922447653 310.789993286 0.33642774725 -6.03125 9.0 1.0 1.0 2.5 0.0 0.0 
2 1.2802311007 7.06108441961 11.2677068755 -3.61922447653 310.789993286 0.33642774725 -6.03125 9.0 1.0 1.0 2.5 0.0 0.0 
2 1.2802311007 7.06108441961 11.2677068755 -3.61922447653 310.779998779 0.33642774725 -6.03125 9.0 1.0 1.0 2.5 0.0 0.0 
2 1.2802311007 7.06108441961 11.2677068755 -3.61922447653 310.779998779 0.33642774725 -6.03125 9.0 1.0 1.0 2.5 0.0 0.0 
2 1.2802311007 7.06108441961 11.2677068755 -3.61922447653 310.770004272 0.33642774725 -6.03125 9.0 1.0 1.0 2.5 0.0 0.0 
2 1.2802311007 7.06108441961 11.2677068755 -3.61922447653 310.770004272 0.33642774725 -6.03125 9.0 1.0 1.0 2.5 0.0 0.0 
2 1.2802311007 7.06108441961 11.2677068755 -3.61922447653 310.770004272 0.33642774725 -6.03125 9.0 1.0 1.0 2.5 0.0 0.0 
2 1.2802311007 7.06108441961 11.2677068755 -3.61922447653 310.759994507 0.33642774725 -6.03125 9.0 1.0 1.0 2.5 0.0 0.0 
2 1.2802311007 7.06108441961 11.2677068755 -3.61922447653 310.759994507 0.33642774725 -6.03125 9.0 1.0 1.0 2.5 0.0 0.0 
2 1.2802311007 7.06108441961 11.2677068755 -3.61922447653 310.75 0.33642774725 -6.03125 9.0 1.0 1.0 2.5 0.0 0.0 
2 1.2802311007 7.06108441961 11.2677068755 -3.61922447653 310.75 0.33642774725 -6.03125 9.0 1.0 1.0 2.5 0.0 0.0 
2 1.2802311007 7.06108441961 11.2677068755 -3.61922447653 310.740005493 0.33642774725 -6.03125 9.0 1.0 1.0 2.5 0.0 0.0 
2 1.2802311007 7.06108441961 11.2677068755 -3.61922447653 310.729995728 0.33642774725 -6.03125 9.0 1.0 1.0 2.5 0.0 0.0 
2 1.2802311007 7.06108441961 11.2677068755 -3.61922447653 310.729995728 0.33642774725 -6.03125 9.0 1.0 1.0 2.5 0.0 0.0 
2 1.2802311007 7.06108441961 11.2677068755 -3.61922447653 310.729995728 0.33642774725 -6.03125 9.0 1.0 1.0 2.5 0.0 0.0 
2 1.2802311007 7.06108441961 11.2677068755 -3.61922447653 310.720001221 0.33642774725 -6.03125 9.0 1.0 1.0 2.5 0.0 0.0 
2 1.2802311007 7.06108441961 11.2677068755 -3.61922447653 310.720001221 0.33642774725 -6.03125 9.0 1.0 1.0 2.5 0.0 0.0 
2 1.2802311007 7.06108441961 11.2677068755 -3.61922447653 310.710006714 0.33642774725 -6.03125 9.0 1.0 1.0 2.5 0.0 0.0 
2 1.2802311007 7.06108441961 11.2677068755 -3.61922447653 310.710006714 0.33642774725 -6.03125 9.0 1.0 1.0 2.5 0.0 0.0 
2 1.2802311007 7.06108441961 11.2677068755 -3.61922447653 310.699996948 0.33642774725 -6.03125 9.0 1.0 1.0 2.5 0.0 0.0 
2 1.2802311007 7.06108441961 11.2677068755 -3.61922447653 310.690002441 0.33642774725 -6.03125 9.0 1.0 1.0 2.5 0.0 0.0 
2 1.2802311007 7.06108441961 11.2677068755 -3.61922447653 310.690002441 0.33642774725 -6.03125 9.0 1.0 1.0 2.5 0.0 0.0 
2 1.2802311007 7.06108441961 11.2677068755 -3.61922447653 310.699996948 0.33642774725 -6.03125 9.0 1.0 1.0 2.5 0.0 0.0 
2 1.2802311007 7.06108441961 11.2677068755 -3.61922447653 310.690002441 0.33642774725 -6.03125 9.0 1.0 1.0 2.5 0.0 0.0 
2 1.2802311007 7.06108441961 11.2677068755 -3.61922447653 310.690002441 0.33642774725 -6.03125 9.0 1.0 1.0 2.5 0.0 0.0 
2 1.2802311007 7.06108441961 11.2677068755 -3.61922447653 310.679992676 0.33642774725 -6.03125 9.0 1.0 1.0 2.5 0.0 0.0 
2 1.2802311007 7.06108441961 11.2677068755 -3.61922447653 310.679992676 0.33642774725 -6.03125 9.0 1.0 1.0 2.5 0.0 0.0 
2 1.2802311007 7.06108441961 11.2677068755 -3.61922447653 310.669998169 0.33642774725 -6.03125 9.0 1.0 1.0 2.5 0.0 0.0 
2 1.2802311007 7.06108441961 11.2677068755 -3.61922447653 310.660003662 0.33642774725 -6.03125 9.0 1.0 1.0 2.5 0.0 0.0 
2 1.2802311007 7.06108441961 11.2677068755 -3.61922447653 310.660003662 0.33642774725 -6.03125 9.0 1.0 1.0 2.5 0.0 0.0 
2 1.2802311007 7.06108441961 11.2677068755 -3.61922447653 310.649993896 0.33642774725 -6.03125 9.0 1.0 1.0 2.5 0.0 0.0 
2 1.2802311007 7.06108441961 11.2677068755 -3.61922447653 310.660003662 0.33642774725 -6.03125 9.0 1.0 1.0 2.5 0.0 0.0 
2 1.2802311007 7.06108441961 11.2677068755 -3.61922447653 310.649993896 0.33642774725 -6.03125 9.0 1.0 1.0 2.5 0.0 0.0 
2 1.2802311007 7.06108441961 11.2677068755 -3.61922447653 310.649993896 0.33642774725 -6.03125 9.0 1.0 1.0 2.5 0.0 0.0 
2 1.2802311007 7.06108441961 11.2677068755 -3.61922447653 310.63999939 0.33642774725 -6.03125 9.0 1.0 1.0 2.5 0.0 0.0 
2 1.2802311007 7.06108441961 11.2677068755 -3.61922447653 310.63999939 0.33642774725 -6.03125 9.0 1.0 1.0 2.5 0.0 0.0 
2 1.2802311007 7.06108441961 11.2677068755 -3.61922447653 310.63999939 0.33642774725 -6.03125 9.0 1.0 1.0 2.5 0.0 0.0 
2 1.2802311007 7.06108441961 11.2677068755 -3.61922447653 310.63999939 0.33642774725 -6.03125 9.0 1.0 1.0 2.5 0.0 0.0 
2 1.2802311007 7.06108441961 11.2677068755 -3.61922447653 310.63999939 0.33642774725 -6.03125 9.0 1.0 1.0 2.5 0.0 0.0 
2 1.2802311007 7.06108441961 11.2677068755 -3.61922447653 310.63999939 0.33642774725 -6.03125 9.0 1.0 1.0 2.5 0.0 0.0 
2 1.2802311007 7.06108441961 11.2677068755 -3.61922447653 310.63999939 0.33642774725 -6.03125 9.0 1.0 1.0 2.5 0.0 0.0 
2 1.2802311007 7.06108441961 11.2677068755 -3.61922447653 310.63999939 0.33642774725 -6.03125 9.0 1.0 1.0 2.5 0.0 0.0 
2 1.2802311007 7.06108441961 11.2677068755 -3.61922447653 310.63999939 0.33642774725 -6.03125 9.0 1.0 1.0 2.5 0.0 0.0 
2 1.2802311007 7.06108441961 11.2677068755 -3.61922447653 310.63999939 0.33642774725 -6.03125 9.0 1.0 1.0 2.5 0.0 0.0 
2 1.2802311007 7.06108441961 11.2677068755 -3.61922447653 310.630004883 0.33642774725 -6.03125 9.0 1.0 1.0 2.5 0.0 0.0 
2 1.2802311007 7.06108441961 11.2677068755 -3.61922447653 310.619995117 0.33642774725 -6.03125 9.0 1.0 1.0 2.5 0.0 0.0 
2 1.2802311007 7.06108441961 11.2677068755 -3.61922447653 310.619995117 0.33642774725 -6.03125 9.0 1.0 1.0 2.5 0.0 0.0 
2 1.2802311007 7.06108441961 11.2677068755 -3.61922447653 310.61000061 0.33642774725 -6.03125 9.0 1.0 1.0 2.5 0.0 0.0 
2 1.2802311007 7.06108441961 11.2677068755 -3.61922447653 310.600006104 0.33642774725 -6.03125 9.0 1.0 1.0 2.5 0.0 0.0 
2 1.2802311007 7.06108441961 11.2677068755 -3.61922447653 310.589996338 0.33642774725 -6.03125 9.0 1.0 1.0 2.5 0.0 0.0 
2 1.2802311007 7.06108441961 11.2677068755 -3.61922447653 310.589996338 0.33642774725 -6.03125 9.0 1.0 1.0 2.5 0.0 0.0 
2 1.2802311007 7.06108441961 11.2677068755 -3.61922447653 310.589996338 0.33642774725 -6.03125 9.0 1.0 1.0 2.5 0.0 0.0 
2 1.2802311007 7.06108441961 11.2677068755 -3.61922447653 310.589996338 0.33642774725 -6.03125 9.0 1.0 1.0 2.5 0.0 0.0 
2 1.2802311007 7.06108441961 11.2677068755 -3.61922447653 310.580001831 0.33642774725 -6.03125 9.0 1.0 1.0 2.5 0.0 0.0 
2 1.2802311007 7.06108441961 11.2677068755 -3.61922447653 310.580001831 0.33642774725 -6.03125 9.0 1.0 1.0 2.5 0.0 0.0 
2 1.2802311007 7.06108441961 11.2677068755 -3.61922447653 310.570007324 0.33642774725 -6.03125 9.0 1.0 1.0 2.5 0.0 0.0 
2 1.2802311007 7.06108441961 11.2677068755 -3.61922447653 310.559997559 0.33642774725 -6.03125 9.0 1.0 1.0 2.5 0.0 0.0 
2 1.2802311007 7.06108441961 11.2677068755 -3.61922447653 310.559997559 0.33642774725 -6.03125 9.0 1.0 1.0 2.5 0.0 0.0 
2 1.2802311007 7.06108441961 11.2677068755 -3.61922447653 310.550003052 0.33642774725 -6.03125 9.0 1.0 1.0 2.5 0.0 0.0 
2 1.2802311007 7.06108441961 11.2677068755 -3.61922447653 310.550003052 0.33642774725 -6.03125 9.0 1.0 1.0 2.5 0.0 0.0 
2 1.2802311007 7.06108441961 11.2677068755 -3.61922447653 310.539993286 0.33642774725 -6.03125 9.0 1.0 1.0 2.5 0.0 0.0 
2 1.2802311007 7.06108441961 11.2677068755 -3.61922447653 310.539993286 0.33642774725 -6.03125 9.0 1.0 1.0 2.5 0.0 0.0 
2 1.2802311007 7.06108441961 11.2677068755 -3.61922447653 310.529998779 0.33642774725 -6.03125 9.0 1.0 1.0 2.5 0.0 0.0 
2 1.2802311007 7.06108441961 11.2677068755 -3.61922447653 310.520004272 0.33642774725 -6.03125 9.0 1.0 1.0 2.5 0.0 0.0 
2 1.2802311007 7.06108441961 11.2677068755 -3.61922447653 310.520004272 0.33642774725 -6.03125 9.0 1.0 1.0 2.5 0.0 0.0 
2 1.2802311007 7.06108441961 11.2677068755 -3.61922447653 310.520004272 0.33642774725 -6.03125 9.0 1.0 1.0 2.5 0.0 0.0 
2 1.2802311007 7.06108441961 11.2677068755 -3.61922447653 310.509994507 0.33642774725 -6.03125 9.0 1.0 1.0 2.5 0.0 0.0 
2 1.2802311007 7.06108441961 11.2677068755 -3.61922447653 310.509994507 0.33642774725 -6.03125 9.0 1.0 1.0 2.5 0.0 0.0 
2 1.2802311007 7.06108441961 11.2677068755 -3.61922447653 310.5 0.33642774725 -6.03125 9.0 1.0 1.0 2.5 0.0 0.0 
2 1.2802311007 7.06108441961 11.2677068755 -3.61922447653 310.490005493 0.33642774725 -6.03125 9.0 1.0 1.0 2.5 0.0 0.0 
2 1.2802311007 7.06108441961 11.2677068755 -3.61922447653 310.479995728 0.33642774725 -6.03125 9.0 1.0 1.0 2.5 0.0 0.0 
2 1.2802311007 7.06108441961 11.2677068755 -3.61922447653 310.479995728 0.33642774725 -6.03125 9.0 1.0 1.0 2.5 0.0 0.0 
2 1.2802311007 7.06108441961 11.2677068755 -3.61922447653 310.479995728 0.33642774725 -6.03125 9.0 1.0 1.0 2.5 0.0 0.0 
2 1.2802311007 7.06108441961 11.2677068755 -3.61922447653 310.470001221 0.33642774725 -6.03125 9.0 1.0 1.0 2.5 0.0 0.0 
2 1.2802311007 7.06108441961 11.2677068755 -3.61922447653 310.470001221 0.33642774725 -6.03125 9.0 1.0 1.0 2.5 0.0 0.0 
2 1.2802311007 7.06108441961 11.2677068755 -3.61922447653 310.470001221 0.33642774725 -6.03125 9.0 1.0 1.0 2.5 0.0 0.0 
2 1.2802311007 7.06108441961 11.2677068755 -3.61922447653 310.460006714 0.33642774725 -6.03125 9.0 1.0 1.0 2.5 0.0 0.0 
2 1.2802311007 7.06108441961 11.2677068755 -3.61922447653 310.449996948 0.33642774725 -6.03125 9.0 1.0 1.0 2.5 0.0 0.0 
2 1.2802311007 7.06108441961 11.2677068755 -3.61922447653 310.449996948 0.33642774725 -6.03125 9.0 1.0 1.0 2.5 0.0 0.0 
2 1.2802311007 7.06108441961 11.2677068755 -3.61922447653 310.449996948 0.33642774725 -6.03125 9.0 1.0 1.0 2.5 0.0 0.0 
2 1.2802311007 7.06108441961 11.2677068755 -3.61922447653 310.440002441 0.33642774725 -6.03125 9.0 1.0 1.0 2.5 0.0 0.0 
2 1.2802311007 7.06108441961 11.2677068755 -3.61922447653 310.440002441 0.33642774725 -6.03125 9.0 1.0 1.0 2.5 0.0 0.0 
2 1.2802311007 7.06108441961 11.2677068755 -3.61922447653 310.440002441 0.33642774725 -6.03125 9.0 1.0 1.0 2.5 0.0 0.0 
2 1.2802311007 7.06108441961 11.2677068755 -3.61922447653 310.440002441 0.33642774725 -6.03125 9.0 1.0 1.0 2.5 0.0 0.0 
2 1.2802311007 7.06108441961 11.2677068755 -3.61922447653 310.440002441 0.33642774725 -6.03125 9.0 1.0 1.0 2.5 0.0 0.0 
2 1.2802311007 7.06108441961 11.2677068755 -3.61922447653 310.440002441 0.33642774725 -6.03125 9.0 1.0 1.0 2.5 0.0 0.0 
2 1.2802311007 7.06108441961 11.2677068755 -3.61922447653 310.429992676 0.33642774725 -6.03125 9.0 1.0 1.0 2.5 0.0 0.0 
2 1.2802311007 7.06108441961 11.2677068755 -3.61922447653 310.419998169 0.33642774725 -6.03125 9.0 1.0 1.0 2.5 0.0 0.0 
2 1.2802311007 7.06108441961 11.2677068755 -3.61922447653 310.419998169 0.33642774725 -6.03125 9.0 1.0 1.0 2.5 0.0 0.0 
2 1.2802311007 7.06108441961 11.2677068755 -3.61922447653 310.419998169 0.33642774725 -6.03125 9.0 1.0 1.0 2.5 0.0 0.0 
2 1.2802311007 7.06108441961 11.2677068755 -3.61922447653 310.410003662 0.33642774725 -6.03125 9.0 1.0 1.0 2.5 0.0 0.0 
2 1.2802311007 7.06108441961 11.2677068755 -3.61922447653 310.410003662 0.33642774725 -6.03125 9.0 1.0 1.0 2.5 0.0 0.0 
2 1.2802311007 7.06108441961 11.2677068755 -3.61922447653 310.399993896 0.33642774725 -6.03125 9.0 1.0 1.0 2.5 0.0 0.0 
2 1.2802311007 7.06108441961 11.2677068755 -3.61922447653 310.399993896 0.33642774725 -6.03125 9.0 1.0 1.0 2.5 0.0 0.0 
2 1.2802311007 7.06108441961 11.2677068755 -3.61922447653 310.38999939 0.33642774725 -6.03125 9.0 1.0 1.0 2.5 0.0 0.0 
2 1.2802311007 7.06108441961 11.2677068755 -3.61922447653 310.38999939 0.33642774725 -6.03125 9.0 1.0 1.0 2.5 0.0 0.0 
2 1.2802311007 7.06108441961 11.2677068755 -3.61922447653 310.380004883 0.33642774725 -6.03125 9.0 1.0 1.0 2.5 0.0 0.0 
2 1.2802311007 7.06108441961 11.2677068755 -3.61922447653 310.369995117 0.33642774725 -6.03125 9.0 1.0 1.0 2.5 0.0 0.0 
2 1.2802311007 7.06108441961 11.2677068755 -3.61922447653 310.369995117 0.33642774725 -6.03125 9.0 1.0 1.0 2.5 0.0 0.0 
2 1.2802311007 7.06108441961 11.2677068755 -3.61922447653 310.36000061 0.33642774725 -6.03125 9.0 1.0 1.0 2.5 0.0 0.0 
2 1.2802311007 7.06108441961 11.2677068755 -3.61922447653 310.350006104 0.33642774725 -6.03125 9.0 1.0 1.0 2.5 0.0 0.0 
2 1.2802311007 7.06108441961 11.2677068755 -3.61922447653 310.350006104 0.33642774725 -6.03125 9.0 1.0 1.0 2.5 0.0 0.0 
2 1.2802311007 7.06108441961 11.2677068755 -3.61922447653 310.339996338 0.33642774725 -6.03125 9.0 1.0 1.0 2.5 0.0 0.0 
2 1.2802311007 7.06108441961 11.2677068755 -3.61922447653 310.350006104 0.33642774725 -6.03125 9.0 1.0 1.0 2.5 0.0 0.0 
2 1.2802311007 7.06108441961 11.2677068755 -3.61922447653 310.339996338 0.33642774725 -6.03125 9.0 1.0 1.0 2.5 0.0 0.0 
2 1.2802311007 7.06108441961 11.2677068755 -3.61922447653 310.339996338 0.33642774725 -6.03125 9.0 1.0 1.0 2.5 0.0 0.0 
2 1.2802311007 7.06108441961 11.2677068755 -3.61922447653 310.339996338 0.33642774725 -6.03125 9.0 1.0 1.0 2.5 0.0 0.0 
2 1.2802311007 7.06108441961 11.2677068755 -3.61922447653 310.330001831 0.33642774725 -6.03125 9.0 1.0 1.0 2.5 0.0 0.0 
2 1.2802311007 7.06108441961 11.2677068755 -3.61922447653 310.320007324 0.33642774725 -6.03125 9.0 1.0 1.0 2.5 0.0 0.0 
2 1.2802311007 7.06108441961 11.2677068755 -3.61922447653 310.330001831 0.33642774725 -6.03125 9.0 1.0 1.0 2.5 0.0 0.0 
2 1.2802311007 7.06108441961 11.2677068755 -3.61922447653 310.320007324 0.33642774725 -6.03125 9.0 1.0 1.0 2.5 0.0 0.0 
2 1.2802311007 7.06108441961 11.2677068755 -3.61922447653 310.320007324 0.33642774725 -6.03125 9.0 1.0 1.0 2.5 0.0 0.0 
2 1.2802311007 7.06108441961 11.2677068755 -3.61922447653 310.320007324 0.33642774725 -6.03125 9.0 1.0 1.0 2.5 0.0 0.0 
2 1.2802311007 7.06108441961 11.2677068755 -3.61922447653 310.320007324 0.33642774725 -6.03125 9.0 1.0 1.0 2.5 0.0 0.0 
2 1.2802311007 7.06108441961 11.2677068755 -3.61922447653 310.320007324 0.33642774725 -6.03125 9.0 1.0 1.0 2.5 0.0 0.0 
2 1.2802311007 7.06108441961 11.2677068755 -3.61922447653 310.320007324 0.33642774725 -6.03125 9.0 1.0 1.0 2.5 0.0 0.0 
2 1.2802311007 7.06108441961 11.2677068755 -3.61922447653 310.309997559 0.33642774725 -6.03125 9.0 1.0 1.0 2.5 0.0 0.0 
2 1.2802311007 7.06108441961 11.2677068755 -3.61922447653 310.309997559 0.33642774725 -6.03125 9.0 1.0 1.0 2.5 0.0 0.0 
2 1.2802311007 7.06108441961 11.2677068755 -3.61922447653 310.309997559 0.33642774725 -6.03125 9.0 1.0 1.0 2.5 0.0 0.0 
2 1.2802311007 7.06108441961 11.2677068755 -3.61922447653 310.309997559 0.33642774725 -6.03125 9.0 1.0 1.0 2.5 0.0 0.0 
2 1.2802311007 7.06108441961 11.2677068755 -3.61922447653 310.309997559 0.33642774725 -6.03125 9.0 1.0 1.0 2.5 0.0 0.0 
2 1.2802311007 7.06108441961 11.2677068755 -3.61922447653 310.309997559 0.33642774725 -6.03125 9.0 1.0 1.0 2.5 0.0 0.0 
2 1.2802311007 7.06108441961 11.2677068755 -3.61922447653 310.309997559 0.33642774725 -6.03125 9.0 1.0 1.0 2.5 0.0 0.0 
2 1.2802311007 7.06108441961 11.2677068755 -3.61922447653 310.309997559 0.33642774725 -6.03125 9.0 1.0 1.0 2.5 0.0 0.0 
2 1.2802311007 7.06108441961 11.2677068755 -3.61922447653 310.309997559 0.33642774725 -6.03125 9.0 1.0 1.0 2.5 0.0 0.0 
2 1.2802311007 7.06108441961 11.2677068755 -3.61922447653 310.309997559 0.33642774725 -6.03125 9.0 1.0 1.0 2.5 0.0 0.0 
2 1.2802311007 7.06108441961 11.2677068755 -3.61922447653 310.309997559 0.33642774725 -6.03125 9.0 1.0 1.0 2.5 0.0 0.0 
2 1.2802311007 7.06108441961 11.2677068755 -3.61922447653 310.309997559 0.33642774725 -6.03125 9.0 1.0 1.0 2.5 0.0 0.0 
2 1.2802311007 7.06108441961 11.2677068755 -3.61922447653 310.309997559 0.33642774725 -6.03125 9.0 1.0 1.0 2.5 0.0 0.0 
2 1.2802311007 7.06108441961 11.2677068755 -3.61922447653 310.309997559 0.33642774725 -6.03125 9.0 1.0 1.0 2.5 0.0 0.0 
2 1.2802311007 7.06108441961 11.2677068755 -3.61922447653 310.309997559 0.33642774725 -6.03125 9.0 1.0 1.0 2.5 0.0 0.0 
2 1.2802311007 7.06108441961 11.2677068755 -3.61922447653 310.309997559 0.33642774725 -6.03125 9.0 1.0 1.0 2.5 0.0 0.0 
2 1.2802311007 7.06108441961 11.2677068755 -3.61922447653 310.309997559 0.33642774725 -6.03125 9.0 1.0 1.0 2.5 0.0 0.0 
2 1.2802311007 7.06108441961 11.2677068755 -3.61922447653 310.309997559 0.33642774725 -6.03125 9.0 1.0 1.0 2.5 0.0 0.0 
2 1.2802311007 7.06108441961 11.2677068755 -3.61922447653 310.309997559 0.33642774725 -6.03125 9.0 1.0 1.0 2.5 0.0 0.0 
2 1.2802311007 7.06108441961 11.2677068755 -3.61922447653 310.309997559 0.33642774725 -6.03125 9.0 1.0 1.0 2.5 0.0 0.0 
2 1.2802311007 7.06108441961 11.2677068755 -3.61922447653 310.309997559 0.33642774725 -6.03125 9.0 1.0 1.0 2.5 0.0 0.0 
2 1.2802311007 7.06108441961 11.2677068755 -3.61922447653 310.309997559 0.33642774725 -6.03125 9.0 1.0 1.0 2.5 0.0 0.0 
2 1.2802311007 7.06108441961 11.2677068755 -3.61922447653 310.309997559 0.33642774725 -6.03125 9.0 1.0 1.0 2.5 0.0 0.0 
2 0.0 0.0 7.74493715191 3.625372782 129.910003662 0.33642774725 -6.03125 9.0 1.0 1.0 2.5 0.0 0.0 
2 0.0 0.0 7.74493715191 3.625372782 129.910003662 0.33642774725 -6.03125 9.0 1.0 1.0 2.5 0.0 0.0 
2 0.0 0.0 7.74493715191 3.625372782 129.899993896 0.33642774725 -6.03125 9.0 1.0 1.0 2.5 0.0 0.0 
2 0.0 0.0 7.74493715191 3.625372782 129.899993896 0.33642774725 -6.03125 9.0 1.0 1.0 2.5 0.0 0.0 
2 -0.0155386955035 0.0185840753331 7.74493715191 3.625372782 129.899993896 0.33642774725 -6.03125 9.0 1.0 1.0 2.5 0.0 0.0 
2 -0.259019275824 0.310508901038 7.74493715191 3.625372782 128.309997559 0.33642774725 -6.03125 9.0 1.0 1.0 2.5 0.0 0.0 
2 -0.563795333469 0.701348245865 7.74493715191 3.625372782 125.760002136 0.33642774725 -6.03125 9.0 1.0 1.0 2.5 0.0 0.0 
2 -0.938267419301 1.22159210711 7.74493715191 3.625372782 127.379997253 0.33642774725 -6.03125 9.0 1.0 1.0 2.5 0.0 0.0 
2 -1.40796589943 1.81422739281 7.74493715191 3.625372782 135.800003052 0.33642774725 -6.03125 9.0 1.0 1.0 2.5 0.0 0.0 
2 -2.40769457623 2.62661136972 7.74493715191 3.625372782 157.490005493 0.33642774725 -6.03125 9.0 1.0 1.0 2.5 0.0 0.0 
2 -3.28609679662 2.90483005758 7.74493715191 3.625372782 176.710006714 0.33642774725 -6.03125 9.0 1.0 1.0 2.5 0.0 0.0 
2 -4.19386310186 2.83078320636 7.74493715191 3.625372782 -161.059997559 0.33642774725 -6.03125 9.0 1.0 1.0 2.5 0.0 0.0 
2 -4.55695248209 2.68380629711 7.74493715191 3.625372782 -149.089996338 0.33642774725 -6.03125 9.0 1.0 1.0 2.5 0.0 0.0 
2 -4.86906401286 2.48104028448 7.74493715191 3.625372782 -121.980003357 0.33642774725 -6.03125 9.0 1.0 1.0 2.5 0.0 0.0 
2 -4.88438717654 2.47089281927 7.74493715191 3.625372782 -106.269996643 0.33642774725 -6.03125 9.0 1.0 1.0 2.5 0.0 0.0 
2 -4.87314864974 2.50739027782 7.74493715191 3.625372782 -101.300003052 0.33642774725 -6.03125 9.0 1.0 1.0 2.5 0.0 0.0 
2 -4.82662720449 2.77612394699 7.74493715191 3.625372782 -91.7300033569 0.33642774725 -6.03125 9.0 1.0 1.0 2.5 0.0 0.0 
2 -4.81747854253 2.94819967879 7.74493715191 3.625372782 -85.5199966431 0.33642774725 -6.03125 9.0 1.0 1.0 2.5 0.0 0.0 
2 -4.89235326835 3.47307164767 7.74493715191 3.625372782 -69.4700012207 0.33642774725 -6.03125 9.0 1.0 1.0 2.5 0.0 0.0 
2 -4.94939210361 3.63765151687 7.74493715191 3.625372782 -64.8099975586 0.33642774725 -6.03125 9.0 1.0 1.0 2.5 0.0 0.0 
2 -5.02111791107 3.79637952783 7.74493715191 3.625372782 -65.4300003052 0.33642774725 -6.03125 9.0 1.0 1.0 2.5 0.0 0.0 
2 -4.99720913261 3.74176362842 7.74493715191 3.625372782 -68.5699996948 0.33642774725 -6.03125 9.0 1.0 1.0 2.5 0.0 0.0 
2 -4.99337983164 3.7322571271 7.74493715191 3.625372782 -69.1800003052 0.33642774725 -6.03125 9.0 1.0 1.0 2.5 0.0 0.0 
2 -5.03008494927 3.82894356218 7.74493715191 3.625372782 -69.0899963379 0.33642774725 -6.03125 9.0 1.0 1.0 2.5 0.0 0.0 
2 -5.07658665872 3.94981374666 7.74493715191 3.625372782 -68.5400009155 0.33642774725 -6.03125 9.0 1.0 1.0 2.5 0.0 0.0 
2 -5.2040713318 4.26407273012 7.74493715191 3.625372782 -67.4800033569 0.33642774725 -6.03125 9.0 1.0 1.0 2.5 0.0 0.0 
2 -5.2623755925 4.40227882118 7.74493715191 3.625372782 -65.8099975586 0.33642774725 -6.03125 9.0 1.0 1.0 2.5 0.0 0.0 
2 -5.32876212938 4.5471084936 7.74493715191 3.625372782 -65.25 0.33642774725 -6.03125 9.0 1.0 1.0 2.5 0.0 0.0 
2 -5.37905437065 4.65524336394 7.74493715191 3.625372782 -65.4100036621 0.33642774725 -6.03125 9.0 1.0 1.0 2.5 0.0 0.0 
2 -5.37672268306 4.65016262573 7.74493715191 3.625372782 -65.3099975586 0.33642774725 -6.03125 9.0 1.0 1.0 2.5 0.0 0.0 
2 -5.37282658625 4.6416992977 7.74493715191 3.625372782 -65.2099990845 0.33642774725 -6.03125 9.0 1.0 1.0 2.5 0.0 0.0 
2 -5.37282658625 4.6416992977 7.74493715191 3.625372782 -65.2099990845 0.33642774725 -6.03125 9.0 1.0 1.0 2.5 0.0 0.0 
2 -5.37243592801 4.64085344815 7.74493715191 3.625372782 -65.1999969482 0.33642774725 -6.03125 9.0 1.0 1.0 2.5 0.0 0.0 
2 -5.37243592801 4.64085344815 7.74493715191 3.625372782 -65.1800003052 0.33642774725 -6.03125 9.0 1.0 1.0 2.5 0.0 0.0 
2 -5.36187354368 4.61802226587 7.74493715191 3.625372782 -64.9400024414 0.33642774725 -6.03125 9.0 1.0 1.0 2.5 0.0 0.0 
2 -5.35280655321 4.59860574478 7.74493715191 3.625372782 -64.8899993896 0.33642774725 -6.03125 9.0 1.0 1.0 2.5 0.0 0.0 
2 -5.3508289358 4.59438781733 7.74493715191 3.625372782 -64.8600006104 0.33642774725 -6.03125 9.0 1.0 1.0 2.5 0.0 0.0 
2 -5.35043326515 4.59354430085 7.74493715191 3.625372782 -65.0599975586 0.33642774725 -6.03125 9.0 1.0 1.0 2.5 0.0 0.0 
2 -5.35043326515 4.59354430085 7.74493715191 3.625372782 -65.0199966431 0.33642774725 -6.03125 9.0 1.0 1.0 2.5 0.0 0.0 
2 -5.35043326515 4.59354430085 7.74493715191 3.625372782 -65.0400009155 0.33642774725 -6.03125 9.0 1.0 1.0 2.5 0.0 0.0 
2 -5.34886104282 4.59016534806 7.74493715191 3.625372782 -65.0199966431 0.33642774725 -6.03125 9.0 1.0 1.0 2.5 0.0 0.0 
2 -5.33553321939 4.56142752273 7.74493715191 3.625372782 -65.2300033569 0.33642774725 -6.03125 9.0 1.0 1.0 2.5 0.0 0.0 
2 -5.3308488646 4.55127569207 7.74493715191 3.625372782 -65.3399963379 0.33642774725 -6.03125 9.0 1.0 1.0 2.5 0.0 0.0 
2 -5.3312368636 4.55212276473 7.74493715191 3.625372782 -65.2699966431 0.33642774725 -6.03125 9.0 1.0 1.0 2.5 0.0 0.0 
2 -5.35145698611 4.59615023044 7.74493715191 3.625372782 -66.9800033569 0.33642774725 -6.03125 9.0 1.0 1.0 2.5 0.0 0.0 
2 -5.36498775233 4.62785402796 7.74493715191 3.625372782 -71.5100021362 0.33642774725 -6.03125 9.0 1.0 1.0 2.5 0.0 0.0 
2 -5.3652832326 4.62873763801 7.74493715191 3.625372782 -72.5400009155 0.33642774725 -6.03125 9.0 1.0 1.0 2.5 0.0 0.0 
2 -5.36727168989 4.63494904242 7.74493715191 3.625372782 -71.8899993896 0.33642774725 -6.03125 9.0 1.0 1.0 2.5 0.0 0.0 
2 -5.36727168989 4.63494904242 7.74493715191 3.625372782 -71.7900009155 0.33642774725 -6.03125 9.0 1.0 1.0 2.5 0.0 0.0 
2 -5.36727168989 4.63494904242 7.74493715191 3.625372782 -71.8499984741 0.33642774725 -6.03125 9.0 1.0 1.0 2.5 0.0 0.0 
2 -5.36727168989 4.63494904242 7.74493715191 3.625372782 -71.8499984741 0.33642774725 -6.03125 9.0 1.0 1.0 2.5 0.0 0.0 
2 -5.34810681463 4.57651922445 7.74493715191 3.625372782 -71.8899993896 0.33642774725 -6.03125 9.0 1.0 1.0 2.5 0.0 0.0 
2 -5.23535561794 4.22425830509 7.74493715191 3.625372782 -74.9000015259 0.33642774725 -6.03125 9.0 1.0 1.0 2.5 0.0 0.0 
2 -5.19966251837 4.08337948711 7.74493715191 3.625372782 -78.6399993896 0.33642774725 -6.03125 9.0 1.0 1.0 2.5 0.0 0.0 
2 -5.16168114876 3.62647310085 7.74493715191 3.625372782 -96.5899963379 0.33642774725 -6.03125 9.0 1.0 1.0 2.5 0.0 0.0 
2 -5.19251213752 3.4201781381 7.74493715191 3.625372782 -104.709999084 0.33642774725 -6.03125 9.0 1.0 1.0 2.5 0.0 0.0 
2 -5.25855911926 3.22179155612 7.74493715191 3.625372782 -123.089996338 0.33642774725 -6.03125 9.0 1.0 1.0 2.5 0.0 0.0 
2 -5.021081307 3.48768762948 7.74493715191 3.625372782 -149.050003052 0.33642774725 -6.03125 9.0 1.0 1.0 2.5 0.0 0.0 
2 -4.8992214449 3.56840032538 7.74493715191 3.625372782 -157.25 0.33642774725 -6.03125 9.0 1.0 1.0 2.5 0.0 0.0 
2 -4.63016745771 3.66780375076 7.74493715191 3.625372782 -177.770004272 0.33642774725 -6.03125 9.0 1.0 1.0 2.5 0.0 0.0 
2 -4.1426530211 3.65251935751 7.74493715191 3.625372782 159.240005493 0.33642774725 -6.03125 9.0 1.0 1.0 2.5 0.0 0.0 
2 -3.5794872742 3.40836526757 7.74493715191 3.625372782 141.5 0.33642774725 -6.03125 9.0 1.0 1.0 2.5 0.0 0.0 
2 -3.09857453808 3.01085086745 7.74493715191 3.625372782 132.009994507 0.33642774725 -6.03125 9.0 1.0 1.0 2.5 0.0 0.0 
2 -2.91711138583 2.81447469015 7.74493715191 3.625372782 131.369995117 0.33642774725 -6.03125 9.0 1.0 1.0 2.5 0.0 0.0 
2 -2.6687897422 2.5391477417 7.74493715191 3.625372782 135.919998169 0.33642774725 -6.03125 9.0 1.0 1.0 2.5 0.0 0.0 
2 -2.648157752 2.51892895512 7.74493715191 3.625372782 141.720001221 0.33642774725 -6.03125 9.0 1.0 1.0 2.5 0.0 0.0 
2 -2.92453234006 2.65911262015 7.74493715191 3.625372782 159.710006714 0.33642774725 -6.03125 9.0 1.0 1.0 2.5 0.0 0.0 
2 -3.40499073489 2.80729091261 7.74493715191 3.625372782 164.320007324 0.33642774725 -6.03125 9.0 1.0 1.0 2.5 0.0 0.0 
2 -3.63864097409 2.87465914541 7.74493715191 3.625372782 161.86000061 0.33642774725 -6.03125 9.0 1.0 1.0 2.5 0.0 0.0 
2 -4.43811809998 3.14247417525 7.74493715191 3.625372782 162.910003662 0.33642774725 -6.03125 9.0 1.0 1.0 2.5 0.0 0.0 
2 -5.12731208746 3.31865192515 7.74493715191 3.625372782 171.559997559 0.33642774725 -6.03125 9.0 1.0 1.0 2.5 0.0 0.0 
2 -5.86329519946 3.42302570466 7.74493715191 3.625372782 173.899993896 0.33642774725 -6.03125 9.0 1.0 1.0 2.5 0.0 0.0 
2 -6.54113668614 3.49824781674 7.74493715191 3.625372782 170.899993896 0.33642774725 -6.03125 9.0 1.0 1.0 2.5 0.0 0.0 
2 -8.15688275328 3.91656739233 7.74493715191 3.625372782 155.710006714 0.33642774725 -6.03125 9.0 1.0 1.0 2.5 0.0 0.0 
2 -8.99548393103 4.306537938 7.74493715191 3.625372782 150.86000061 0.33642774725 -6.03125 9.0 1.0 1.0 2.5 0.0 0.0 
2 -10.2684280746 5.05769798095 7.74493715191 3.625372782 145.88999939 0.33642774725 -6.03125 9.0 1.0 1.0 2.5 0.0 0.0 
2 -11.1219022175 5.6448535437 7.74493715191 3.625372782 143.669998169 0.33642774725 -6.03125 9.0 1.0 1.0 2.5 0.0 0.0 
2 -11.5447296962 5.95841980615 7.74493715191 3.625372782 142.820007324 0.33642774725 -6.03125 9.0 1.0 1.0 2.5 0.0 0.0 
2 -12.3933354299 6.61404706151 7.74493715191 3.625372782 141.509994507 0.33642774725 -6.03125 9.0 1.0 1.0 2.5 0.0 0.0 
2 -13.2384909655 7.29659643447 7.74493715191 3.625372782 140.410003662 0.33642774725 -6.03125 9.0 1.0 1.0 2.5 0.0 0.0 
2 -14.5162600009 8.36834135041 7.74493715191 3.625372782 139.130004883 0.33642774725 -6.03125 9.0 1.0 1.0 2.5 0.0 0.0 
2 -14.9383122944 8.73206901848 7.74493715191 3.625372782 138.660003662 0.33642774725 -6.03125 9.0 1.0 1.0 2.5 0.0 0.0 
2 -15.7195114428 9.42247979788 7.74493715191 3.625372782 137.039993286 0.33642774725 -6.03125 9.0 1.0 1.0 2.5 0.0 0.0 
2 -16.2360689516 9.89990891348 7.74493715191 3.625372782 139.589996338 0.33642774725 -6.03125 9.0 1.0 1.0 2.5 0.0 0.0 
2 -16.856510679 10.4301782477 7.74493715191 3.625372782 139.070007324 0.33642774725 -6.03125 9.0 1.0 1.0 2.5 0.0 0.0 
2 -17.5172238719 11.0064437643 7.74493715191 3.625372782 139.149993896 0.33642774725 -6.03125 9.0 1.0 1.0 2.5 0.0 0.0 
2 -18.2340254758 11.6085849186 7.74493715191 3.625372782 144.399993896 0.33642774725 -6.03125 9.0 1.0 1.0 2.5 0.0 0.0 
2 -18.6218567766 11.8926441446 7.74493715191 3.625372782 146.839996338 0.33642774725 -6.03125 9.0 1.0 1.0 2.5 0.0 0.0 
2 -19.8865900501 12.648913224 7.74493715191 3.625372782 153.029998779 0.33642774725 -6.03125 9.0 1.0 1.0 2.5 0.0 0.0 
2 -20.3531354609 12.8824772149 7.74493715191 3.625372782 154.509994507 0.33642774725 -6.03125 9.0 1.0 1.0 2.5 0.0 0.0 
2 -21.7532286696 13.5031445453 7.74493715191 3.625372782 157.330001831 0.33642774725 -6.03125 9.0 1.0 1.0 2.5 0.0 0.0 
2 -22.7297852022 13.9088612791 7.74493715191 3.625372782 158.600006104 0.33642774725 -6.03125 9.0 1.0 1.0 2.5 0.0 0.0 
2 -23.7514100721 14.2563662633 7.74493715191 3.625372782 167.009994507 0.33642774725 -6.03125 9.0 1.0 1.0 2.5 0.0 0.0 
2 -24.8016551079 14.4044487281 7.74493715191 3.625372782 177.559997559 0.33642774725 -6.03125 9.0 1.0 1.0 2.5 0.0 0.0 
2 -25.8500504768 14.2903105134 7.74493715191 3.625372782 -155.759994507 0.33642774725 -6.03125 9.0 1.0 1.0 2.5 0.0 0.0 
2 -26.8100163221 13.856277568 7.74493715191 3.625372782 -139.339996338 0.33642774725 -6.03125 9.0 1.0 1.0 2.5 0.0 0.0 
2 -27.2261896479 13.5334614636 7.74493715191 3.625372782 -127.290000916 0.33642774725 -6.03125 9.0 1.0 1.0 2.5 0.0 0.0 
2 -27.7711061585 12.7465990228 7.74493715191 3.625372782 -101.089996338 0.33642774725 -6.03125 9.0 1.0 1.0 2.5 0.0 0.0 
2 -27.8296002043 12.5302130062 7.74493715191 3.625372782 -87.3000030518 0.33642774725 -6.03125 9.0 1.0 1.0 2.5 0.0 0.0 
2 -27.820703433 12.4080304068 7.74493715191 3.625372782 -55.8199996948 0.33642774725 -6.03125 9.0 1.0 1.0 2.5 0.0 0.0 
2 -27.8680102815 12.4816722668 7.74493715191 3.625372782 -48.0699996948 0.33642774725 -6.03125 9.0 1.0 1.0 2.5 0.0 0.0 
2 -28.0927997507 12.7156413703 7.74493715191 3.625372782 -40.3699989319 0.33642774725 -6.03125 9.0 1.0 1.0 2.5 0.0 0.0 
2 -28.3217282974 12.9339912506 7.74493715191 3.625372782 -52.5600013733 0.33642774725 -6.03125 9.0 1.0 1.0 2.5 0.0 0.0 
2 -28.4876406806 13.2340175691 7.74493715191 3.625372782 -74.0699996948 0.33642774725 -6.03125 9.0 1.0 1.0 2.5 0.0 0.0 
2 -28.5570089523 13.6023282701 7.74493715191 3.625372782 -84.5199966431 0.33642774725 -6.03125 9.0 1.0 1.0 2.5 0.0 0.0 
2 -28.5593027794 13.6386153674 7.74493715191 3.625372782 -82.3300018311 0.33642774725 -6.03125 9.0 1.0 1.0 2.5 0.0 0.0 
2 -28.5444471189 13.4379659186 7.74493715191 3.625372782 -64.4300003052 0.33642774725 -6.03125 9.0 1.0 1.0 2.5 0.0 0.0 
2 -28.601341017 13.5501003511 7.74493715191 3.625372782 -65.8199996948 0.33642774725 -6.03125 9.0 1.0 1.0 2.5 0.0 0.0 
2 -28.600586369 13.5483965883 7.74493715191 3.625372782 -65.8399963379 0.33642774725 -6.03125 9.0 1.0 1.0 2.5 0.0 0.0 
2 -28.600586369 13.5483965883 7.74493715191 3.625372782 -65.8399963379 0.33642774725 -6.03125 9.0 1.0 1.0 2.5 0.0 0.0 
2 -28.6002050347 13.5475464945 7.74493715191 3.625372782 -65.8399963379 0.33642774725 -6.03125 9.0 1.0 1.0 2.5 0.0 0.0 
2 -28.5914376118 13.5279928723 7.74493715191 3.625372782 -65.8099975586 0.33642774725 -6.03125 9.0 1.0 1.0 2.5 0.0 0.0 
2 -28.4240755958 13.2005991843 7.74493715191 3.625372782 -57.9799995422 0.33642774725 -6.03125 9.0 1.0 1.0 2.5 0.0 0.0 
2 -28.3008011724 13.010733244 7.74493715191 3.625372782 -54.1100006104 0.33642774725 -6.03125 9.0 1.0 1.0 2.5 0.0 0.0 
2 -27.9275009373 12.5610989011 7.74493715191 3.625372782 -43.6800003052 0.33642774725 -6.03125 9.0 1.0 1.0 2.5 0.0 0.0 
2 -27.3939491933 12.1244823019 7.74493715191 3.625372782 -33.3800010681 0.33642774725 -6.03125 9.0 1.0 1.0 2.5 0.0 0.0 
2 -26.731349351 11.7282807232 7.74493715191 3.625372782 -27.4899997711 0.33642774725 -6.03125 9.0 1.0 1.0 2.5 0.0 0.0 
2 -25.9644128656 11.3520307969 7.74493715191 3.625372782 -24.3299999237 0.33642774725 -6.03125 9.0 1.0 1.0 2.5 0.0 0.0 
2 -25.1266069211 10.9867874218 7.74493715191 3.625372782 -22.3899993896 0.33642774725 -6.03125 9.0 1.0 1.0 2.5 0.0 0.0 
2 -24.6832060086 10.805858885 7.74493715191 3.625372782 -21.6700000763 0.33642774725 -6.03125 9.0 1.0 1.0 2.5 0.0 0.0 
2 -23.7633495965 10.4463879397 7.74493715191 3.625372782 -21.0 0.33642774725 -6.03125 9.0 1.0 1.0 2.5 0.0 0.0 
2 -22.9127935548 10.1169319569 7.74493715191 3.625372782 -22.1599998474 0.33642774725 -6.03125 9.0 1.0 1.0 2.5 0.0 0.0 
2 -22.0078059039 9.73613614607 7.74493715191 3.625372782 -26.9099998474 0.33642774725 -6.03125 9.0 1.0 1.0 2.5 0.0 0.0 
2 -21.1068894497 9.26796840499 7.74493715191 3.625372782 -31.0799999237 0.33642774725 -6.03125 9.0 1.0 1.0 2.5 0.0 0.0 
2 -20.2183982976 8.72453798271 7.74493715191 3.625372782 -33.9900016785 0.33642774725 -6.03125 9.0 1.0 1.0 2.5 0.0 0.0 
2 -19.3343204815 8.11606188817 7.74493715191 3.625372782 -35.5200004578 0.33642774725 -6.03125 9.0 1.0 1.0 2.5 0.0 0.0 
2 -18.8947873618 7.80168805949 7.74493715191 3.625372782 -35.6899986267 0.33642774725 -6.03125 9.0 1.0 1.0 2.5 0.0 0.0 
2 -17.5484951944 6.85097098987 7.74493715191 3.625372782 -33.9599990845 0.33642774725 -6.03125 9.0 1.0 1.0 2.5 0.0 0.0 
2 -16.605053495 6.24264591598 7.74493715191 3.625372782 -30.3999996185 0.33642774725 -6.03125 9.0 1.0 1.0 2.5 0.0 0.0 
2 -15.610996073 5.69971876111 7.74493715191 3.625372782 -25.7900009155 0.33642774725 -6.03125 9.0 1.0 1.0 2.5 0.0 0.0 
2 -14.5763180194 5.23418982442 7.74493715191 3.625372782 -21.5599994659 0.33642774725 -6.03125 9.0 1.0 1.0 2.5 0.0 0.0 
2 -14.0422098354 5.02935858692 7.74493715191 3.625372782 -19.2000007629 0.33642774725 -6.03125 9.0 1.0 1.0 2.5 0.0 0.0 
2 -6.06999669677 2.21762992482 7.74493715191 3.625372782 -64.2799987793 0.33642774725 -6.03125 9.0 1.0 1.0 2.5 0.0 0.0 
2 -6.14409593437 2.3842937212 7.74493715191 3.625372782 -72.5599975586 0.33642774725 -6.03125 9.0 1.0 1.0 2.5 0.0 0.0 
2 -6.2616788198 2.77688789336 7.74493715191 3.625372782 -77.0199966431 0.33642774725 -6.03125 9.0 1.0 1.0 2.5 0.0 0.0 
2 -6.29386589716 2.90617541866 7.74493715191 3.625372782 -77.9400024414 0.33642774725 -6.03125 9.0 1.0 1.0 2.5 0.0 0.0 
2 -6.4521428225 3.70857758206 7.74493715191 3.625372782 -81.8899993896 0.33642774725 -6.03125 9.0 1.0 1.0 2.5 0.0 0.0 
2 -6.55698655092 4.48875480807 7.74493715191 3.625372782 -84.1900024414 0.33642774725 -6.03125 9.0 1.0 1.0 2.5 0.0 0.0 
2 -6.59845631074 4.91345267241 7.74493715191 3.625372782 -85.0899963379 0.33642774725 -6.03125 9.0 1.0 1.0 2.5 0.0 0.0 
2 -6.66685916572 5.81926245815 7.74493715191 3.625372782 -86.5400009155 0.33642774725 -6.03125 9.0 1.0 1.0 2.5 0.0 0.0 
2 -6.60016348318 5.37487147402 7.74493715191 3.625372782 -70.2799987793 0.33642774725 -6.03125 9.0 1.0 1.0 2.5 0.0 0.0 
2 -6.53728753733 5.19945873761 7.74493715191 3.625372782 -54.5400009155 0.33642774725 -6.03125 9.0 1.0 1.0 2.5 0.0 0.0 
2 -5.96291674143 4.42471915398 7.74493715191 3.625372782 -32.4300003052 0.33642774725 -6.03125 9.0 1.0 1.0 2.5 0.0 0.0 
2 -5.58697701587 4.23956211346 7.74493715191 3.625372782 -16.7900009155 0.33642774725 -6.03125 9.0 1.0 1.0 2.5 0.0 0.0 
2 -5.40053351498 4.19074981923 7.74493715191 3.625372782 -7.71000003815 0.33642774725 -6.03125 9.0 1.0 1.0 2.5 0.0 0.0 
2 -5.02145145438 4.18631399541 7.74493715191 3.625372782 14.8400001526 0.33642774725 -6.03125 9.0 1.0 1.0 2.5 0.0 0.0 
2 -4.8657100579 4.24163582801 7.74493715191 3.625372782 43.4799995422 0.33642774725 -6.03125 9.0 1.0 1.0 2.5 0.0 0.0 
2 -5.01926633729 4.12233581985 7.74493715191 3.625372782 51.1800003052 0.33642774725 -6.03125 9.0 1.0 1.0 2.5 0.0 0.0 
2 -5.15609714881 3.9505155234 7.74493715191 3.625372782 58.9399986267 0.33642774725 -6.03125 9.0 1.0 1.0 2.5 0.0 0.0 
2 -5.38511381283 3.54319827806 7.74493715191 3.625372782 62.6800003052 0.33642774725 -6.03125 9.0 1.0 1.0 2.5 0.0 0.0 
2 -5.44284016274 3.43674363274 7.74493715191 3.625372782 57.8499984741 0.33642774725 -6.03125 9.0 1.0 1.0 2.5 0.0 0.0 
2 -6.66860288157 2.21610569932 7.74493715191 3.625372782 24.3400001526 0.33642774725 -6.03125 9.0 1.0 1.0 2.5 0.0 0.0 
2 -7.07217779121 2.06260663549 7.74493715191 3.625372782 13.8900003433 0.33642774725 -6.03125 9.0 1.0 1.0 2.5 0.0 0.0 
2 -7.38329108094 2.01962892805 7.74493715191 3.625372782 -2.58999991417 0.33642774725 -6.03125 9.0 1.0 1.0 2.5 0.0 0.0 
2 -7.76665161299 2.08154103379 7.74493715191 3.625372782 -17.2999992371 0.33642774725 -6.03125 9.0 1.0 1.0 2.5 0.0 0.0 
2 -8.06097446293 2.19257755133 7.74493715191 3.625372782 -26.2299995422 0.33642774725 -6.03125 9.0 1.0 1.0 2.5 0.0 0.0 
2 -8.12332270626 2.22411066428 7.74493715191 3.625372782 -33.7599983215 0.33642774725 -6.03125 9.0 1.0 1.0 2.5 0.0 0.0 
2 -8.24406164451 2.30795712123 7.74493715191 3.625372782 -43.2000007629 0.33642774725 -6.03125 9.0 1.0 1.0 2.5 0.0 0.0 
2 -8.33225209321 2.39470575192 7.74493715191 3.625372782 -50.7900009155 0.33642774725 -6.03125 9.0 1.0 1.0 2.5 0.0 0.0 
4 -8.53474260073 2.69051309873 11.5778566751 -5.00156873605 -58.4399986267 0.490667919987 -4.0 9.0 1.0 1.0 2.5 0.0 0.0 
6 -8.65664568648 2.89980236375 11.4457658839 -4.87184965235 -63.3899993896 0.47178209756 -3.6875 9.0 1.0 1.0 2.5 0.0 0.0 
10 -8.73896399011 3.0710885797 11.4457658839 -4.87184965235 -67.0 0.37680355328 -1.15625 9.0 1.0 1.0 2.5 0.0 0.0 
16 -8.88510767359 3.44503444343 10.9508246189 -4.15364939684 -70.3399963379 0.349249222642 1.5 9.0 1.0 1.0 2.5 0.0 0.0 
18 -9.00896253941 3.79258004996 11.2063219936 -3.77556986992 -70.4499969482 0.349249222642 1.5 9.0 1.0 1.0 2.5 0.0 0.0 
18 -9.08876218362 4.01735148296 11.2063219936 -3.77556986992 -70.3300018311 0.349249222642 1.5 9.0 1.0 1.0 2.5 0.0 0.0 
18 -9.1381150803 4.14908539243 11.2063219936 -3.77556986992 -67.0699996948 0.349249222642 1.5 9.0 1.0 1.0 2.5 0.0 0.0 
18 -9.15753609162 4.19448470262 11.2063219936 -3.77556986992 -64.6699981689 0.349249222642 1.5 9.0 1.0 1.0 2.5 0.0 0.0 
18 -9.15414772501 4.1878453967 11.2063219936 -3.77556986992 -63.2700004578 0.349249222642 1.5 9.0 1.0 1.0 2.5 0.0 0.0 
18 -9.13657183869 4.1528829892 11.2063219936 -3.77556986992 -63.4599990845 0.349249222642 1.5 9.0 1.0 1.0 2.5 0.0 0.0 
18 -8.95017833368 3.78044950577 11.2063219936 -3.77556986992 -63.8899993896 0.349249222642 1.5 9.0 1.0 1.0 2.5 0.0 0.0 
18 -8.83735610829 3.54523779833 11.2063219936 -3.77556986992 -64.8199996948 0.349249222642 1.5 9.0 1.0 1.0 2.5 0.0 0.0 
18 -8.78435717933 3.43219687183 11.2063219936 -3.77556986992 -63.0699996948 0.349249222642 1.5 9.0 1.0 1.0 2.5 0.0 0.0 
18 -8.64060986796 3.17152578386 11.2063219936 -3.77556986992 -51.0200004578 0.349249222642 1.5 9.0 1.0 1.0 2.5 0.0 0.0 
18 -8.55415988402 3.07787921488 11.2063219936 -3.77556986992 -35.9099998474 0.349249222642 1.5 9.0 1.0 1.0 2.5 0.0 0.0 
18 -8.54553124241 3.06918908211 11.2063219936 -3.77556986992 -33.8899993896 0.349249222642 1.5 9.0 1.0 1.0 2.5 0.0 0.0 
18 -8.548577346 3.07133627982 11.2063219936 -3.77556986992 -40.8199996948 0.349249222642 1.5 9.0 1.0 1.0 2.5 0.0 0.0 
21 -8.57876540977 3.09766371864 12.3354612238 -2.855325975 -43.7000007629 0.33283076849 -0.4375 9.0 1.0 1.0 2.5 0.0 0.0 
21 -8.6258947199 3.1427426305 12.3608119473 -2.78919178108 -44.4599990845 0.33283076849 -0.4375 9.0 1.0 1.0 2.5 0.0 0.0 
21 -8.67349062166 3.19001036479 12.3608119473 -2.78919178108 -48.5699996948 0.33283076849 -0.4375 9.0 1.0 1.0 2.5 0.0 0.0 
21 -8.73158627564 3.25428984755 12.3608119473 -2.78919178108 -50.5099983215 0.33283076849 -0.4375 9.0 1.0 1.0 2.5 0.0 0.0 
21 -8.92316479635 3.49232361858 12.3608119473 -2.78919178108 -53.3499984741 0.33283076849 -0.4375 9.0 1.0 1.0 2.5 0.0 0.0 
21 -9.11568170603 3.75204887295 12.3608119473 -2.78919178108 -54.7000007629 0.33283076849 -0.4375 9.0 1.0 1.0 2.5 0.0 0.0 
21 -9.21641013315 3.89420183792 12.3608119473 -2.78919178108 -55.8499984741 0.33283076849 -0.4375 9.0 1.0 1.0 2.5 0.0 0.0 
21 -9.23680214174 3.92539851122 12.3608119473 -2.78919178108 -57.0299987793 0.33283076849 -0.4375 9.0 1.0 1.0 2.5 0.0 0.0 
21 -9.40305430176 4.18292650182 12.3608119473 -2.78919178108 -57.0099983215 0.33283076849 -0.4375 9.0 1.0 1.0 2.5 0.0 0.0 
21 -9.48708133895 4.31277031104 12.3608119473 -2.78919178108 -56.7200012207 0.33283076849 -0.4375 9.0 1.0 1.0 2.5 0.0 0.0 
21 -9.50384876961 4.33854241743 12.3608119473 -2.78919178108 -57.5 0.33283076849 -0.4375 9.0 1.0 1.0 2.5 0.0 0.0 
21 -9.50484792243 4.34011531287 12.3608119473 -2.78919178108 -57.5 0.33283076849 -0.4375 9.0 1.0 1.0 2.5 0.0 0.0 
21 -9.49483170816 4.3244020849 12.3608119473 -2.78919178108 -57.3899993896 0.33283076849 -0.4375 9.0 1.0 1.0 2.5 0.0 0.0 
21 -9.49232182949 4.32047749677 12.3608119473 -2.78919178108 -57.3800010681 0.33283076849 -0.4375 9.0 1.0 1.0 2.5 0.0 0.0 
21 -9.47775371244 4.29772181063 12.3608119473 -2.78919178108 -57.2000007629 0.33283076849 -0.4375 9.0 1.0 1.0 2.5 0.0 0.0 
21 -9.47775371244 4.29772181063 12.3608119473 -2.78919178108 -57.2200012207 0.33283076849 -0.4375 9.0 1.0 1.0 2.5 0.0 0.0 
21 -9.4580752528 4.26717511224 12.3608119473 -2.78919178108 -57.2200012207 0.33283076849 -0.4375 9.0 1.0 1.0 2.5 0.0 0.0 
21 -9.4081357771 4.18962477412 12.3608119473 -2.78919178108 -57.2799987793 0.33283076849 -0.4375 9.0 1.0 1.0 2.5 0.0 0.0 
22 -9.17752512184 3.83169283194 12.3608119473 -2.78919178108 -57.6699981689 0.20236447939 -3.1875 9.0 1.0 1.0 2.5 0.0 0.0 
29 -8.86974316765 3.34616770398 10.7641161189 -2.49859526279 -55.4900016785 0.212215239041 -2.8125 9.0 1.0 1.0 2.5 0.0 0.0 
33 -8.67561143311 3.0568246134 10.9641405665 -2.5147617435 -51.7000007629 0.308665498953 -3.53125 9.0 1.0 1.0 2.5 0.0 0.0 
35 -8.09851333751 2.37907593697 12.130894314 -3.06797092962 -40.0600013733 0.344377446165 -4.40625 9.0 1.0 1.0 2.5 0.0 0.0 
35 -8.03643040239 2.34129923262 12.130894314 -3.14379563569 -21.6299991608 0.344377446165 -4.40625 9.0 1.0 1.0 2.5 0.0 0.0 
35 -8.01182792544 2.30414537017 12.130894314 -3.14379563569 -1.34000003338 0.344377446165 -4.40625 9.0 1.0 1.0 2.5 0.0 0.0 
35 -8.24094722155 2.30110168835 12.130894314 -3.14379563569 7.01999998093 0.344377446165 -4.40625 9.0 1.0 1.0 2.5 0.0 0.0 
35 -8.73065763609 2.22427621343 12.130894314 -3.14379563569 15.5100002289 0.344377446165 -4.40625 9.0 1.0 1.0 2.5 0.0 0.0 
35 -9.31159944727 2.04100672143 12.130894314 -3.14379563569 19.9099998474 0.344377446165 -4.40625 9.0 1.0 1.0 2.5 0.0 0.0 
35 -10.3826578355 1.63872109554 12.130894314 -3.14379563569 18.5100002289 0.344377446165 -4.40625 9.0 1.0 1.0 2.5 0.0 0.0 
35 -11.0674005853 1.42271327678 12.130894314 -3.14379563569 8.81999969482 0.344377446165 -4.40625 9.0 1.0 1.0 2.5 0.0 0.0 
35 -11.8578116385 1.32182279349 12.130894314 -3.14379563569 -2.90000009537 0.344377446165 -4.40625 9.0 1.0 1.0 2.5 0.0 0.0 
35 -12.7147708742 1.3820237993 12.130894314 -3.14379563569 -11.4799995422 0.344377446165 -4.40625 9.0 1.0 1.0 2.5 0.0 0.0 
35 -13.6175984934 1.58111339822 12.130894314 -3.14379563569 -18.8999996185 0.344377446165 -4.40625 9.0 1.0 1.0 2.5 0.0 0.0 
35 -14.5113961749 1.89994549292 12.130894314 -3.14379563569 -23.9500007629 0.344377446165 -4.40625 9.0 1.0 1.0 2.5 0.0 0.0 
35 -15.4190554729 2.30971669391 12.130894314 -3.14379563569 -26.9099998474 0.344377446165 -4.40625 9.0 1.0 1.0 2.5 0.0 0.0 
35 -16.5524361984 2.91390144991 12.130894314 -3.14379563569 -33.7799987793 0.344377446165 -4.40625 9.0 1.0 1.0 2.5 0.0 0.0 
35 -17.1992913596 3.34576069328 12.130894314 -3.14379563569 -36.7000007629 0.344377446165 -4.40625 9.0 1.0 1.0 2.5 0.0 0.0 
35 -18.2342352883 4.17178970633 12.130894314 -3.14379563569 -41.4399986267 0.344377446165 -4.40625 9.0 1.0 1.0 2.5 0.0 0.0 
35 -19.0338017163 4.90024232567 12.130894314 -3.14379563569 -43.6199989319 0.344377446165 -4.40625 9.0 1.0 1.0 2.5 0.0 0.0 
35 -19.8265891423 5.66995939953 12.130894314 -3.14379563569 -44.8800010681 0.344377446165 -4.40625 9.0 1.0 1.0 2.5 0.0 0.0 
35 -20.2264527605 6.06989570296 12.130894314 -3.14379563569 -45.4799995422 0.344377446165 -4.40625 9.0 1.0 1.0 2.5 0.0 0.0 
35 -21.3085976436 7.22112105079 12.130894314 -3.14379563569 -48.1300010681 0.344377446165 -4.40625 9.0 1.0 1.0 2.5 0.0 0.0 
35 -21.6167788768 7.56171560927 12.130894314 -3.14379563569 -46.6300010681 0.344377446165 -4.40625 9.0 1.0 1.0 2.5 0.0 0.0 
35 -22.2261686083 8.15033213669 12.130894314 -3.14379563569 -38.3400001526 0.344377446165 -4.40625 9.0 1.0 1.0 2.5 0.0 0.0 
35 -22.6087023993 8.43664245993 12.130894314 -3.14379563569 -32.3499984741 0.344377446165 -4.40625 9.0 1.0 1.0 2.5 0.0 0.0 
35 -23.2885286868 8.80497265387 12.130894314 -3.14379563569 -24.3099994659 0.344377446165 -4.40625 9.0 1.0 1.0 2.5 0.0 0.0 
35 -23.9709389887 9.1413927679 12.130894314 -3.14379563569 -35.4099998474 0.344377446165 -4.40625 9.0 1.0 1.0 2.5 0.0 0.0 
35 -24.5060308469 9.55452994133 12.130894314 -3.14379563569 -44.7000007629 0.344377446165 -4.40625 9.0 1.0 1.0 2.5 0.0 0.0 
35 -24.9813075099 10.0305756441 12.130894314 -3.14379563569 -44.3800010681 0.344377446165 -4.40625 9.0 1.0 1.0 2.5 0.0 0.0 
35 -25.5051689023 10.5036832502 12.130894314 -3.14379563569 -37.1800003052 0.344377446165 -4.40625 9.0 1.0 1.0 2.5 0.0 0.0 
35 -25.8225810554 10.7339923976 12.130894314 -3.14379563569 -32.6300010681 0.344377446165 -4.40625 9.0 1.0 1.0 2.5 0.0 0.0 
35 -26.5630401111 11.1592493827 12.130894314 -3.14379563569 -26.2099990845 0.344377446165 -4.40625 9.0 1.0 1.0 2.5 0.0 0.0 
35 -27.3044488714 11.5023989376 12.130894314 -3.14379563569 -22.2199993134 0.344377446165 -4.40625 9.0 1.0 1.0 2.5 0.0 0.0 
35 -27.9152013149 11.72780683 12.130894314 -3.14379563569 -13.4200000763 0.344377446165 -4.40625 9.0 1.0 1.0 2.5 0.0 0.0 
35 -29.0541448318 11.9597077698 12.130894314 -3.14379563569 -12.0399999619 0.344377446165 -4.40625 9.0 1.0 1.0 2.5 0.0 0.0 
35 -29.4427270231 12.0354751231 12.130894314 -3.14379563569 -18.9699993134 0.344377446165 -4.40625 9.0 1.0 1.0 2.5 0.0 0.0 
35 -30.1799214796 12.3100109844 12.130894314 -3.14379563569 -30.1000003815 0.344377446165 -4.40625 9.0 1.0 1.0 2.5 0.0 0.0 
35 -30.9050141982 12.8084653371 12.130894314 -3.14379563569 -60.4099998474 0.344377446165 -4.40625 9.0 1.0 1.0 2.5 0.0 0.0 
35 -30.9809116036 13.0020820909 12.130894314 -3.14379563569 -87.6699981689 0.344377446165 -4.40625 9.0 1.0 1.0 2.5 0.0 0.0 
35 -30.9806691523 13.0198447391 12.130894314 -3.14379563569 -91.7200012207 0.344377446165 -4.40625 9.0 1.0 1.0 2.5 0.0 0.0 
35 -30.9839573673 12.8773321139 12.130894314 -3.14379563569 -89.3399963379 0.344377446165 -4.40625 9.0 1.0 1.0 2.5 0.0 0.0 
35 -30.9748988275 12.3874825366 12.130894314 -3.14379563569 -84.7300033569 0.344377446165 -4.40625 9.0 1.0 1.0 2.5 0.0 0.0 
35 -30.9664225197 12.2975638444 12.130894314 -3.14379563569 -74.0800018311 0.344377446165 -4.40625 9.0 1.0 1.0 2.5 0.0 0.0 
35 -31.0045479713 12.40946451 12.130894314 -3.14379563569 -63.2200012207 0.344377446165 -4.40625 9.0 1.0 1.0 2.5 0.0 0.0 
35 -31.0555591981 12.5172190602 12.130894314 -3.14379563569 -56.9199981689 0.344377446165 -4.40625 9.0 1.0 1.0 2.5 0.0 0.0 
35 -30.8678061678 12.2372059449 12.130894314 -3.14379563569 -66.2600021362 0.344377446165 -4.40625 9.0 1.0 1.0 2.5 0.0 0.0 
35 -30.6519911068 11.7290401913 12.130894314 -3.14379563569 -71.2600021362 0.344377446165 -4.40625 9.0 1.0 1.0 2.5 0.0 0.0 
35 -30.5790447406 11.5156941097 12.130894314 -3.14379563569 -70.0699996948 0.344377446165 -4.40625 9.0 1.0 1.0 2.5 0.0 0.0 
35 -30.4841432598 11.2701210318 12.130894314 -3.14379563569 -50.6500015259 0.344377446165 -4.40625 9.0 1.0 1.0 2.5 0.0 0.0 
35 -30.5308071862 11.3233530717 12.130894314 -3.14379563569 -45.1199989319 0.344377446165 -4.40625 9.0 1.0 1.0 2.5 0.0 0.0 
35 -30.7840397908 11.5456656109 12.130894314 -3.14379563569 -33.9500007629 0.344377446165 -4.40625 9.0 1.0 1.0 2.5 0.0 0.0 
35 -31.250836766 11.8510748521 12.130894314 -3.14379563569 -38.9500007629 0.344377446165 -4.40625 9.0 1.0 1.0 2.5 0.0 0.0 
35 -31.2280013723 11.8047561393 12.130894314 -3.14379563569 -55.2900009155 0.344377446165 -4.40625 9.0 1.0 1.0 2.5 0.0 0.0 
35 -31.2861134612 11.9004998853 12.130894314 -3.14379563569 -66.4199981689 0.344377446165 -4.40625 9.0 1.0 1.0 2.5 0.0 0.0 
35 -31.3200561552 11.9740730212 12.130894314 -3.14379563569 -71.3300018311 0.344377446165 -4.40625 9.0 1.0 1.0 2.5 0.0 0.0 
35 -31.3898403222 12.1844983873 12.130894314 -3.14379563569 -71.5 0.344377446165 -4.40625 9.0 1.0 1.0 2.5 0.0 0.0 
35 -31.4626347489 12.3928901782 12.130894314 -3.14379563569 -60.7400016785 0.344377446165 -4.40625 9.0 1.0 1.0 2.5 0.0 0.0 
35 -31.4856262219 12.4407605186 12.130894314 -3.14379563569 -55.3800010681 0.344377446165 -4.40625 9.0 1.0 1.0 2.5 0.0 0.0 
35 -31.4761796418 12.4280561819 12.130894314 -3.14379563569 -44.5299987793 0.344377446165 -4.40625 9.0 1.0 1.0 2.5 0.0 0.0 
35 -31.4532685545 12.408995049 12.130894314 -3.14379563569 -37.7400016785 0.344377446165 -4.40625 9.0 1.0 1.0 2.5 0.0 0.0 
35 -31.4466824726 12.403802816 12.130894314 -3.14379563569 -36.4399986267 0.344377446165 -4.40625 9.0 1.0 1.0 2.5 0.0 0.0 
35 -31.4204863722 12.3843823094 12.130894314 -3.14379563569 -36.6699981689 0.344377446165 -4.40625 9.0 1.0 1.0 2.5 0.0 0.0 
35 -31.5272343938 12.4656534474 12.130894314 -3.14379563569 -38.3800010681 0.344377446165 -4.40625 9.0 1.0 1.0 2.5 0.0 0.0 
35 -31.5603522039 12.4913673857 12.130894314 -3.14379563569 -40.2099990845 0.344377446165 -4.40625 9.0 1.0 1.0 2.5 0.0 0.0 
35 -31.5617752601 12.4925703872 12.130894314 -3.14379563569 -42.8800010681 0.344377446165 -4.40625 9.0 1.0 1.0 2.5 0.0 0.0 
35 -31.646952073 12.5760070259 12.130894314 -3.14379563569 -50.4799995422 0.344377446165 -4.40625 9.0 1.0 1.0 2.5 0.0 0.0 
35 -31.6796288539 12.6154794288 12.130894314 -3.14379563569 -47.7799987793 0.344377446165 -4.40625 9.0 1.0 1.0 2.5 0.0 0.0 
35 -31.6077200094 12.5438314443 12.130894314 -3.14379563569 -43.5699996948 0.344377446165 -4.40625 9.0 1.0 1.0 2.5 0.0 0.0 
35 -31.4396951736 12.3838653231 12.130894314 -3.14379563569 -42.1500015259 0.344377446165 -4.40625 9.0 1.0 1.0 2.5 0.0 0.0 
35 -31.0621731403 12.0529397584 12.130894314 -3.14379563569 -37.8100013733 0.344377446165 -4.40625 9.0 1.0 1.0 2.5 0.0 0.0 
35 -30.2499965953 11.5482340747 12.130894314 -3.14379563569 -23.1000003815 0.344377446165 -4.40625 9.0 1.0 1.0 2.5 0.0 0.0 
35 -29.646854407 11.2906361798 12.130894314 -3.14379563569 -25.8199996948 0.344377446165 -4.40625 9.0 1.0 1.0 2.5 0.0 0.0 
35 -28.9686180466 10.9333760694 12.130894314 -3.14379563569 -30.0599994659 0.344377446165 -4.40625 9.0 1.0 1.0 2.5 0.0 0.0 
35 -28.5992903107 10.7196286153 12.130894314 -3.14379563569 -28.4500007629 0.344377446165 -4.40625 9.0 1.0 1.0 2.5 0.0 0.0 
35 -27.9436895702 10.3652186173 12.130894314 -3.14379563569 -40.4300003052 0.344377446165 -4.40625 9.0 1.0 1.0 2.5 0.0 0.0 
35 -28.1481500188 10.5828357374 12.130894314 -3.14379563569 -57.0499992371 0.344377446165 -4.40625 9.0 1.0 1.0 2.5 0.0 0.0 
35 -28.2578513598 10.7436573458 12.130894314 -3.14379563569 -60.3899993896 0.344377446165 -4.40625 9.0 1.0 1.0 2.5 0.0 0.0 
35 -28.3571390237 10.9143954258 12.130894314 -3.14379563569 -60.2299995422 0.344377446165 -4.40625 9.0 1.0 1.0 2.5 0.0 0.0 
35 -28.1582282272 10.5971261085 12.130894314 -3.14379563569 -52.6300010681 0.344377446165 -4.40625 9.0 1.0 1.0 2.5 0.0 0.0 
35 -27.8459471815 10.1874167537 12.130894314 -3.14379563569 -51.2700004578 0.344377446165 -4.40625 9.0 1.0 1.0 2.5 0.0 0.0 
35 -27.6837908804 9.99019266227 12.130894314 -3.14379563569 -56.6800003052 0.344377446165 -4.40625 9.0 1.0 1.0 2.5 0.0 0.0 
35 -27.8233747 10.214945575 12.130894314 -3.14379563569 -58.4199981689 0.344377446165 -4.40625 9.0 1.0 1.0 2.5 0.0 0.0 
35 -27.9255702905 10.3751616245 12.130894314 -3.14379563569 -52.8100013733 0.344377446165 -4.40625 9.0 1.0 1.0 2.5 0.0 0.0 
35 -27.8464248449 10.2726785027 12.130894314 -3.14379563569 -47.5099983215 0.344377446165 -4.40625 9.0 1.0 1.0 2.5 0.0 0.0 
35 -27.3987015543 9.87401590277 12.130894314 -3.14379563569 -37.2700004578 0.344377446165 -4.40625 9.0 1.0 1.0 2.5 0.0 0.0 
35 -26.9941263743 9.57977188409 12.130894314 -3.14379563569 -32.1500015259 0.344377446165 -4.40625 9.0 1.0 1.0 2.5 0.0 0.0 
35 -26.7386413126 9.4138375416 12.130894314 -3.14379563569 -28.7199993134 0.344377446165 -4.40625 9.0 1.0 1.0 2.5 0.0 0.0 
35 -26.1991254065 9.13585104435 12.130894314 -3.14379563569 -18.3199996948 0.344377446165 -4.40625 9.0 1.0 1.0 2.5 0.0 0.0 
35 -25.2459162471 8.87492431248 12.130894314 -3.14379563569 -8.94999980927 0.344377446165 -4.40625 9.0 1.0 1.0 2.5 0.0 0.0 
35 -24.5616123305 8.76430475344 12.130894314 -3.14379563569 -11.3999996185 0.344377446165 -4.40625 9.0 1.0 1.0 2.5 0.0 0.0 
35 -22.9369268582 8.30327396168 12.130894314 -3.14379563569 -21.1499996185 0.344377446165 -4.40625 9.0 1.0 1.0 2.5 0.0 0.0 
35 -22.0606678295 7.94062881248 12.130894314 -3.14379563569 -24.5499992371 0.344377446165 -4.40625 9.0 1.0 1.0 2.5 0.0 0.0 
35 -21.1712449362 7.51369705069 12.130894314 -3.14379563569 -27.2900009155 0.344377446165 -4.40625 9.0 1.0 1.0 2.5 0.0 0.0 
35 -20.7194936943 7.27779381513 12.130894314 -3.14379563569 -28.3999996185 0.344377446165 -4.40625 9.0 1.0 1.0 2.5 0.0 0.0 
35 -19.8697776977 6.80446498957 12.130894314 -3.14379563569 -30.5799999237 0.344377446165 -4.40625 9.0 1.0 1.0 2.5 0.0 0.0 
35 -18.987675513 6.24750882326 12.130894314 -3.14379563569 -36.8800010681 0.344377446165 -4.40625 9.0 1.0 1.0 2.5 0.0 0.0 
35 -18.1556925456 5.61043299824 12.130894314 -3.14379563569 -41.0900001526 0.344377446165 -4.40625 9.0 1.0 1.0 2.5 0.0 0.0 
35 -17.7477634948 5.26031428622 12.130894314 -3.14379563569 -42.7599983215 0.344377446165 -4.40625 9.0 1.0 1.0 2.5 0.0 0.0 
35 -16.9535748783 4.51650082307 12.130894314 -3.14379563569 -45.5099983215 0.344377446165 -4.40625 9.0 1.0 1.0 2.5 0.0 0.0 
35 -16.1786450367 3.71975544014 12.130894314 -3.14379563569 -47.6399993896 0.344377446165 -4.40625 9.0 1.0 1.0 2.5 0.0 0.0 
35 -15.7952972513 3.30269969027 12.130894314 -3.14379563569 -48.4900016785 0.344377446165 -4.40625 9.0 1.0 1.0 2.5 0.0 0.0 
35 -15.0418406824 2.44668117919 12.130894314 -3.14379563569 -49.4599990845 0.344377446165 -4.40625 9.0 1.0 1.0 2.5 0.0 0.0 
35 -14.6747237091 2.01526575678 12.130894314 -3.14379563569 -49.9900016785 0.344377446165 -4.40625 9.0 1.0 1.0 2.5 0.0 0.0 
35 -13.5529106011 0.661563172933 12.130894314 -3.14379563569 -50.1599998474 0.344377446165 -4.40625 9.0 1.0 1.0 2.5 0.0 0.0 
35 -12.7731228195 -0.217938899059 12.130894314 -3.14379563569 -43.9099998474 0.344377446165 -4.40625 9.0 1.0 1.0 2.5 0.0 0.0 
35 -12.3433172071 -0.611953806324 12.130894314 -3.14379563569 -34.4300003052 0.344377446165 -4.40625 9.0 1.0 1.0 2.5 0.0 0.0 
35 -11.3644898078 -1.23158102437 12.130894314 -3.14379563569 -16.9599990845 0.344377446165 -4.40625 9.0 1.0 1.0 2.5 0.0 0.0 
35 -10.2692351191 -1.51597138657 12.130894314 -3.14379563569 -7.21999979019 0.344377446165 -4.40625 9.0 1.0 1.0 2.5 0.0 0.0 
35 -9.71811819416 -1.51683708005 12.130894314 -3.14379563569 11.029999733 0.344377446165 -4.40625 9.0 1.0 1.0 2.5 0.0 0.0 
35 -8.66523274783 -1.27557777267 12.130894314 -3.14379563569 25.8799991608 0.344377446165 -4.40625 9.0 1.0 1.0 2.5 0.0 0.0 
35 -8.16659571471 -1.05149563891 12.130894314 -3.14379563569 31.8799991608 0.344377446165 -4.40625 9.0 1.0 1.0 2.5 0.0 0.0 
35 -7.26898115111 -0.464153173875 12.130894314 -3.14379563569 41.8400001526 0.344377446165 -4.40625 9.0 1.0 1.0 2.5 0.0 0.0 
35 -6.59778109877 0.155096067582 12.130894314 -3.14379563569 51.8199996948 0.344377446165 -4.40625 9.0 1.0 1.0 2.5 0.0 0.0 
35 -6.16981515342 0.811746013876 12.130894314 -3.14379563569 66.1399993896 0.344377446165 -4.40625 9.0 1.0 1.0 2.5 0.0 0.0 
35 -6.05582773941 1.10883368101 12.130894314 -3.14379563569 78.9700012207 0.344377446165 -4.40625 9.0 1.0 1.0 2.5 0.0 0.0 
35 -6.04856894982 1.58060782219 12.130894314 -3.14379563569 109.790000916 0.344377446165 -4.40625 9.0 1.0 1.0 2.5 0.0 0.0 
35 -6.181665063 1.82307125493 12.130894314 -3.14379563569 137.990005493 0.344377446165 -4.40625 9.0 1.0 1.0 2.5 0.0 0.0 
35 -6.34544181732 1.96146652254 12.130894314 -3.14379563569 153.979995728 0.344377446165 -4.40625 9.0 1.0 1.0 2.5 0.0 0.0 
35 -6.41612025042 1.99913263551 12.130894314 -3.14379563569 160.259994507 0.344377446165 -4.40625 9.0 1.0 1.0 2.5 0.0 0.0 
35 -6.34628989114 1.97816880776 12.130894314 -3.14379563569 176.039993286 0.344377446165 -4.40625 9.0 1.0 1.0 2.5 0.0 0.0 
35 -6.42694658737 1.98588972504 12.130894314 -3.14379563569 -175.470001221 0.344377446165 -4.40625 9.0 1.0 1.0 2.5 0.0 0.0 
35 -6.46846869496 1.99017673115 12.130894314 -3.14379563569 -164.61000061 0.344377446165 -4.40625 9.0 1.0 1.0 2.5 0.0 0.0 
35 -6.88007949828 1.88551761635 12.130894314 -3.14379563569 -169.100006104 0.344377446165 -4.40625 9.0 1.0 1.0 2.5 0.0 0.0 
35 -7.11023510089 1.84418606048 12.130894314 -3.14379563569 -171.800003052 0.344377446165 -4.40625 9.0 1.0 1.0 2.5 0.0 0.0 
35 -7.55413597702 1.78274025827 12.130894314 -3.14379563569 -169.589996338 0.344377446165 -4.40625 9.0 1.0 1.0 2.5 0.0 0.0 
35 -7.91851714608 1.69738934766 12.130894314 -3.14379563569 -158.559997559 0.344377446165 -4.40625 9.0 1.0 1.0 2.5 0.0 0.0 
35 -8.32746125336 1.46468572341 12.130894314 -3.14379563569 -137.240005493 0.344377446165 -4.40625 9.0 1.0 1.0 2.5 0.0 0.0 
35 -8.72812438715 1.07599996774 12.130894314 -3.14379563569 -128.729995728 0.344377446165 -4.40625 9.0 1.0 1.0 2.5 0.0 0.0 
35 -8.96208268791 0.783666328249 12.130894314 -3.14379563569 -125.809997559 0.344377446165 -4.40625 9.0 1.0 1.0 2.5 0.0 0.0 
35 -9.02028646162 0.703881590156 12.130894314 -3.14379563569 -131.429992676 0.344377446165 -4.40625 9.0 1.0 1.0 2.5 0.0 0.0 
35 -9.02167404874 0.696169462985 12.130894314 -3.14379563569 -153.550003052 0.344377446165 -4.40625 9.0 1.0 1.0 2.5 0.0 0.0 
35 -8.82927234313 0.734580581683 12.130894314 -3.14379563569 173.619995117 0.344377446165 -4.40625 9.0 1.0 1.0 2.5 0.0 0.0 
35 -8.66965465126 0.721202868987 12.130894314 -3.14379563569 168.300003052 0.344377446165 -4.40625 9.0 1.0 1.0 2.5 0.0 0.0 
35 -8.31685564986 0.640532230129 12.130894314 -3.14379563569 160.539993286 0.344377446165 -4.40625 9.0 1.0 1.0 2.5 0.0 0.0 
35 -8.02040063692 0.524060782372 12.130894314 -3.14379563569 154.679992676 0.344377446165 -4.40625 9.0 1.0 1.0 2.5 0.0 0.0 
35 -7.83374191867 0.426843868625 12.130894314 -3.14379563569 147.770004272 0.344377446165 -4.40625 9.0 1.0 1.0 2.5 0.0 0.0 
35 -7.70851910837 0.341038265227 12.130894314 -3.14379563569 141.710006714 0.344377446165 -4.40625 9.0 1.0 1.0 2.5 0.0 0.0 
35 -7.63608338036 0.282458031903 12.130894314 -3.14379563569 138.479995728 0.344377446165 -4.40625 9.0 1.0 1.0 2.5 0.0 0.0 
35 -7.60444052402 0.253557975841 12.130894314 -3.14379563569 135.279998779 0.344377446165 -4.40625 9.0 1.0 1.0 2.5 0.0 0.0 
35 -7.60770739848 0.256879581579 12.130894314 -3.14379563569 135.160003662 0.344377446165 -4.40625 9.0 1.0 1.0 2.5 0.0 0.0 
35 -7.62026837867 0.269353402884 12.130894314 -3.14379563569 135.330001831 0.344377446165 -4.40625 9.0 1.0 1.0 2.5 0.0 0.0 
35 -7.63617006717 0.285074334227 12.130894314 -3.14379563569 135.369995117 0.344377446165 -4.40625 9.0 1.0 1.0 2.5 0.0 0.0 
35 -7.64545478981 0.294236023425 12.130894314 -3.14379563569 135.589996338 0.344377446165 -4.40625 9.0 1.0 1.0 2.5 0.0 0.0 
35 -7.70806407288 0.355476327685 12.130894314 -3.14379563569 135.929992676 0.344377446165 -4.40625 9.0 1.0 1.0 2.5 0.0 0.0 
35 -7.73624664381 0.382624556672 12.130894314 -3.14379563569 136.149993896 0.344377446165 -4.40625 9.0 1.0 1.0 2.5 0.0 0.0 
35 -7.76581372944 0.411021407623 12.130894314 -3.14379563569 136.369995117 0.344377446165 -4.40625 9.0 1.0 1.0 2.5 0.0 0.0 
35 -7.78549424642 0.429534098961 12.130894314 -3.14379563569 138.720001221 0.344377446165 -4.40625 9.0 1.0 1.0 2.5 0.0 0.0 
35 -7.78620377599 0.430137955823 12.130894314 -3.14379563569 140.539993286 0.344377446165 -4.40625 9.0 1.0 1.0 2.5 0.0 0.0 
35 -7.78620377599 0.430137955823 12.130894314 -3.14379563569 140.0 0.344377446165 -4.40625 9.0 1.0 1.0 2.5 0.0 0.0 
35 -7.78620377599 0.430137955823 12.130894314 -3.14379563569 140.029998779 0.344377446165 -4.40625 9.0 1.0 1.0 2.5 0.0 0.0 
35 -7.78620377599 0.430137955823 12.130894314 -3.14379563569 140.029998779 0.344377446165 -4.40625 9.0 1.0 1.0 2.5 0.0 0.0 
35 -7.78620377599 0.430137955823 12.130894314 -3.14379563569 140.039993286 0.344377446165 -4.40625 9.0 1.0 1.0 2.5 0.0 0.0 
35 -7.78620377599 0.430137955823 12.130894314 -3.14379563569 140.020004272 0.344377446165 -4.40625 9.0 1.0 1.0 2.5 0.0 0.0 
35 -7.78620377599 0.430137955823 12.130894314 -3.14379563569 140.020004272 0.344377446165 -4.40625 9.0 1.0 1.0 2.5 0.0 0.0 
35 -7.81832842895 0.457079728325 12.130894314 -3.14379563569 140.089996338 0.344377446165 -4.40625 9.0 1.0 1.0 2.5 0.0 0.0 
35 -7.84484144779 0.479112605506 12.130894314 -3.14379563569 140.600006104 0.344377446165 -4.40625 9.0 1.0 1.0 2.5 0.0 0.0 
35 -7.85997308775 0.491516408747 12.130894314 -3.14379563569 140.820007324 0.344377446165 -4.40625 9.0 1.0 1.0 2.5 0.0 0.0 
35 -7.89543348831 0.520270590137 12.130894314 -3.14379563569 141.13999939 0.344377446165 -4.40625 9.0 1.0 1.0 2.5 0.0 0.0 
35 -7.94629958957 0.561089735279 12.130894314 -3.14379563569 141.330001831 0.344377446165 -4.40625 9.0 1.0 1.0 2.5 0.0 0.0 
35 -8.05138951738 0.644494620069 12.130894314 -3.14379563569 142.220001221 0.344377446165 -4.40625 9.0 1.0 1.0 2.5 0.0 0.0 
35 -8.11902961831 0.697146058883 12.130894314 -3.14379563569 142.729995728 0.344377446165 -4.40625 9.0 1.0 1.0 2.5 0.0 0.0 
35 -8.28473494129 0.822481466153 12.130894314 -3.14379563569 143.869995117 0.344377446165 -4.40625 9.0 1.0 1.0 2.5 0.0 0.0 
35 -8.42641555438 0.92547092253 12.130894314 -3.14379563569 144.919998169 0.344377446165 -4.40625 9.0 1.0 1.0 2.5 0.0 0.0 
35 -8.55955349501 1.01796775961 12.130894314 -3.14379563569 145.740005493 0.344377446165 -4.40625 9.0 1.0 1.0 2.5 0.0 0.0 
35 -8.69255485557 1.10736173091 12.130894314 -3.14379563569 146.550003052 0.344377446165 -4.40625 9.0 1.0 1.0 2.5 0.0 0.0 
35 -8.71822063239 1.12429103515 12.130894314 -3.14379563569 146.699996948 0.344377446165 -4.40625 9.0 1.0 1.0 2.5 0.0 0.0 
35 -8.77127450376 1.15892125734 12.130894314 -3.14379563569 146.940002441 0.344377446165 -4.40625 9.0 1.0 1.0 2.5 0.0 0.0 
35 -8.84299906814 1.20585708028 12.130894314 -3.14379563569 146.789993286 0.344377446165 -4.40625 9.0 1.0 1.0 2.5 0.0 0.0 
35 -8.96538723229 1.28597149761 12.130894314 -3.14379563569 146.690002441 0.344377446165 -4.40625 9.0 1.0 1.0 2.5 0.0 0.0 
35 -9.03619752918 1.33260228674 12.130894314 -3.14379563569 146.490005493 0.344377446165 -4.40625 9.0 1.0 1.0 2.5 0.0 0.0 
35 -9.10609363559 1.37892654305 12.130894314 -3.14379563569 146.259994507 0.344377446165 -4.40625 9.0 1.0 1.0 2.5 0.0 0.0 
35 -9.14020034495 1.40167133084 12.130894314 -3.14379563569 145.940002441 0.344377446165 -4.40625 9.0 1.0 1.0 2.5 0.0 0.0 
35 -9.21483445902 1.45263326872 12.130894314 -3.14379563569 144.399993896 0.344377446165 -4.40625 9.0 1.0 1.0 2.5 0.0 0.0 
35 -9.30136112389 1.51737490206 12.130894314 -3.14379563569 141.839996338 0.344377446165 -4.40625 9.0 1.0 1.0 2.5 0.0 0.0 
35 -9.42908360233 1.61872372529 12.130894314 -3.14379563569 141.339996338 0.344377446165 -4.40625 9.0 1.0 1.0 2.5 0.0 0.0 
35 -9.62748478857 1.77788932194 12.130894314 -3.14379563569 141.070007324 0.344377446165 -4.40625 9.0 1.0 1.0 2.5 0.0 0.0 
35 -9.74995537964 1.87685417928 12.130894314 -3.14379563569 140.929992676 0.344377446165 -4.40625 9.0 1.0 1.0 2.5 0.0 0.0 
35 -9.8684199889 1.9733620172 12.130894314 -3.14379563569 140.419998169 0.344377446165 -4.40625 9.0 1.0 1.0 2.5 0.0 0.0 
35 -9.92872685604 2.02324396499 12.130894314 -3.14379563569 140.149993896 0.344377446165 -4.40625 9.0 1.0 1.0 2.5 0.0 0.0 
35 -9.95162124047 2.0423425572 12.130894314 -3.14379563569 140.190002441 0.344377446165 -4.40625 9.0 1.0 1.0 2.5 0.0 0.0 
35 -9.9924104542 2.0763516139 12.130894314 -3.14379563569 140.300003052 0.344377446165 -4.40625 9.0 1.0 1.0 2.5 0.0 0.0 
35 -9.9924104542 2.0763516139 12.130894314 -3.14379563569 140.279998779 0.344377446165 -4.40625 9.0 1.0 1.0 2.5 0.0 0.0 
35 -9.9924104542 2.0763516139 12.130894314 -3.14379563569 140.160003662 0.344377446165 -4.40625 9.0 1.0 1.0 2.5 0.0 0.0 
35 -9.9924104542 2.0763516139 12.130894314 -3.14379563569 140.179992676 0.344377446165 -4.40625 9.0 1.0 1.0 2.5 0.0 0.0 
35 -9.9924104542 2.0763516139 12.130894314 -3.14379563569 139.649993896 0.344377446165 -4.40625 9.0 1.0 1.0 2.5 0.0 0.0 
35 -9.9924104542 2.0763516139 12.130894314 -3.14379563569 138.839996338 0.344377446165 -4.40625 9.0 1.0 1.0 2.5 0.0 0.0 
35 -9.9924104542 2.0763516139 12.130894314 -3.14379563569 134.36000061 0.344377446165 -4.40625 9.0 1.0 1.0 2.5 0.0 0.0 
35 -9.9924104542 2.0763516139 12.130894314 -3.14379563569 131.649993896 0.344377446165 -4.40625 9.0 1.0 1.0 2.5 0.0 0.0 
35 -9.9924104542 2.0763516139 12.130894314 -3.14379563569 131.330001831 0.344377446165 -4.40625 9.0 1.0 1.0 2.5 0.0 0.0 
35 -9.9924104542 2.0763516139 12.130894314 -3.14379563569 131.779998779 0.344377446165 -4.40625 9.0 1.0 1.0 2.5 0.0 0.0 
35 -9.9924104542 2.0763516139 12.130894314 -3.14379563569 132.039993286 0.344377446165 -4.40625 9.0 1.0 1.0 2.5 0.0 0.0 
35 -9.9924104542 2.0763516139 12.130894314 -3.14379563569 132.119995117 0.344377446165 -4.40625 9.0 1.0 1.0 2.5 0.0 0.0 
35 -9.9924104542 2.0763516139 12.130894314 -3.14379563569 132.570007324 0.344377446165 -4.40625 9.0 1.0 1.0 2.5 0.0 0.0 
35 -9.9924104542 2.0763516139 12.130894314 -3.14379563569 133.190002441 0.344377446165 -4.40625 9.0 1.0 1.0 2.5 0.0 0.0 
35 -9.9924104542 2.0763516139 12.130894314 -3.14379563569 133.88999939 0.344377446165 -4.40625 9.0 1.0 1.0 2.5 0.0 0.0 
35 -9.9924104542 2.0763516139 12.130894314 -3.14379563569 134.919998169 0.344377446165 -4.40625 9.0 1.0 1.0 2.5 0.0 0.0 
35 -9.9924104542 2.0763516139 12.130894314 -3.14379563569 135.460006714 0.344377446165 -4.40625 9.0 1.0 1.0 2.5 0.0 0.0 
35 -9.9924104542 2.0763516139 12.130894314 -3.14379563569 137.309997559 0.344377446165 -4.40625 9.0 1.0 1.0 2.5 0.0 0.0 
35 -9.9924104542 2.0763516139 12.130894314 -3.14379563569 139.520004272 0.344377446165 -4.40625 9.0 1.0 1.0 2.5 0.0 0.0 
35 -9.9924104542 2.0763516139 12.130894314 -3.14379563569 140.970001221 0.344377446165 -4.40625 9.0 1.0 1.0 2.5 0.0 0.0 
35 -9.9924104542 2.0763516139 12.130894314 -3.14379563569 146.470001221 0.344377446165 -4.40625 9.0 1.0 1.0 2.5 0.0 0.0 
35 -9.9924104542 2.0763516139 12.130894314 -3.14379563569 154.070007324 0.344377446165 -4.40625 9.0 1.0 1.0 2.5 0.0 0.0 
35 -9.9924104542 2.0763516139 12.130894314 -3.14379563569 162.279998779 0.344377446165 -4.40625 9.0 1.0 1.0 2.5 0.0 0.0 
35 -9.9924104542 2.0763516139 12.130894314 -3.14379563569 167.089996338 0.344377446165 -4.40625 9.0 1.0 1.0 2.5 0.0 0.0 
35 -9.9924104542 2.0763516139 12.130894314 -3.14379563569 165.320007324 0.344377446165 -4.40625 9.0 1.0 1.0 2.5 0.0 0.0 
35 -9.9924104542 2.0763516139 12.130894314 -3.14379563569 -179.130004883 0.344377446165 -4.40625 9.0 1.0 1.0 2.5 0.0 0.0 
35 -9.9924104542 2.0763516139 12.130894314 -3.14379563569 -154.619995117 0.344377446165 -4.40625 9.0 1.0 1.0 2.5 0.0 0.0 
35 -9.9924104542 2.0763516139 12.130894314 -3.14379563569 -157.399993896 0.344377446165 -4.40625 9.0 1.0 1.0 2.5 0.0 0.0 
35 -9.9924104542 2.0763516139 12.130894314 -3.14379563569 -146.449996948 0.344377446165 -4.40625 9.0 1.0 1.0 2.5 0.0 0.0 
35 -9.9924104542 2.0763516139 12.130894314 -3.14379563569 -144.809997559 0.344377446165 -4.40625 9.0 1.0 1.0 2.5 0.0 0.0 
35 -9.9924104542 2.0763516139 12.130894314 -3.14379563569 -151.720001221 0.344377446165 -4.40625 9.0 1.0 1.0 2.5 0.0 0.0 
35 -9.9924104542 2.0763516139 12.130894314 -3.14379563569 -162.350006104 0.344377446165 -4.40625 9.0 1.0 1.0 2.5 0.0 0.0 
35 -9.9924104542 2.0763516139 12.130894314 -3.14379563569 -160.559997559 0.344377446165 -4.40625 9.0 1.0 1.0 2.5 0.0 0.0 
35 -9.9924104542 2.0763516139 12.130894314 -3.14379563569 -152.660003662 0.344377446165 -4.40625 9.0 1.0 1.0 2.5 0.0 0.0 
35 -9.9924104542 2.0763516139 12.130894314 -3.14379563569 -155.410003662 0.344377446165 -4.40625 9.0 1.0 1.0 2.5 0.0 0.0 
35 -9.9924104542 2.0763516139 12.130894314 -3.14379563569 -167.009994507 0.344377446165 -4.40625 9.0 1.0 1.0 2.5 0.0 0.0 
35 -9.9924104542 2.0763516139 12.130894314 -3.14379563569 -146.899993896 0.344377446165 -4.40625 9.0 1.0 1.0 2.5 0.0 0.0 
35 -9.9924104542 2.0763516139 12.130894314 -3.14379563569 -127.339996338 0.344377446165 -4.40625 9.0 1.0 1.0 2.5 0.0 0.0 
35 -9.9924104542 2.0763516139 12.130894314 -3.14379563569 -125.800003052 0.344377446165 -4.40625 9.0 1.0 1.0 2.5 0.0 0.0 
35 -9.9924104542 2.0763516139 12.130894314 -3.14379563569 -123.349998474 0.344377446165 -4.40625 9.0 1.0 1.0 2.5 0.0 0.0 
35 -9.9924104542 2.0763516139 12.130894314 -3.14379563569 -111.069999695 0.344377446165 -4.40625 9.0 1.0 1.0 2.5 0.0 0.0 
35 -9.9924104542 2.0763516139 12.130894314 -3.14379563569 -109.550003052 0.344377446165 -4.40625 9.0 1.0 1.0 2.5 0.0 0.0 
35 -9.9924104542 2.0763516139 12.130894314 -3.14379563569 -114.599998474 0.344377446165 -4.40625 9.0 1.0 1.0 2.5 0.0 0.0 
35 -9.9924104542 2.0763516139 12.130894314 -3.14379563569 -131.630004883 0.344377446165 -4.40625 9.0 1.0 1.0 2.5 0.0 0.0 
35 -9.9924104542 2.0763516139 12.130894314 -3.14379563569 -123.220001221 0.344377446165 -4.40625 9.0 1.0 1.0 2.5 0.0 0.0 
35 -9.9924104542 2.0763516139 12.130894314 -3.14379563569 -99.3000030518 0.344377446165 -4.40625 9.0 1.0 1.0 2.5 0.0 0.0 
35 -9.9924104542 2.0763516139 12.130894314 -3.14379563569 -86.4899978638 0.344377446165 -4.40625 9.0 1.0 1.0 2.5 0.0 0.0 
35 -9.9924104542 2.0763516139 12.130894314 -3.14379563569 -89.4199981689 0.344377446165 -4.40625 9.0 1.0 1.0 2.5 0.0 0.0 
35 -9.9924104542 2.0763516139 12.130894314 -3.14379563569 -96.2099990845 0.344377446165 -4.40625 9.0 1.0 1.0 2.5 0.0 0.0 
35 -9.9924104542 2.0763516139 12.130894314 -3.14379563569 -103.86000061 0.344377446165 -4.40625 9.0 1.0 1.0 2.5 0.0 0.0 
35 -9.9924104542 2.0763516139 12.130894314 -3.14379563569 -113.269996643 0.344377446165 -4.40625 9.0 1.0 1.0 2.5 0.0 0.0 
35 -9.9924104542 2.0763516139 12.130894314 -3.14379563569 -124.86000061 0.344377446165 -4.40625 9.0 1.0 1.0 2.5 0.0 0.0 
35 -9.9924104542 2.0763516139 12.130894314 -3.14379563569 -134.059997559 0.344377446165 -4.40625 9.0 1.0 1.0 2.5 0.0 0.0 
35 -9.9924104542 2.0763516139 12.130894314 -3.14379563569 -143.800003052 0.344377446165 -4.40625 9.0 1.0 1.0 2.5 0.0 0.0 
35 -9.9924104542 2.0763516139 12.130894314 -3.14379563569 -145.259994507 0.344377446165 -4.40625 9.0 1.0 1.0 2.5 0.0 0.0 
35 -9.9924104542 2.0763516139 12.130894314 -3.14379563569 -139.539993286 0.344377446165 -4.40625 9.0 1.0 1.0 2.5 0.0 0.0 
35 -9.9924104542 2.0763516139 12.130894314 -3.14379563569 -129.210006714 0.344377446165 -4.40625 9.0 1.0 1.0 2.5 0.0 0.0 
35 -9.9924104542 2.0763516139 12.130894314 -3.14379563569 -121.540000916 0.344377446165 -4.40625 9.0 1.0 1.0 2.5 0.0 0.0 
35 -9.9924104542 2.0763516139 12.130894314 -3.14379563569 -120.519996643 0.344377446165 -4.40625 9.0 1.0 1.0 2.5 0.0 0.0 
35 -9.9924104542 2.0763516139 12.130894314 -3.14379563569 -124.440002441 0.344377446165 -4.40625 9.0 1.0 1.0 2.5 0.0 0.0 
35 -9.9924104542 2.0763516139 12.130894314 -3.14379563569 -130.449996948 0.344377446165 -4.40625 9.0 1.0 1.0 2.5 0.0 0.0 
35 -9.9924104542 2.0763516139 12.130894314 -3.14379563569 -137.339996338 0.344377446165 -4.40625 9.0 1.0 1.0 2.5 0.0 0.0 
35 -9.9924104542 2.0763516139 12.130894314 -3.14379563569 -141.880004883 0.344377446165 -4.40625 9.0 1.0 1.0 2.5 0.0 0.0 
35 -9.9924104542 2.0763516139 12.130894314 -3.14379563569 -142.75 0.344377446165 -4.40625 9.0 1.0 1.0 2.5 0.0 0.0 
35 -9.9924104542 2.0763516139 12.130894314 -3.14379563569 -136.729995728 0.344377446165 -4.40625 9.0 1.0 1.0 2.5 0.0 0.0 
35 -9.9924104542 2.0763516139 12.130894314 -3.14379563569 -125.910003662 0.344377446165 -4.40625 9.0 1.0 1.0 2.5 0.0 0.0 
35 -9.9924104542 2.0763516139 12.130894314 -3.14379563569 -122.220001221 0.344377446165 -4.40625 9.0 1.0 1.0 2.5 0.0 0.0 
35 -9.9924104542 2.0763516139 12.130894314 -3.14379563569 -120.839996338 0.344377446165 -4.40625 9.0 1.0 1.0 2.5 0.0 0.0 
35 -9.9924104542 2.0763516139 12.130894314 -3.14379563569 -125.529998779 0.344377446165 -4.40625 9.0 1.0 1.0 2.5 0.0 0.0 
35 -9.9924104542 2.0763516139 12.130894314 -3.14379563569 -133.080001831 0.344377446165 -4.40625 9.0 1.0 1.0 2.5 0.0 0.0 
35 -9.9924104542 2.0763516139 12.130894314 -3.14379563569 -139.289993286 0.344377446165 -4.40625 9.0 1.0 1.0 2.5 0.0 0.0 
35 -9.9924104542 2.0763516139 12.130894314 -3.14379563569 -139.820007324 0.344377446165 -4.40625 9.0 1.0 1.0 2.5 0.0 0.0 
35 -9.9924104542 2.0763516139 12.130894314 -3.14379563569 -137.919998169 0.344377446165 -4.40625 9.0 1.0 1.0 2.5 0.0 0.0 
35 -9.9924104542 2.0763516139 12.130894314 -3.14379563569 -131.949996948 0.344377446165 -4.40625 9.0 1.0 1.0 2.5 0.0 0.0 
35 -9.9924104542 2.0763516139 12.130894314 -3.14379563569 -128.919998169 0.344377446165 -4.40625 9.0 1.0 1.0 2.5 0.0 0.0 
35 -9.9924104542 2.0763516139 12.130894314 -3.14379563569 -124.279998779 0.344377446165 -4.40625 9.0 1.0 1.0 2.5 0.0 0.0 
35 -9.9924104542 2.0763516139 12.130894314 -3.14379563569 -122.410003662 0.344377446165 -4.40625 9.0 1.0 1.0 2.5 0.0 0.0 
35 -9.9924104542 2.0763516139 12.130894314 -3.14379563569 -123.629997253 0.344377446165 -4.40625 9.0 1.0 1.0 2.5 0.0 0.0 
35 -9.9924104542 2.0763516139 12.130894314 -3.14379563569 -125.13999939 0.344377446165 -4.40625 9.0 1.0 1.0 2.5 0.0 0.0 
35 -9.9924104542 2.0763516139 12.130894314 -3.14379563569 -129.419998169 0.344377446165 -4.40625 9.0 1.0 1.0 2.5 0.0 0.0 
35 -9.9924104542 2.0763516139 12.130894314 -3.14379563569 -134.289993286 0.344377446165 -4.40625 9.0 1.0 1.0 2.5 0.0 0.0 
35 -9.9924104542 2.0763516139 12.130894314 -3.14379563569 -137.669998169 0.344377446165 -4.40625 9.0 1.0 1.0 2.5 0.0 0.0 
35 -9.9924104542 2.0763516139 12.130894314 -3.14379563569 -137.940002441 0.344377446165 -4.40625 9.0 1.0 1.0 2.5 0.0 0.0 
35 -9.9924104542 2.0763516139 12.130894314 -3.14379563569 -134.979995728 0.344377446165 -4.40625 9.0 1.0 1.0 2.5 0.0 0.0 
35 -9.9924104542 2.0763516139 12.130894314 -3.14379563569 -129.630004883 0.344377446165 -4.40625 9.0 1.0 1.0 2.5 0.0 0.0 
35 -9.9924104542 2.0763516139 12.130894314 -3.14379563569 -125.11000061 0.344377446165 -4.40625 9.0 1.0 1.0 2.5 0.0 0.0 
35 -9.9924104542 2.0763516139 12.130894314 -3.14379563569 -122.819999695 0.344377446165 -4.40625 9.0 1.0 1.0 2.5 0.0 0.0 
35 -9.9924104542 2.0763516139 12.130894314 -3.14379563569 -123.190002441 0.344377446165 -4.40625 9.0 1.0 1.0 2.5 0.0 0.0 
35 -9.9924104542 2.0763516139 12.130894314 -3.14379563569 -124.370002747 0.344377446165 -4.40625 9.0 1.0 1.0 2.5 0.0 0.0 
35 -9.9924104542 2.0763516139 12.130894314 -3.14379563569 -131.020004272 0.344377446165 -4.40625 9.0 1.0 1.0 2.5 0.0 0.0 
35 -9.9924104542 2.0763516139 12.130894314 -3.14379563569 -134.830001831 0.344377446165 -4.40625 9.0 1.0 1.0 2.5 0.0 0.0 
35 -9.9924104542 2.0763516139 12.130894314 -3.14379563569 -135.490005493 0.344377446165 -4.40625 9.0 1.0 1.0 2.5 0.0 0.0 
35 -9.9924104542 2.0763516139 12.130894314 -3.14379563569 -134.100006104 0.344377446165 -4.40625 9.0 1.0 1.0 2.5 0.0 0.0 
35 -9.9924104542 2.0763516139 12.130894314 -3.14379563569 -132.429992676 0.344377446165 -4.40625 9.0 1.0 1.0 2.5 0.0 0.0 
35 -9.9924104542 2.0763516139 12.130894314 -3.14379563569 -128.559997559 0.344377446165 -4.40625 9.0 1.0 1.0 2.5 0.0 0.0 
35 -9.9924104542 2.0763516139 12.130894314 -3.14379563569 -125.319999695 0.344377446165 -4.40625 9.0 1.0 1.0 2.5 0.0 0.0 
35 -9.9924104542 2.0763516139 12.130894314 -3.14379563569 -123.900001526 0.344377446165 -4.40625 9.0 1.0 1.0 2.5 0.0 0.0 
35 -9.9924104542 2.0763516139 12.130894314 -3.14379563569 -124.819999695 0.344377446165 -4.40625 9.0 1.0 1.0 2.5 0.0 0.0 
35 -9.9924104542 2.0763516139 12.130894314 -3.14379563569 -127.760002136 0.344377446165 -4.40625 9.0 1.0 1.0 2.5 0.0 0.0 
35 -9.9924104542 2.0763516139 12.130894314 -3.14379563569 -131.339996338 0.344377446165 -4.40625 9.0 1.0 1.0 2.5 0.0 0.0 
35 -9.9924104542 2.0763516139 12.130894314 -3.14379563569 -133.649993896 0.344377446165 -4.40625 9.0 1.0 1.0 2.5 0.0 0.0 
35 -9.9924104542 2.0763516139 12.130894314 -3.14379563569 -131.850006104 0.344377446165 -4.40625 9.0 1.0 1.0 2.5 0.0 0.0 
35 -9.9924104542 2.0763516139 12.130894314 -3.14379563569 -128.759994507 0.344377446165 -4.40625 9.0 1.0 1.0 2.5 0.0 0.0 
35 -9.9924104542 2.0763516139 12.130894314 -3.14379563569 -126.040000916 0.344377446165 -4.40625 9.0 1.0 1.0 2.5 0.0 0.0 
35 -9.9924104542 2.0763516139 12.130894314 -3.14379563569 -125.209999084 0.344377446165 -4.40625 9.0 1.0 1.0 2.5 0.0 0.0 
35 -9.9924104542 2.0763516139 12.130894314 -3.14379563569 -126.449996948 0.344377446165 -4.40625 9.0 1.0 1.0 2.5 0.0 0.0 
35 -9.9924104542 2.0763516139 12.130894314 -3.14379563569 -127.660003662 0.344377446165 -4.40625 9.0 1.0 1.0 2.5 0.0 0.0 
35 -9.9924104542 2.0763516139 12.130894314 -3.14379563569 -130.229995728 0.344377446165 -4.40625 9.0 1.0 1.0 2.5 0.0 0.0 
35 -9.9924104542 2.0763516139 12.130894314 -3.14379563569 -130.229995728 0.344377446165 -4.40625 9.0 1.0 1.0 2.5 0.0 0.0 
35 -9.9924104542 2.0763516139 12.130894314 -3.14379563569 -131.690002441 0.344377446165 -4.40625 9.0 1.0 1.0 2.5 0.0 0.0 
35 -9.9924104542 2.0763516139 12.130894314 -3.14379563569 -131.050003052 0.344377446165 -4.40625 9.0 1.0 1.0 2.5 0.0 0.0 
35 -9.9924104542 2.0763516139 12.130894314 -3.14379563569 -128.839996338 0.344377446165 -4.40625 9.0 1.0 1.0 2.5 0.0 0.0 
