# visionSample, x, y, visX, visY, angle, rawDist, rawAngle, distM, distC, angleC, angleM, distRSquared, angleRSquared
219 -0.011936867042 0.00205327389933 12.7041234213 -0.352694935019 -9.42000007629 0.247052942201 0.859375 9.0 1.0 1.0 2.5 0.0 0.0 
219 -0.011936867042 0.00205327389933 12.7041234213 -0.352694935019 -9.42000007629 0.247052942201 0.859375 9.0 1.0 1.0 2.5 0.0 0.0 
219 -0.011936867042 0.00205327389933 12.7041234213 -0.352694935019 -9.40999984741 0.247052942201 0.859375 9.0 1.0 1.0 2.5 0.0 0.0 
219 -0.011936867042 0.00205327389933 12.7041234213 -0.352694935019 -9.42000007629 0.247052942201 0.859375 9.0 1.0 1.0 2.5 0.0 0.0 
219 -0.011936867042 0.00205327389933 12.7041234213 -0.352694935019 -9.42000007629 0.247052942201 0.859375 9.0 1.0 1.0 2.5 0.0 0.0 
219 -0.011936867042 0.00205327389933 12.7041234213 -0.352694935019 -9.40999984741 0.247052942201 0.859375 9.0 1.0 1.0 2.5 0.0 0.0 
219 -0.011936867042 0.00205327389933 12.7041234213 -0.352694935019 -9.40999984741 0.247052942201 0.859375 9.0 1.0 1.0 2.5 0.0 0.0 
219 -0.011936867042 0.00205327389933 12.7041234213 -0.352694935019 -9.40999984741 0.247052942201 0.859375 9.0 1.0 1.0 2.5 0.0 0.0 
219 -0.011936867042 0.00205327389933 12.7041234213 -0.352694935019 -9.42000007629 0.247052942201 0.859375 9.0 1.0 1.0 2.5 0.0 0.0 
219 -0.011936867042 0.00205327389933 12.7041234213 -0.352694935019 -9.40999984741 0.247052942201 0.859375 9.0 1.0 1.0 2.5 0.0 0.0 
219 -0.011936867042 0.00205327389933 12.7041234213 -0.352694935019 -9.40999984741 0.247052942201 0.859375 9.0 1.0 1.0 2.5 0.0 0.0 
219 -0.011936867042 0.00205327389933 12.7041234213 -0.352694935019 -9.42000007629 0.247052942201 0.859375 9.0 1.0 1.0 2.5 0.0 0.0 
219 -0.011936867042 0.00205327389933 12.7041234213 -0.352694935019 -9.40999984741 0.247052942201 0.859375 9.0 1.0 1.0 2.5 0.0 0.0 
219 -0.011936867042 0.00205327389933 12.7041234213 -0.352694935019 -9.40999984741 0.247052942201 0.859375 9.0 1.0 1.0 2.5 0.0 0.0 
219 -0.011936867042 0.00205327389933 12.7041234213 -0.352694935019 -9.40999984741 0.247052942201 0.859375 9.0 1.0 1.0 2.5 0.0 0.0 
219 -0.011936867042 0.00205327389933 12.7041234213 -0.352694935019 -9.40999984741 0.247052942201 0.859375 9.0 1.0 1.0 2.5 0.0 0.0 
219 -0.011936867042 0.00205327389933 12.7041234213 -0.352694935019 -9.39999961853 0.247052942201 0.859375 9.0 1.0 1.0 2.5 0.0 0.0 
219 -0.011936867042 0.00205327389933 12.7041234213 -0.352694935019 -9.40999984741 0.247052942201 0.859375 9.0 1.0 1.0 2.5 0.0 0.0 
219 -0.011936867042 0.00205327389933 12.7041234213 -0.352694935019 -9.39999961853 0.247052942201 0.859375 9.0 1.0 1.0 2.5 0.0 0.0 
219 -0.011936867042 0.00205327389933 12.7041234213 -0.352694935019 -9.39999961853 0.247052942201 0.859375 9.0 1.0 1.0 2.5 0.0 0.0 
219 -0.011936867042 0.00205327389933 12.7041234213 -0.352694935019 -9.39999961853 0.247052942201 0.859375 9.0 1.0 1.0 2.5 0.0 0.0 
219 -0.011936867042 0.00205327389933 12.7041234213 -0.352694935019 -9.39000034332 0.247052942201 0.859375 9.0 1.0 1.0 2.5 0.0 0.0 
219 -0.011936867042 0.00205327389933 12.7041234213 -0.352694935019 -9.39000034332 0.247052942201 0.859375 9.0 1.0 1.0 2.5 0.0 0.0 
219 -0.011936867042 0.00205327389933 12.7041234213 -0.352694935019 -9.39000034332 0.247052942201 0.859375 9.0 1.0 1.0 2.5 0.0 0.0 
219 -0.011936867042 0.00205327389933 12.7041234213 -0.352694935019 -9.39000034332 0.247052942201 0.859375 9.0 1.0 1.0 2.5 0.0 0.0 
219 -0.011936867042 0.00205327389933 12.7041234213 -0.352694935019 -9.39000034332 0.247052942201 0.859375 9.0 1.0 1.0 2.5 0.0 0.0 
219 -0.011936867042 0.00205327389933 12.7041234213 -0.352694935019 -9.39000034332 0.247052942201 0.859375 9.0 1.0 1.0 2.5 0.0 0.0 
219 -0.011936867042 0.00205327389933 12.7041234213 -0.352694935019 -9.39000034332 0.247052942201 0.859375 9.0 1.0 1.0 2.5 0.0 0.0 
219 -0.011936867042 0.00205327389933 12.7041234213 -0.352694935019 -9.39000034332 0.247052942201 0.859375 9.0 1.0 1.0 2.5 0.0 0.0 
219 -0.011936867042 0.00205327389933 12.7041234213 -0.352694935019 -9.38000011444 0.247052942201 0.859375 9.0 1.0 1.0 2.5 0.0 0.0 
219 -0.011936867042 0.00205327389933 12.7041234213 -0.352694935019 -9.40999984741 0.247052942201 0.859375 9.0 1.0 1.0 2.5 0.0 0.0 
219 -0.011936867042 0.00205327389933 12.7041234213 -0.352694935019 -9.42000007629 0.247052942201 0.859375 9.0 1.0 1.0 2.5 0.0 0.0 
219 -0.011936867042 0.00205327389933 12.7041234213 -0.352694935019 -9.43000030518 0.247052942201 0.859375 9.0 1.0 1.0 2.5 0.0 0.0 
219 -0.011936867042 0.00205327389933 12.7041234213 -0.352694935019 -9.44999980927 0.247052942201 0.859375 9.0 1.0 1.0 2.5 0.0 0.0 
219 -0.011936867042 0.00205327389933 12.7041234213 -0.352694935019 -9.44999980927 0.247052942201 0.859375 9.0 1.0 1.0 2.5 0.0 0.0 
219 -0.011936867042 0.00205327389933 12.7041234213 -0.352694935019 -9.42000007629 0.247052942201 0.859375 9.0 1.0 1.0 2.5 0.0 0.0 
219 -0.011936867042 0.00205327389933 12.7041234213 -0.352694935019 -9.39999961853 0.247052942201 0.859375 9.0 1.0 1.0 2.5 0.0 0.0 
219 -0.011936867042 0.00205327389933 12.7041234213 -0.352694935019 -9.40999984741 0.247052942201 0.859375 9.0 1.0 1.0 2.5 0.0 0.0 
219 -0.011936867042 0.00205327389933 12.7041234213 -0.352694935019 -9.43000030518 0.247052942201 0.859375 9.0 1.0 1.0 2.5 0.0 0.0 
219 -0.011936867042 0.00205327389933 12.7041234213 -0.352694935019 -9.44999980927 0.247052942201 0.859375 9.0 1.0 1.0 2.5 0.0 0.0 
219 -0.011936867042 0.00205327389933 12.7041234213 -0.352694935019 -9.46000003815 0.247052942201 0.859375 9.0 1.0 1.0 2.5 0.0 0.0 
219 -0.011936867042 0.00205327389933 12.7041234213 -0.352694935019 -9.44999980927 0.247052942201 0.859375 9.0 1.0 1.0 2.5 0.0 0.0 
219 -0.011936867042 0.00205327389933 12.7041234213 -0.352694935019 -9.46000003815 0.247052942201 0.859375 9.0 1.0 1.0 2.5 0.0 0.0 
219 -0.011936867042 0.00205327389933 12.7041234213 -0.352694935019 -9.44999980927 0.247052942201 0.859375 9.0 1.0 1.0 2.5 0.0 0.0 
219 -0.011936867042 0.00205327389933 12.7041234213 -0.352694935019 -9.43000030518 0.247052942201 0.859375 9.0 1.0 1.0 2.5 0.0 0.0 
219 -0.011936867042 0.00205327389933 12.7041234213 -0.352694935019 -9.43000030518 0.247052942201 0.859375 9.0 1.0 1.0 2.5 0.0 0.0 
219 -0.011936867042 0.00205327389933 12.7041234213 -0.352694935019 -9.43000030518 0.247052942201 0.859375 9.0 1.0 1.0 2.5 0.0 0.0 
219 -0.011936867042 0.00205327389933 12.7041234213 -0.352694935019 -9.44999980927 0.247052942201 0.859375 9.0 1.0 1.0 2.5 0.0 0.0 
219 -0.011936867042 0.00205327389933 12.7041234213 -0.352694935019 -9.39999961853 0.247052942201 0.859375 9.0 1.0 1.0 2.5 0.0 0.0 
219 -0.011936867042 0.00205327389933 12.7041234213 -0.352694935019 -9.39999961853 0.247052942201 0.859375 9.0 1.0 1.0 2.5 0.0 0.0 
219 -0.011936867042 0.00205327389933 12.7041234213 -0.352694935019 -9.42000007629 0.247052942201 0.859375 9.0 1.0 1.0 2.5 0.0 0.0 
219 -0.011936867042 0.00205327389933 12.7041234213 -0.352694935019 -9.46000003815 0.247052942201 0.859375 9.0 1.0 1.0 2.5 0.0 0.0 
219 -0.011936867042 0.00205327389933 12.7041234213 -0.352694935019 -9.47999954224 0.247052942201 0.859375 9.0 1.0 1.0 2.5 0.0 0.0 
219 -0.011936867042 0.00205327389933 12.7041234213 -0.352694935019 -9.52999973297 0.247052942201 0.859375 9.0 1.0 1.0 2.5 0.0 0.0 
219 -0.011936867042 0.00205327389933 12.7041234213 -0.352694935019 -9.61999988556 0.247052942201 0.859375 9.0 1.0 1.0 2.5 0.0 0.0 
219 -0.011936867042 0.00205327389933 12.7041234213 -0.352694935019 -9.48999977112 0.247052942201 0.859375 9.0 1.0 1.0 2.5 0.0 0.0 
219 -0.011936867042 0.00205327389933 12.7041234213 -0.352694935019 -9.47999954224 0.247052942201 0.859375 9.0 1.0 1.0 2.5 0.0 0.0 
219 -0.011936867042 0.00205327389933 12.7041234213 -0.352694935019 -9.39000034332 0.247052942201 0.859375 9.0 1.0 1.0 2.5 0.0 0.0 
219 -0.011936867042 0.00205327389933 12.7041234213 -0.352694935019 -9.39999961853 0.247052942201 0.859375 9.0 1.0 1.0 2.5 0.0 0.0 
219 -0.011936867042 0.00205327389933 12.7041234213 -0.352694935019 -9.39999961853 0.247052942201 0.859375 9.0 1.0 1.0 2.5 0.0 0.0 
219 -0.011936867042 0.00205327389933 12.7041234213 -0.352694935019 -9.43000030518 0.247052942201 0.859375 9.0 1.0 1.0 2.5 0.0 0.0 
219 -0.011936867042 0.00205327389933 12.7041234213 -0.352694935019 -9.42000007629 0.247052942201 0.859375 9.0 1.0 1.0 2.5 0.0 0.0 
219 -0.011936867042 0.00205327389933 12.7041234213 -0.352694935019 -9.40999984741 0.247052942201 0.859375 9.0 1.0 1.0 2.5 0.0 0.0 
219 -0.011936867042 0.00205327389933 12.7041234213 -0.352694935019 -9.43000030518 0.247052942201 0.859375 9.0 1.0 1.0 2.5 0.0 0.0 
219 -0.011936867042 0.00205327389933 12.7041234213 -0.352694935019 -9.43000030518 0.247052942201 0.859375 9.0 1.0 1.0 2.5 0.0 0.0 
219 -0.011936867042 0.00205327389933 12.7041234213 -0.352694935019 -9.43000030518 0.247052942201 0.859375 9.0 1.0 1.0 2.5 0.0 0.0 
219 -0.011936867042 0.00205327389933 12.7041234213 -0.352694935019 -9.43000030518 0.247052942201 0.859375 9.0 1.0 1.0 2.5 0.0 0.0 
219 -0.011936867042 0.00205327389933 12.7041234213 -0.352694935019 -9.42000007629 0.247052942201 0.859375 9.0 1.0 1.0 2.5 0.0 0.0 
219 -0.011936867042 0.00205327389933 12.7041234213 -0.352694935019 -9.42000007629 0.247052942201 0.859375 9.0 1.0 1.0 2.5 0.0 0.0 
219 -0.011936867042 0.00205327389933 12.7041234213 -0.352694935019 -9.43000030518 0.247052942201 0.859375 9.0 1.0 1.0 2.5 0.0 0.0 
219 -0.011936867042 0.00205327389933 12.7041234213 -0.352694935019 -9.42000007629 0.247052942201 0.859375 9.0 1.0 1.0 2.5 0.0 0.0 
219 -0.011936867042 0.00205327389933 12.7041234213 -0.352694935019 -9.42000007629 0.247052942201 0.859375 9.0 1.0 1.0 2.5 0.0 0.0 
219 -0.011936867042 0.00205327389933 12.7041234213 -0.352694935019 -9.42000007629 0.247052942201 0.859375 9.0 1.0 1.0 2.5 0.0 0.0 
219 -0.011936867042 0.00205327389933 12.7041234213 -0.352694935019 -9.42000007629 0.247052942201 0.859375 9.0 1.0 1.0 2.5 0.0 0.0 
219 -0.011936867042 0.00205327389933 12.7041234213 -0.352694935019 -9.42000007629 0.247052942201 0.859375 9.0 1.0 1.0 2.5 0.0 0.0 
219 -0.011936867042 0.00205327389933 12.7041234213 -0.352694935019 -9.42000007629 0.247052942201 0.859375 9.0 1.0 1.0 2.5 0.0 0.0 
219 -0.011936867042 0.00205327389933 12.7041234213 -0.352694935019 -9.42000007629 0.247052942201 0.859375 9.0 1.0 1.0 2.5 0.0 0.0 
219 -0.011936867042 0.00205327389933 12.7041234213 -0.352694935019 -9.42000007629 0.247052942201 0.859375 9.0 1.0 1.0 2.5 0.0 0.0 
219 -0.011936867042 0.00205327389933 12.7041234213 -0.352694935019 -9.42000007629 0.247052942201 0.859375 9.0 1.0 1.0 2.5 0.0 0.0 
219 -0.011936867042 0.00205327389933 12.7041234213 -0.352694935019 -9.43000030518 0.247052942201 0.859375 9.0 1.0 1.0 2.5 0.0 0.0 
219 -0.011936867042 0.00205327389933 12.7041234213 -0.352694935019 -9.40999984741 0.247052942201 0.859375 9.0 1.0 1.0 2.5 0.0 0.0 
219 -0.011936867042 0.00205327389933 12.7041234213 -0.352694935019 -9.40999984741 0.247052942201 0.859375 9.0 1.0 1.0 2.5 0.0 0.0 
219 -0.011936867042 0.00205327389933 12.7041234213 -0.352694935019 -9.42000007629 0.247052942201 0.859375 9.0 1.0 1.0 2.5 0.0 0.0 
219 -0.011936867042 0.00205327389933 12.7041234213 -0.352694935019 -9.42000007629 0.247052942201 0.859375 9.0 1.0 1.0 2.5 0.0 0.0 
219 -0.011936867042 0.00205327389933 12.7041234213 -0.352694935019 -9.42000007629 0.247052942201 0.859375 9.0 1.0 1.0 2.5 0.0 0.0 
219 -0.011936867042 0.00205327389933 12.7041234213 -0.352694935019 -9.42000007629 0.247052942201 0.859375 9.0 1.0 1.0 2.5 0.0 0.0 
219 -0.011936867042 0.00205327389933 12.7041234213 -0.352694935019 -9.42000007629 0.247052942201 0.859375 9.0 1.0 1.0 2.5 0.0 0.0 
219 -0.011936867042 0.00205327389933 12.7041234213 -0.352694935019 -9.42000007629 0.247052942201 0.859375 9.0 1.0 1.0 2.5 0.0 0.0 
219 -0.011936867042 0.00205327389933 12.7041234213 -0.352694935019 -9.43000030518 0.247052942201 0.859375 9.0 1.0 1.0 2.5 0.0 0.0 
219 -0.011936867042 0.00205327389933 12.7041234213 -0.352694935019 -9.43000030518 0.247052942201 0.859375 9.0 1.0 1.0 2.5 0.0 0.0 
219 -0.011936867042 0.00205327389933 12.7041234213 -0.352694935019 -9.43000030518 0.247052942201 0.859375 9.0 1.0 1.0 2.5 0.0 0.0 
219 -0.011936867042 0.00205327389933 12.7041234213 -0.352694935019 -9.43000030518 0.247052942201 0.859375 9.0 1.0 1.0 2.5 0.0 0.0 
219 -0.011936867042 0.00205327389933 12.7041234213 -0.352694935019 -9.43000030518 0.247052942201 0.859375 9.0 1.0 1.0 2.5 0.0 0.0 
219 -0.011936867042 0.00205327389933 12.7041234213 -0.352694935019 -9.43000030518 0.247052942201 0.859375 9.0 1.0 1.0 2.5 0.0 0.0 
219 -0.011936867042 0.00205327389933 12.7041234213 -0.352694935019 -9.43000030518 0.247052942201 0.859375 9.0 1.0 1.0 2.5 0.0 0.0 
219 -0.011936867042 0.00205327389933 12.7041234213 -0.352694935019 -9.43000030518 0.247052942201 0.859375 9.0 1.0 1.0 2.5 0.0 0.0 
219 -0.011936867042 0.00205327389933 12.7041234213 -0.352694935019 -9.42000007629 0.247052942201 0.859375 9.0 1.0 1.0 2.5 0.0 0.0 
219 -0.011936867042 0.00205327389933 12.7041234213 -0.352694935019 -9.42000007629 0.247052942201 0.859375 9.0 1.0 1.0 2.5 0.0 0.0 
219 -0.011936867042 0.00205327389933 12.7041234213 -0.352694935019 -9.42000007629 0.247052942201 0.859375 9.0 1.0 1.0 2.5 0.0 0.0 
219 -0.011936867042 0.00205327389933 12.7041234213 -0.352694935019 -9.40999984741 0.247052942201 0.859375 9.0 1.0 1.0 2.5 0.0 0.0 
219 -0.011936867042 0.00205327389933 12.7041234213 -0.352694935019 -9.40999984741 0.247052942201 0.859375 9.0 1.0 1.0 2.5 0.0 0.0 
219 -0.011936867042 0.00205327389933 12.7041234213 -0.352694935019 -9.40999984741 0.247052942201 0.859375 9.0 1.0 1.0 2.5 0.0 0.0 
219 -0.011936867042 0.00205327389933 12.7041234213 -0.352694935019 -9.40999984741 0.247052942201 0.859375 9.0 1.0 1.0 2.5 0.0 0.0 
219 -0.011936867042 0.00205327389933 12.7041234213 -0.352694935019 -9.39999961853 0.247052942201 0.859375 9.0 1.0 1.0 2.5 0.0 0.0 
221 -0.011936867042 0.00205327389933 12.7041234213 -0.352694935019 -9.39999961853 0.160236658434 -0.203125 9.0 1.0 1.0 2.5 0.0 0.0 
221 -0.011936867042 0.00205327389933 11.9127407747 -0.377730762746 -9.39999961853 0.160236658434 -0.203125 9.0 1.0 1.0 2.5 0.0 0.0 
221 -0.011936867042 0.00205327389933 11.9127407747 -0.377730762746 -9.39999961853 0.160236658434 -0.203125 9.0 1.0 1.0 2.5 0.0 0.0 
221 -0.011936867042 0.00205327389933 11.9127407747 -0.377730762746 -9.39000034332 0.160236658434 -0.203125 9.0 1.0 1.0 2.5 0.0 0.0 
221 -0.011936867042 0.00205327389933 11.9127407747 -0.377730762746 -9.39999961853 0.160236658434 -0.203125 9.0 1.0 1.0 2.5 0.0 0.0 
221 -0.011936867042 0.00205327389933 11.9127407747 -0.377730762746 -9.39999961853 0.160236658434 -0.203125 9.0 1.0 1.0 2.5 0.0 0.0 
221 -0.011936867042 0.00205327389933 11.9127407747 -0.377730762746 -9.39999961853 0.160236658434 -0.203125 9.0 1.0 1.0 2.5 0.0 0.0 
221 -0.011936867042 0.00205327389933 11.9127407747 -0.377730762746 -9.39999961853 0.160236658434 -0.203125 9.0 1.0 1.0 2.5 0.0 0.0 
221 -0.011936867042 0.00205327389933 11.9127407747 -0.377730762746 -9.39999961853 0.160236658434 -0.203125 9.0 1.0 1.0 2.5 0.0 0.0 
221 -0.011936867042 0.00205327389933 11.9127407747 -0.377730762746 -9.39999961853 0.160236658434 -0.203125 9.0 1.0 1.0 2.5 0.0 0.0 
221 -0.011936867042 0.00205327389933 11.9127407747 -0.377730762746 -9.39999961853 0.160236658434 -0.203125 9.0 1.0 1.0 2.5 0.0 0.0 
221 -0.011936867042 0.00205327389933 11.9127407747 -0.377730762746 -9.39999961853 0.160236658434 -0.203125 9.0 1.0 1.0 2.5 0.0 0.0 
221 -0.011936867042 0.00205327389933 11.9127407747 -0.377730762746 -9.40999984741 0.160236658434 -0.203125 9.0 1.0 1.0 2.5 0.0 0.0 
221 -0.011936867042 0.00205327389933 11.9127407747 -0.377730762746 -9.39999961853 0.160236658434 -0.203125 9.0 1.0 1.0 2.5 0.0 0.0 
221 -0.011936867042 0.00205327389933 11.9127407747 -0.377730762746 -9.39999961853 0.160236658434 -0.203125 9.0 1.0 1.0 2.5 0.0 0.0 
222 -0.011936867042 0.00205327389933 12.5000687529 -0.26667696089 -9.39999961853 0.223544214131 1.328125 9.0 1.0 1.0 2.5 0.0 0.0 
222 -0.011936867042 0.00205327389933 12.5000687529 -0.26667696089 -9.39999961853 0.223544214131 1.328125 9.0 1.0 1.0 2.5 0.0 0.0 
222 -0.011936867042 0.00205327389933 12.5000687529 -0.26667696089 -9.40999984741 0.223544214131 1.328125 9.0 1.0 1.0 2.5 0.0 0.0 
222 -0.011936867042 0.00205327389933 12.5000687529 -0.26667696089 -9.40999984741 0.223544214131 1.328125 9.0 1.0 1.0 2.5 0.0 0.0 
222 -0.011936867042 0.00205327389933 12.5000687529 -0.26667696089 -9.40999984741 0.223544214131 1.328125 9.0 1.0 1.0 2.5 0.0 0.0 
222 -0.011936867042 0.00205327389933 12.5000687529 -0.26667696089 -9.40999984741 0.223544214131 1.328125 9.0 1.0 1.0 2.5 0.0 0.0 
222 -0.011936867042 0.00205327389933 12.5000687529 -0.26667696089 -9.40999984741 0.223544214131 1.328125 9.0 1.0 1.0 2.5 0.0 0.0 
222 -0.011936867042 0.00205327389933 12.5000687529 -0.26667696089 -9.40999984741 0.223544214131 1.328125 9.0 1.0 1.0 2.5 0.0 0.0 
222 -0.011936867042 0.00205327389933 12.5000687529 -0.26667696089 -9.40999984741 0.223544214131 1.328125 9.0 1.0 1.0 2.5 0.0 0.0 
222 -0.011936867042 0.00205327389933 12.5000687529 -0.26667696089 -9.40999984741 0.223544214131 1.328125 9.0 1.0 1.0 2.5 0.0 0.0 
222 -0.011936867042 0.00205327389933 12.5000687529 -0.26667696089 -9.40999984741 0.223544214131 1.328125 9.0 1.0 1.0 2.5 0.0 0.0 
222 -0.011936867042 0.00205327389933 12.5000687529 -0.26667696089 -9.40999984741 0.223544214131 1.328125 9.0 1.0 1.0 2.5 0.0 0.0 
222 -0.011936867042 0.00205327389933 12.5000687529 -0.26667696089 -9.40999984741 0.223544214131 1.328125 9.0 1.0 1.0 2.5 0.0 0.0 
222 -0.011936867042 0.00205327389933 12.5000687529 -0.26667696089 -9.39999961853 0.223544214131 1.328125 9.0 1.0 1.0 2.5 0.0 0.0 
222 -0.011936867042 0.00205327389933 12.5000687529 -0.26667696089 -9.38000011444 0.223544214131 1.328125 9.0 1.0 1.0 2.5 0.0 0.0 
222 -0.011936867042 0.00205327389933 12.5000687529 -0.26667696089 -9.38000011444 0.223544214131 1.328125 9.0 1.0 1.0 2.5 0.0 0.0 
222 -0.011936867042 0.00205327389933 12.5000687529 -0.26667696089 -9.38000011444 0.223544214131 1.328125 9.0 1.0 1.0 2.5 0.0 0.0 
222 -0.011936867042 0.00205327389933 12.5000687529 -0.26667696089 -9.38000011444 0.223544214131 1.328125 9.0 1.0 1.0 2.5 0.0 0.0 
224 -0.011936867042 0.00205327389933 17.5997448502 -0.912379217964 -9.38000011444 0.794552157705 0.78125 9.0 1.0 1.0 2.5 0.0 0.0 
224 -0.011936867042 0.00205327389933 17.5997448502 -0.912379217964 -9.38000011444 0.794552157705 0.78125 9.0 1.0 1.0 2.5 0.0 0.0 
224 -0.011936867042 0.00205327389933 17.5997448502 -0.912379217964 -9.36999988556 0.794552157705 0.78125 9.0 1.0 1.0 2.5 0.0 0.0 
224 -0.011936867042 0.00205327389933 17.5997448502 -0.912379217964 -9.36999988556 0.794552157705 0.78125 9.0 1.0 1.0 2.5 0.0 0.0 
224 -0.011936867042 0.00205327389933 17.5997448502 -0.912379217964 -9.36999988556 0.794552157705 0.78125 9.0 1.0 1.0 2.5 0.0 0.0 
224 -0.011936867042 0.00205327389933 17.5997448502 -0.912379217964 -9.36999988556 0.794552157705 0.78125 9.0 1.0 1.0 2.5 0.0 0.0 
224 -0.011936867042 0.00205327389933 17.5997448502 -0.912379217964 -9.36999988556 0.794552157705 0.78125 9.0 1.0 1.0 2.5 0.0 0.0 
224 -0.011936867042 0.00205327389933 17.5997448502 -0.912379217964 -9.36999988556 0.794552157705 0.78125 9.0 1.0 1.0 2.5 0.0 0.0 
224 -0.011936867042 0.00205327389933 17.5997448502 -0.912379217964 -9.36999988556 0.794552157705 0.78125 9.0 1.0 1.0 2.5 0.0 0.0 
224 -0.011936867042 0.00205327389933 17.5997448502 -0.912379217964 -9.36999988556 0.794552157705 0.78125 9.0 1.0 1.0 2.5 0.0 0.0 
224 -0.011936867042 0.00205327389933 17.5997448502 -0.912379217964 -9.35999965668 0.794552157705 0.78125 9.0 1.0 1.0 2.5 0.0 0.0 
224 -0.011936867042 0.00205327389933 17.5997448502 -0.912379217964 -9.35999965668 0.794552157705 0.78125 9.0 1.0 1.0 2.5 0.0 0.0 
224 -0.011936867042 0.00205327389933 17.5997448502 -0.912379217964 -9.35999965668 0.794552157705 0.78125 9.0 1.0 1.0 2.5 0.0 0.0 
224 -0.011936867042 0.00205327389933 17.5997448502 -0.912379217964 -9.35999965668 0.794552157705 0.78125 9.0 1.0 1.0 2.5 0.0 0.0 
224 -0.011936867042 0.00205327389933 17.5997448502 -0.912379217964 -9.35999965668 0.794552157705 0.78125 9.0 1.0 1.0 2.5 0.0 0.0 
224 -0.011936867042 0.00205327389933 17.5997448502 -0.912379217964 -9.35999965668 0.794552157705 0.78125 9.0 1.0 1.0 2.5 0.0 0.0 
224 -0.011936867042 0.00205327389933 17.5997448502 -0.912379217964 -9.36999988556 0.794552157705 0.78125 9.0 1.0 1.0 2.5 0.0 0.0 
224 -0.011936867042 0.00205327389933 17.5997448502 -0.912379217964 -9.35999965668 0.794552157705 0.78125 9.0 1.0 1.0 2.5 0.0 0.0 
224 -0.011936867042 0.00205327389933 17.5997448502 -0.912379217964 -9.35999965668 0.794552157705 0.78125 9.0 1.0 1.0 2.5 0.0 0.0 
224 -0.011936867042 0.00205327389933 17.5997448502 -0.912379217964 -9.35999965668 0.794552157705 0.78125 9.0 1.0 1.0 2.5 0.0 0.0 
224 -0.011936867042 0.00205327389933 17.5997448502 -0.912379217964 -9.35999965668 0.794552157705 0.78125 9.0 1.0 1.0 2.5 0.0 0.0 
224 -0.011936867042 0.00205327389933 17.5997448502 -0.912379217964 -9.35999965668 0.794552157705 0.78125 9.0 1.0 1.0 2.5 0.0 0.0 
224 -0.011936867042 0.00205327389933 17.5997448502 -0.912379217964 -9.35999965668 0.794552157705 0.78125 9.0 1.0 1.0 2.5 0.0 0.0 
224 -0.011936867042 0.00205327389933 17.5997448502 -0.912379217964 -9.35999965668 0.794552157705 0.78125 9.0 1.0 1.0 2.5 0.0 0.0 
224 -0.011936867042 0.00205327389933 17.5997448502 -0.912379217964 -9.35000038147 0.794552157705 0.78125 9.0 1.0 1.0 2.5 0.0 0.0 
224 -0.011936867042 0.00205327389933 17.5997448502 -0.912379217964 -9.35000038147 0.794552157705 0.78125 9.0 1.0 1.0 2.5 0.0 0.0 
224 -0.011936867042 0.00205327389933 17.5997448502 -0.912379217964 -9.35000038147 0.794552157705 0.78125 9.0 1.0 1.0 2.5 0.0 0.0 
224 -0.011936867042 0.00205327389933 17.5997448502 -0.912379217964 -9.35000038147 0.794552157705 0.78125 9.0 1.0 1.0 2.5 0.0 0.0 
224 -0.011936867042 0.00205327389933 17.5997448502 -0.912379217964 -9.35000038147 0.794552157705 0.78125 9.0 1.0 1.0 2.5 0.0 0.0 
224 -0.011936867042 0.00205327389933 17.5997448502 -0.912379217964 -9.35000038147 0.794552157705 0.78125 9.0 1.0 1.0 2.5 0.0 0.0 
224 -0.011936867042 0.00205327389933 17.5997448502 -0.912379217964 -9.35000038147 0.794552157705 0.78125 9.0 1.0 1.0 2.5 0.0 0.0 
224 -0.011936867042 0.00205327389933 17.5997448502 -0.912379217964 -9.35000038147 0.794552157705 0.78125 9.0 1.0 1.0 2.5 0.0 0.0 
224 -0.011936867042 0.00205327389933 17.5997448502 -0.912379217964 -9.34000015259 0.794552157705 0.78125 9.0 1.0 1.0 2.5 0.0 0.0 
224 -0.011936867042 0.00205327389933 17.5997448502 -0.912379217964 -9.35000038147 0.794552157705 0.78125 9.0 1.0 1.0 2.5 0.0 0.0 
224 -0.011936867042 0.00205327389933 17.5997448502 -0.912379217964 -9.34000015259 0.794552157705 0.78125 9.0 1.0 1.0 2.5 0.0 0.0 
224 -0.011936867042 0.00205327389933 17.5997448502 -0.912379217964 -9.32999992371 0.794552157705 0.78125 9.0 1.0 1.0 2.5 0.0 0.0 
224 -0.011936867042 0.00205327389933 17.5997448502 -0.912379217964 -9.32999992371 0.794552157705 0.78125 9.0 1.0 1.0 2.5 0.0 0.0 
224 -0.011936867042 0.00205327389933 17.5997448502 -0.912379217964 -9.31999969482 0.794552157705 0.78125 9.0 1.0 1.0 2.5 0.0 0.0 
224 -0.011936867042 0.00205327389933 17.5997448502 -0.912379217964 -9.34000015259 0.794552157705 0.78125 9.0 1.0 1.0 2.5 0.0 0.0 
224 -0.011936867042 0.00205327389933 17.5997448502 -0.912379217964 -9.34000015259 0.794552157705 0.78125 9.0 1.0 1.0 2.5 0.0 0.0 
224 -0.011936867042 0.00205327389933 17.5997448502 -0.912379217964 -9.34000015259 0.794552157705 0.78125 9.0 1.0 1.0 2.5 0.0 0.0 
224 -0.011936867042 0.00205327389933 17.5997448502 -0.912379217964 -9.31999969482 0.794552157705 0.78125 9.0 1.0 1.0 2.5 0.0 0.0 
224 -0.011936867042 0.00205327389933 17.5997448502 -0.912379217964 -9.32999992371 0.794552157705 0.78125 9.0 1.0 1.0 2.5 0.0 0.0 
224 -0.011936867042 0.00205327389933 17.5997448502 -0.912379217964 -9.32999992371 0.794552157705 0.78125 9.0 1.0 1.0 2.5 0.0 0.0 
224 -0.011936867042 0.00205327389933 17.5997448502 -0.912379217964 -9.32999992371 0.794552157705 0.78125 9.0 1.0 1.0 2.5 0.0 0.0 
224 -0.011936867042 0.00205327389933 17.5997448502 -0.912379217964 -9.32999992371 0.794552157705 0.78125 9.0 1.0 1.0 2.5 0.0 0.0 
224 -0.011936867042 0.00205327389933 17.5997448502 -0.912379217964 -9.34000015259 0.794552157705 0.78125 9.0 1.0 1.0 2.5 0.0 0.0 
224 -0.011936867042 0.00205327389933 17.5997448502 -0.912379217964 -9.34000015259 0.794552157705 0.78125 9.0 1.0 1.0 2.5 0.0 0.0 
224 -0.011936867042 0.00205327389933 17.5997448502 -0.912379217964 -9.34000015259 0.794552157705 0.78125 9.0 1.0 1.0 2.5 0.0 0.0 
224 -0.011936867042 0.00205327389933 17.5997448502 -0.912379217964 -9.35000038147 0.794552157705 0.78125 9.0 1.0 1.0 2.5 0.0 0.0 
224 -0.011936867042 0.00205327389933 17.5997448502 -0.912379217964 -9.35000038147 0.794552157705 0.78125 9.0 1.0 1.0 2.5 0.0 0.0 
224 -0.011936867042 0.00205327389933 17.5997448502 -0.912379217964 -9.35000038147 0.794552157705 0.78125 9.0 1.0 1.0 2.5 0.0 0.0 
224 -0.011936867042 0.00205327389933 17.5997448502 -0.912379217964 -9.34000015259 0.794552157705 0.78125 9.0 1.0 1.0 2.5 0.0 0.0 
224 -0.011936867042 0.00205327389933 17.5997448502 -0.912379217964 -9.28999996185 0.794552157705 0.78125 9.0 1.0 1.0 2.5 0.0 0.0 
224 -0.011936867042 0.00205327389933 17.5997448502 -0.912379217964 -9.31000041962 0.794552157705 0.78125 9.0 1.0 1.0 2.5 0.0 0.0 
224 -0.011936867042 0.00205327389933 17.5997448502 -0.912379217964 -9.31999969482 0.794552157705 0.78125 9.0 1.0 1.0 2.5 0.0 0.0 
224 -0.011936867042 0.00205327389933 17.5997448502 -0.912379217964 -9.31999969482 0.794552157705 0.78125 9.0 1.0 1.0 2.5 0.0 0.0 
224 -0.011936867042 0.00205327389933 17.5997448502 -0.912379217964 -9.31999969482 0.794552157705 0.78125 9.0 1.0 1.0 2.5 0.0 0.0 
224 -0.011936867042 0.00205327389933 17.5997448502 -0.912379217964 -9.31999969482 0.794552157705 0.78125 9.0 1.0 1.0 2.5 0.0 0.0 
224 -0.011936867042 0.00205327389933 17.5997448502 -0.912379217964 -9.34000015259 0.794552157705 0.78125 9.0 1.0 1.0 2.5 0.0 0.0 
224 -0.011936867042 0.00205327389933 17.5997448502 -0.912379217964 -9.35000038147 0.794552157705 0.78125 9.0 1.0 1.0 2.5 0.0 0.0 
224 -0.011936867042 0.00205327389933 17.5997448502 -0.912379217964 -9.35000038147 0.794552157705 0.78125 9.0 1.0 1.0 2.5 0.0 0.0 
224 -0.011936867042 0.00205327389933 17.5997448502 -0.912379217964 -9.35999965668 0.794552157705 0.78125 9.0 1.0 1.0 2.5 0.0 0.0 
224 -0.011936867042 0.00205327389933 17.5997448502 -0.912379217964 -9.35999965668 0.794552157705 0.78125 9.0 1.0 1.0 2.5 0.0 0.0 
224 -0.011936867042 0.00205327389933 17.5997448502 -0.912379217964 -9.36999988556 0.794552157705 0.78125 9.0 1.0 1.0 2.5 0.0 0.0 
224 -0.011936867042 0.00205327389933 17.5997448502 -0.912379217964 -9.35999965668 0.794552157705 0.78125 9.0 1.0 1.0 2.5 0.0 0.0 
224 -0.011936867042 0.00205327389933 17.5997448502 -0.912379217964 -9.35999965668 0.794552157705 0.78125 9.0 1.0 1.0 2.5 0.0 0.0 
224 -0.011936867042 0.00205327389933 17.5997448502 -0.912379217964 -9.35999965668 0.794552157705 0.78125 9.0 1.0 1.0 2.5 0.0 0.0 
224 -0.011936867042 0.00205327389933 17.5997448502 -0.912379217964 -9.36999988556 0.794552157705 0.78125 9.0 1.0 1.0 2.5 0.0 0.0 
224 -0.011936867042 0.00205327389933 17.5997448502 -0.912379217964 -9.36999988556 0.794552157705 0.78125 9.0 1.0 1.0 2.5 0.0 0.0 
224 -0.011936867042 0.00205327389933 17.5997448502 -0.912379217964 -9.36999988556 0.794552157705 0.78125 9.0 1.0 1.0 2.5 0.0 0.0 
224 -0.011936867042 0.00205327389933 17.5997448502 -0.912379217964 -9.36999988556 0.794552157705 0.78125 9.0 1.0 1.0 2.5 0.0 0.0 
224 -0.011936867042 0.00205327389933 17.5997448502 -0.912379217964 -9.35999965668 0.794552157705 0.78125 9.0 1.0 1.0 2.5 0.0 0.0 
224 -0.011936867042 0.00205327389933 17.5997448502 -0.912379217964 -9.36999988556 0.794552157705 0.78125 9.0 1.0 1.0 2.5 0.0 0.0 
224 -0.011936867042 0.00205327389933 17.5997448502 -0.912379217964 -9.36999988556 0.794552157705 0.78125 9.0 1.0 1.0 2.5 0.0 0.0 
224 -0.011936867042 0.00205327389933 17.5997448502 -0.912379217964 -9.35999965668 0.794552157705 0.78125 9.0 1.0 1.0 2.5 0.0 0.0 
224 -0.011936867042 0.00205327389933 17.5997448502 -0.912379217964 -9.35999965668 0.794552157705 0.78125 9.0 1.0 1.0 2.5 0.0 0.0 
224 -0.011936867042 0.00205327389933 17.5997448502 -0.912379217964 -9.36999988556 0.794552157705 0.78125 9.0 1.0 1.0 2.5 0.0 0.0 
224 -0.011936867042 0.00205327389933 17.5997448502 -0.912379217964 -9.36999988556 0.794552157705 0.78125 9.0 1.0 1.0 2.5 0.0 0.0 
224 -0.011936867042 0.00205327389933 17.5997448502 -0.912379217964 -9.38000011444 0.794552157705 0.78125 9.0 1.0 1.0 2.5 0.0 0.0 
224 -0.011936867042 0.00205327389933 17.5997448502 -0.912379217964 -9.39000034332 0.794552157705 0.78125 9.0 1.0 1.0 2.5 0.0 0.0 
224 -0.011936867042 0.00205327389933 17.5997448502 -0.912379217964 -9.38000011444 0.794552157705 0.78125 9.0 1.0 1.0 2.5 0.0 0.0 
224 -0.011936867042 0.00205327389933 17.5997448502 -0.912379217964 -9.39000034332 0.794552157705 0.78125 9.0 1.0 1.0 2.5 0.0 0.0 
224 -0.011936867042 0.00205327389933 17.5997448502 -0.912379217964 -9.39000034332 0.794552157705 0.78125 9.0 1.0 1.0 2.5 0.0 0.0 
224 -0.011936867042 0.00205327389933 17.5997448502 -0.912379217964 -9.39000034332 0.794552157705 0.78125 9.0 1.0 1.0 2.5 0.0 0.0 
224 -0.011936867042 0.00205327389933 17.5997448502 -0.912379217964 -9.39000034332 0.794552157705 0.78125 9.0 1.0 1.0 2.5 0.0 0.0 
224 -0.011936867042 0.00205327389933 17.5997448502 -0.912379217964 -9.39000034332 0.794552157705 0.78125 9.0 1.0 1.0 2.5 0.0 0.0 
224 -0.011936867042 0.00205327389933 17.5997448502 -0.912379217964 -9.38000011444 0.794552157705 0.78125 9.0 1.0 1.0 2.5 0.0 0.0 
224 -0.011936867042 0.00205327389933 17.5997448502 -0.912379217964 -9.38000011444 0.794552157705 0.78125 9.0 1.0 1.0 2.5 0.0 0.0 
224 -0.011936867042 0.00205327389933 17.5997448502 -0.912379217964 -9.38000011444 0.794552157705 0.78125 9.0 1.0 1.0 2.5 0.0 0.0 
224 -0.011936867042 0.00205327389933 17.5997448502 -0.912379217964 -9.38000011444 0.794552157705 0.78125 9.0 1.0 1.0 2.5 0.0 0.0 
224 -0.011936867042 0.00205327389933 17.5997448502 -0.912379217964 -9.38000011444 0.794552157705 0.78125 9.0 1.0 1.0 2.5 0.0 0.0 
224 -0.011936867042 0.00205327389933 17.5997448502 -0.912379217964 -9.36999988556 0.794552157705 0.78125 9.0 1.0 1.0 2.5 0.0 0.0 
224 -0.011936867042 0.00205327389933 17.5997448502 -0.912379217964 -9.38000011444 0.794552157705 0.78125 9.0 1.0 1.0 2.5 0.0 0.0 
224 -0.011936867042 0.00205327389933 17.5997448502 -0.912379217964 -9.39000034332 0.794552157705 0.78125 9.0 1.0 1.0 2.5 0.0 0.0 
224 -0.011936867042 0.00205327389933 17.5997448502 -0.912379217964 -9.39000034332 0.794552157705 0.78125 9.0 1.0 1.0 2.5 0.0 0.0 
224 -0.011936867042 0.00205327389933 17.5997448502 -0.912379217964 -9.39999961853 0.794552157705 0.78125 9.0 1.0 1.0 2.5 0.0 0.0 
224 -0.011936867042 0.00205327389933 17.5997448502 -0.912379217964 -9.40999984741 0.794552157705 0.78125 9.0 1.0 1.0 2.5 0.0 0.0 
224 -0.011936867042 0.00205327389933 17.5997448502 -0.912379217964 -9.40999984741 0.794552157705 0.78125 9.0 1.0 1.0 2.5 0.0 0.0 
224 -0.011936867042 0.00205327389933 17.5997448502 -0.912379217964 -9.40999984741 0.794552157705 0.78125 9.0 1.0 1.0 2.5 0.0 0.0 
224 -0.011936867042 0.00205327389933 17.5997448502 -0.912379217964 -9.43000030518 0.794552157705 0.78125 9.0 1.0 1.0 2.5 0.0 0.0 
224 -0.011936867042 0.00205327389933 17.5997448502 -0.912379217964 -9.42000007629 0.794552157705 0.78125 9.0 1.0 1.0 2.5 0.0 0.0 
224 -0.011936867042 0.00205327389933 17.5997448502 -0.912379217964 -9.43000030518 0.794552157705 0.78125 9.0 1.0 1.0 2.5 0.0 0.0 
224 -0.011936867042 0.00205327389933 17.5997448502 -0.912379217964 -9.42000007629 0.794552157705 0.78125 9.0 1.0 1.0 2.5 0.0 0.0 
224 -0.011936867042 0.00205327389933 17.5997448502 -0.912379217964 -9.42000007629 0.794552157705 0.78125 9.0 1.0 1.0 2.5 0.0 0.0 
224 -0.011936867042 0.00205327389933 17.5997448502 -0.912379217964 -9.42000007629 0.794552157705 0.78125 9.0 1.0 1.0 2.5 0.0 0.0 
224 -0.011936867042 0.00205327389933 17.5997448502 -0.912379217964 -9.43000030518 0.794552157705 0.78125 9.0 1.0 1.0 2.5 0.0 0.0 
224 -0.011936867042 0.00205327389933 17.5997448502 -0.912379217964 -9.43000030518 0.794552157705 0.78125 9.0 1.0 1.0 2.5 0.0 0.0 
224 -0.011936867042 0.00205327389933 17.5997448502 -0.912379217964 -9.43000030518 0.794552157705 0.78125 9.0 1.0 1.0 2.5 0.0 0.0 
224 -0.011936867042 0.00205327389933 17.5997448502 -0.912379217964 -9.43999958038 0.794552157705 0.78125 9.0 1.0 1.0 2.5 0.0 0.0 
224 -0.011936867042 0.00205327389933 17.5997448502 -0.912379217964 -9.43999958038 0.794552157705 0.78125 9.0 1.0 1.0 2.5 0.0 0.0 
224 -0.011936867042 0.00205327389933 17.5997448502 -0.912379217964 -9.43999958038 0.794552157705 0.78125 9.0 1.0 1.0 2.5 0.0 0.0 
224 -0.011936867042 0.00205327389933 17.5997448502 -0.912379217964 -9.44999980927 0.794552157705 0.78125 9.0 1.0 1.0 2.5 0.0 0.0 
224 -0.011936867042 0.00205327389933 17.5997448502 -0.912379217964 -9.44999980927 0.794552157705 0.78125 9.0 1.0 1.0 2.5 0.0 0.0 
224 -0.011936867042 0.00205327389933 17.5997448502 -0.912379217964 -9.46000003815 0.794552157705 0.78125 9.0 1.0 1.0 2.5 0.0 0.0 
224 -0.011936867042 0.00205327389933 17.5997448502 -0.912379217964 -9.44999980927 0.794552157705 0.78125 9.0 1.0 1.0 2.5 0.0 0.0 
224 -0.011936867042 0.00205327389933 17.5997448502 -0.912379217964 -9.44999980927 0.794552157705 0.78125 9.0 1.0 1.0 2.5 0.0 0.0 
224 -0.011936867042 0.00205327389933 17.5997448502 -0.912379217964 -9.44999980927 0.794552157705 0.78125 9.0 1.0 1.0 2.5 0.0 0.0 
224 -0.011936867042 0.00205327389933 17.5997448502 -0.912379217964 -9.46000003815 0.794552157705 0.78125 9.0 1.0 1.0 2.5 0.0 0.0 
224 -0.011936867042 0.00205327389933 17.5997448502 -0.912379217964 -9.44999980927 0.794552157705 0.78125 9.0 1.0 1.0 2.5 0.0 0.0 
224 -0.011936867042 0.00205327389933 17.5997448502 -0.912379217964 -9.44999980927 0.794552157705 0.78125 9.0 1.0 1.0 2.5 0.0 0.0 
224 -0.011936867042 0.00205327389933 17.5997448502 -0.912379217964 -9.44999980927 0.794552157705 0.78125 9.0 1.0 1.0 2.5 0.0 0.0 
224 -0.011936867042 0.00205327389933 17.5997448502 -0.912379217964 -9.44999980927 0.794552157705 0.78125 9.0 1.0 1.0 2.5 0.0 0.0 
224 -0.011936867042 0.00205327389933 17.5997448502 -0.912379217964 -9.43999958038 0.794552157705 0.78125 9.0 1.0 1.0 2.5 0.0 0.0 
224 -0.011936867042 0.00205327389933 17.5997448502 -0.912379217964 -9.43999958038 0.794552157705 0.78125 9.0 1.0 1.0 2.5 0.0 0.0 
224 -0.011936867042 0.00205327389933 17.5997448502 -0.912379217964 -9.43999958038 0.794552157705 0.78125 9.0 1.0 1.0 2.5 0.0 0.0 
224 -0.011936867042 0.00205327389933 17.5997448502 -0.912379217964 -9.43000030518 0.794552157705 0.78125 9.0 1.0 1.0 2.5 0.0 0.0 
224 -0.011936867042 0.00205327389933 17.5997448502 -0.912379217964 -9.43000030518 0.794552157705 0.78125 9.0 1.0 1.0 2.5 0.0 0.0 
225 -0.011936867042 0.00205327389933 17.5997448502 -0.912379217964 -9.43000030518 0.370624658331 3.1875 9.0 1.0 1.0 2.5 0.0 0.0 
225 -0.011936867042 0.00205327389933 13.8354814344 -0.0349028384382 -9.43000030518 0.370624658331 3.1875 9.0 1.0 1.0 2.5 0.0 0.0 
225 -0.011936867042 0.00205327389933 13.8354814344 -0.0349028384382 -9.43000030518 0.370624658331 3.1875 9.0 1.0 1.0 2.5 0.0 0.0 
225 -0.011936867042 0.00205327389933 13.8354814344 -0.0349028384382 -9.43000030518 0.370624658331 3.1875 9.0 1.0 1.0 2.5 0.0 0.0 
225 -0.011936867042 0.00205327389933 13.8354814344 -0.0349028384382 -9.43000030518 0.370624658331 3.1875 9.0 1.0 1.0 2.5 0.0 0.0 
225 -0.011936867042 0.00205327389933 13.8354814344 -0.0349028384382 -9.42000007629 0.370624658331 3.1875 9.0 1.0 1.0 2.5 0.0 0.0 
225 -0.011936867042 0.00205327389933 13.8354814344 -0.0349028384382 -9.43000030518 0.370624658331 3.1875 9.0 1.0 1.0 2.5 0.0 0.0 
225 -0.011936867042 0.00205327389933 13.8354814344 -0.0349028384382 -9.42000007629 0.370624658331 3.1875 9.0 1.0 1.0 2.5 0.0 0.0 
225 -0.011936867042 0.00205327389933 13.8354814344 -0.0349028384382 -9.42000007629 0.370624658331 3.1875 9.0 1.0 1.0 2.5 0.0 0.0 
225 -0.011936867042 0.00205327389933 13.8354814344 -0.0349028384382 -9.42000007629 0.370624658331 3.1875 9.0 1.0 1.0 2.5 0.0 0.0 
225 -0.011936867042 0.00205327389933 13.8354814344 -0.0349028384382 -9.43000030518 0.370624658331 3.1875 9.0 1.0 1.0 2.5 0.0 0.0 
225 -0.011936867042 0.00205327389933 13.8354814344 -0.0349028384382 -9.43000030518 0.370624658331 3.1875 9.0 1.0 1.0 2.5 0.0 0.0 
225 -0.011936867042 0.00205327389933 13.8354814344 -0.0349028384382 -9.42000007629 0.370624658331 3.1875 9.0 1.0 1.0 2.5 0.0 0.0 
225 -0.011936867042 0.00205327389933 13.8354814344 -0.0349028384382 -9.43999958038 0.370624658331 3.1875 9.0 1.0 1.0 2.5 0.0 0.0 
225 -0.011936867042 0.00205327389933 13.8354814344 -0.0349028384382 -9.43000030518 0.370624658331 3.1875 9.0 1.0 1.0 2.5 0.0 0.0 
225 -0.011936867042 0.00205327389933 13.8354814344 -0.0349028384382 -9.43000030518 0.370624658331 3.1875 9.0 1.0 1.0 2.5 0.0 0.0 
225 -0.011936867042 0.00205327389933 13.8354814344 -0.0349028384382 -9.42000007629 0.370624658331 3.1875 9.0 1.0 1.0 2.5 0.0 0.0 
225 -0.011936867042 0.00205327389933 13.8354814344 -0.0349028384382 -9.42000007629 0.370624658331 3.1875 9.0 1.0 1.0 2.5 0.0 0.0 
225 -0.011936867042 0.00205327389933 13.8354814344 -0.0349028384382 -9.42000007629 0.370624658331 3.1875 9.0 1.0 1.0 2.5 0.0 0.0 
225 -0.011936867042 0.00205327389933 13.8354814344 -0.0349028384382 -9.42000007629 0.370624658331 3.1875 9.0 1.0 1.0 2.5 0.0 0.0 
225 -0.011936867042 0.00205327389933 13.8354814344 -0.0349028384382 -9.42000007629 0.370624658331 3.1875 9.0 1.0 1.0 2.5 0.0 0.0 
225 -0.011936867042 0.00205327389933 13.8354814344 -0.0349028384382 -9.42000007629 0.370624658331 3.1875 9.0 1.0 1.0 2.5 0.0 0.0 
225 -0.011936867042 0.00205327389933 13.8354814344 -0.0349028384382 -9.42000007629 0.370624658331 3.1875 9.0 1.0 1.0 2.5 0.0 0.0 
225 -0.011936867042 0.00205327389933 13.8354814344 -0.0349028384382 -9.40999984741 0.370624658331 3.1875 9.0 1.0 1.0 2.5 0.0 0.0 
225 -0.011936867042 0.00205327389933 13.8354814344 -0.0349028384382 -9.42000007629 0.370624658331 3.1875 9.0 1.0 1.0 2.5 0.0 0.0 
225 -0.011936867042 0.00205327389933 13.8354814344 -0.0349028384382 -9.42000007629 0.370624658331 3.1875 9.0 1.0 1.0 2.5 0.0 0.0 
225 -0.011936867042 0.00205327389933 13.8354814344 -0.0349028384382 -9.42000007629 0.370624658331 3.1875 9.0 1.0 1.0 2.5 0.0 0.0 
225 -0.011936867042 0.00205327389933 13.8354814344 -0.0349028384382 -9.42000007629 0.370624658331 3.1875 9.0 1.0 1.0 2.5 0.0 0.0 
225 -0.011936867042 0.00205327389933 13.8354814344 -0.0349028384382 -9.42000007629 0.370624658331 3.1875 9.0 1.0 1.0 2.5 0.0 0.0 
225 -0.011936867042 0.00205327389933 13.8354814344 -0.0349028384382 -9.42000007629 0.370624658331 3.1875 9.0 1.0 1.0 2.5 0.0 0.0 
225 -0.011936867042 0.00205327389933 13.8354814344 -0.0349028384382 -9.42000007629 0.370624658331 3.1875 9.0 1.0 1.0 2.5 0.0 0.0 
225 -0.011936867042 0.00205327389933 13.8354814344 -0.0349028384382 -9.42000007629 0.370624658331 3.1875 9.0 1.0 1.0 2.5 0.0 0.0 
225 -0.011936867042 0.00205327389933 13.8354814344 -0.0349028384382 -9.42000007629 0.370624658331 3.1875 9.0 1.0 1.0 2.5 0.0 0.0 
225 -0.011936867042 0.00205327389933 13.8354814344 -0.0349028384382 -9.42000007629 0.370624658331 3.1875 9.0 1.0 1.0 2.5 0.0 0.0 
225 -0.011936867042 0.00205327389933 13.8354814344 -0.0349028384382 -9.42000007629 0.370624658331 3.1875 9.0 1.0 1.0 2.5 0.0 0.0 
225 -0.011936867042 0.00205327389933 13.8354814344 -0.0349028384382 -9.42000007629 0.370624658331 3.1875 9.0 1.0 1.0 2.5 0.0 0.0 
225 -0.011936867042 0.00205327389933 13.8354814344 -0.0349028384382 -9.42000007629 0.370624658331 3.1875 9.0 1.0 1.0 2.5 0.0 0.0 
225 -0.011936867042 0.00205327389933 13.8354814344 -0.0349028384382 -9.42000007629 0.370624658331 3.1875 9.0 1.0 1.0 2.5 0.0 0.0 
225 -0.011936867042 0.00205327389933 13.8354814344 -0.0349028384382 -9.42000007629 0.370624658331 3.1875 9.0 1.0 1.0 2.5 0.0 0.0 
225 -0.011936867042 0.00205327389933 13.8354814344 -0.0349028384382 -9.43000030518 0.370624658331 3.1875 9.0 1.0 1.0 2.5 0.0 0.0 
225 -0.011936867042 0.00205327389933 13.8354814344 -0.0349028384382 -9.43000030518 0.370624658331 3.1875 9.0 1.0 1.0 2.5 0.0 0.0 
225 -0.011936867042 0.00205327389933 13.8354814344 -0.0349028384382 -9.43000030518 0.370624658331 3.1875 9.0 1.0 1.0 2.5 0.0 0.0 
225 -0.011936867042 0.00205327389933 13.8354814344 -0.0349028384382 -9.43999958038 0.370624658331 3.1875 9.0 1.0 1.0 2.5 0.0 0.0 
225 -0.011936867042 0.00205327389933 13.8354814344 -0.0349028384382 -9.43999958038 0.370624658331 3.1875 9.0 1.0 1.0 2.5 0.0 0.0 
225 -0.011936867042 0.00205327389933 13.8354814344 -0.0349028384382 -9.43999958038 0.370624658331 3.1875 9.0 1.0 1.0 2.5 0.0 0.0 
225 -0.011936867042 0.00205327389933 13.8354814344 -0.0349028384382 -9.43999958038 0.370624658331 3.1875 9.0 1.0 1.0 2.5 0.0 0.0 
225 -0.011936867042 0.00205327389933 13.8354814344 -0.0349028384382 -9.43999958038 0.370624658331 3.1875 9.0 1.0 1.0 2.5 0.0 0.0 
225 -0.011936867042 0.00205327389933 13.8354814344 -0.0349028384382 -9.44999980927 0.370624658331 3.1875 9.0 1.0 1.0 2.5 0.0 0.0 
225 -0.011936867042 0.00205327389933 13.8354814344 -0.0349028384382 -9.44999980927 0.370624658331 3.1875 9.0 1.0 1.0 2.5 0.0 0.0 
225 -0.011936867042 0.00205327389933 13.8354814344 -0.0349028384382 -9.43999958038 0.370624658331 3.1875 9.0 1.0 1.0 2.5 0.0 0.0 
225 -0.011936867042 0.00205327389933 13.8354814344 -0.0349028384382 -9.44999980927 0.370624658331 3.1875 9.0 1.0 1.0 2.5 0.0 0.0 
225 -0.011936867042 0.00205327389933 13.8354814344 -0.0349028384382 -9.44999980927 0.370624658331 3.1875 9.0 1.0 1.0 2.5 0.0 0.0 
225 -0.011936867042 0.00205327389933 13.8354814344 -0.0349028384382 -9.44999980927 0.370624658331 3.1875 9.0 1.0 1.0 2.5 0.0 0.0 
225 -0.011936867042 0.00205327389933 13.8354814344 -0.0349028384382 -9.44999980927 0.370624658331 3.1875 9.0 1.0 1.0 2.5 0.0 0.0 
225 -0.011936867042 0.00205327389933 13.8354814344 -0.0349028384382 -9.44999980927 0.370624658331 3.1875 9.0 1.0 1.0 2.5 0.0 0.0 
225 -0.011936867042 0.00205327389933 13.8354814344 -0.0349028384382 -9.44999980927 0.370624658331 3.1875 9.0 1.0 1.0 2.5 0.0 0.0 
225 -0.011936867042 0.00205327389933 13.8354814344 -0.0349028384382 -9.44999980927 0.370624658331 3.1875 9.0 1.0 1.0 2.5 0.0 0.0 
225 -0.011936867042 0.00205327389933 13.8354814344 -0.0349028384382 -9.42000007629 0.370624658331 3.1875 9.0 1.0 1.0 2.5 0.0 0.0 
225 -0.011936867042 0.00205327389933 13.8354814344 -0.0349028384382 -9.43999958038 0.370624658331 3.1875 9.0 1.0 1.0 2.5 0.0 0.0 
225 -0.011936867042 0.00205327389933 13.8354814344 -0.0349028384382 -9.43999958038 0.370624658331 3.1875 9.0 1.0 1.0 2.5 0.0 0.0 
225 -0.011936867042 0.00205327389933 13.8354814344 -0.0349028384382 -9.44999980927 0.370624658331 3.1875 9.0 1.0 1.0 2.5 0.0 0.0 
225 -0.011936867042 0.00205327389933 13.8354814344 -0.0349028384382 -9.46000003815 0.370624658331 3.1875 9.0 1.0 1.0 2.5 0.0 0.0 
225 -0.011936867042 0.00205327389933 13.8354814344 -0.0349028384382 -9.46000003815 0.370624658331 3.1875 9.0 1.0 1.0 2.5 0.0 0.0 
225 -0.011936867042 0.00205327389933 13.8354814344 -0.0349028384382 -9.46000003815 0.370624658331 3.1875 9.0 1.0 1.0 2.5 0.0 0.0 
225 -0.011936867042 0.00205327389933 13.8354814344 -0.0349028384382 -9.46000003815 0.370624658331 3.1875 9.0 1.0 1.0 2.5 0.0 0.0 
225 -0.011936867042 0.00205327389933 13.8354814344 -0.0349028384382 -9.46000003815 0.370624658331 3.1875 9.0 1.0 1.0 2.5 0.0 0.0 
225 -0.011936867042 0.00205327389933 13.8354814344 -0.0349028384382 -9.46000003815 0.370624658331 3.1875 9.0 1.0 1.0 2.5 0.0 0.0 
225 -0.011936867042 0.00205327389933 13.8354814344 -0.0349028384382 -9.46000003815 0.370624658331 3.1875 9.0 1.0 1.0 2.5 0.0 0.0 
225 -0.011936867042 0.00205327389933 13.8354814344 -0.0349028384382 -9.46000003815 0.370624658331 3.1875 9.0 1.0 1.0 2.5 0.0 0.0 
225 -0.011936867042 0.00205327389933 13.8354814344 -0.0349028384382 -9.46000003815 0.370624658331 3.1875 9.0 1.0 1.0 2.5 0.0 0.0 
225 -0.011936867042 0.00205327389933 13.8354814344 -0.0349028384382 -9.46000003815 0.370624658331 3.1875 9.0 1.0 1.0 2.5 0.0 0.0 
225 -0.011936867042 0.00205327389933 13.8354814344 -0.0349028384382 -9.46000003815 0.370624658331 3.1875 9.0 1.0 1.0 2.5 0.0 0.0 
225 -0.011936867042 0.00205327389933 13.8354814344 -0.0349028384382 -9.47000026703 0.370624658331 3.1875 9.0 1.0 1.0 2.5 0.0 0.0 
225 -0.011936867042 0.00205327389933 13.8354814344 -0.0349028384382 -9.39999961853 0.370624658331 3.1875 9.0 1.0 1.0 2.5 0.0 0.0 
225 -0.011936867042 0.00205327389933 13.8354814344 -0.0349028384382 -9.21000003815 0.370624658331 3.1875 9.0 1.0 1.0 2.5 0.0 0.0 
225 -0.011936867042 0.00205327389933 13.8354814344 -0.0349028384382 -9.31000041962 0.370624658331 3.1875 9.0 1.0 1.0 2.5 0.0 0.0 
226 -0.011936867042 0.00205327389933 13.8354814344 -0.0349028384382 -9.34000015259 0.370624658331 3.1875 9.0 1.0 1.0 2.5 0.0 0.0 
228 -0.011936867042 0.00205327389933 15.6966670404 -0.706466121069 -9.35999965668 0.61176098029 0.734375 9.0 1.0 1.0 2.5 0.0 0.0 
232 -0.011936867042 0.00205327389933 13.5915481866 -0.5698874465 -9.31999969482 0.347893962495 0.15625 9.0 1.0 1.0 2.5 0.0 0.0 
232 -0.011936867042 0.00205327389933 13.6318587011 -0.576237228997 -9.32999992371 0.352427421522 0.15625 9.0 1.0 1.0 2.5 0.0 0.0 
233 -0.011936867042 0.00205327389933 14.5903115387 -0.513633159811 -9.34000015259 0.45735108329 1.03125 9.0 1.0 1.0 2.5 0.0 0.0 
233 -0.011936867042 0.00205327389933 14.5903115387 -0.513633159811 -9.34000015259 0.45735108329 1.03125 9.0 1.0 1.0 2.5 0.0 0.0 
233 -0.011936867042 0.00205327389933 14.5903115387 -0.513633159811 -9.34000015259 0.45735108329 1.03125 9.0 1.0 1.0 2.5 0.0 0.0 
233 -0.011936867042 0.00205327389933 14.5903115387 -0.513633159811 -9.34000015259 0.45735108329 1.03125 9.0 1.0 1.0 2.5 0.0 0.0 
233 -0.011936867042 0.00205327389933 14.5903115387 -0.513633159811 -9.34000015259 0.45735108329 1.03125 9.0 1.0 1.0 2.5 0.0 0.0 
233 -0.011936867042 0.00205327389933 14.5903115387 -0.513633159811 -9.34000015259 0.45735108329 1.03125 9.0 1.0 1.0 2.5 0.0 0.0 
233 -0.011936867042 0.00205327389933 14.5903115387 -0.513633159811 -9.34000015259 0.45735108329 1.03125 9.0 1.0 1.0 2.5 0.0 0.0 
233 -0.011936867042 0.00205327389933 14.5903115387 -0.513633159811 -9.34000015259 0.45735108329 1.03125 9.0 1.0 1.0 2.5 0.0 0.0 
233 -0.011936867042 0.00205327389933 14.5903115387 -0.513633159811 -9.34000015259 0.45735108329 1.03125 9.0 1.0 1.0 2.5 0.0 0.0 
233 -0.011936867042 0.00205327389933 14.5903115387 -0.513633159811 -9.34000015259 0.45735108329 1.03125 9.0 1.0 1.0 2.5 0.0 0.0 
233 -0.011936867042 0.00205327389933 14.5903115387 -0.513633159811 -9.32999992371 0.45735108329 1.03125 9.0 1.0 1.0 2.5 0.0 0.0 
233 -0.011936867042 0.00205327389933 14.5903115387 -0.513633159811 -9.34000015259 0.45735108329 1.03125 9.0 1.0 1.0 2.5 0.0 0.0 
233 -0.011936867042 0.00205327389933 14.5903115387 -0.513633159811 -9.32999992371 0.45735108329 1.03125 9.0 1.0 1.0 2.5 0.0 0.0 
233 -0.011936867042 0.00205327389933 14.5903115387 -0.513633159811 -9.34000015259 0.45735108329 1.03125 9.0 1.0 1.0 2.5 0.0 0.0 
233 -0.011936867042 0.00205327389933 14.5903115387 -0.513633159811 -9.32999992371 0.45735108329 1.03125 9.0 1.0 1.0 2.5 0.0 0.0 
233 -0.011936867042 0.00205327389933 14.5903115387 -0.513633159811 -9.32999992371 0.45735108329 1.03125 9.0 1.0 1.0 2.5 0.0 0.0 
234 -0.011936867042 0.00205327389933 14.5112439144 -0.497869969022 -9.32999992371 0.448435002084 1.0625 9.0 1.0 1.0 2.5 0.0 0.0 
234 -0.011936867042 0.00205327389933 14.5112439144 -0.497869969022 -9.31999969482 0.448435002084 1.0625 9.0 1.0 1.0 2.5 0.0 0.0 
234 -0.011936867042 0.00205327389933 14.5112439144 -0.497869969022 -9.31999969482 0.448435002084 1.0625 9.0 1.0 1.0 2.5 0.0 0.0 
234 -0.011936867042 0.00205327389933 14.5112439144 -0.497869969022 -9.31999969482 0.448435002084 1.0625 9.0 1.0 1.0 2.5 0.0 0.0 
234 -0.011936867042 0.00205327389933 14.5112439144 -0.497869969022 -9.31999969482 0.448435002084 1.0625 9.0 1.0 1.0 2.5 0.0 0.0 
234 -0.011936867042 0.00205327389933 14.5112439144 -0.497869969022 -9.31999969482 0.448435002084 1.0625 9.0 1.0 1.0 2.5 0.0 0.0 
234 -0.011936867042 0.00205327389933 14.5112439144 -0.497869969022 -9.31000041962 0.448435002084 1.0625 9.0 1.0 1.0 2.5 0.0 0.0 
234 -0.011936867042 0.00205327389933 14.5112439144 -0.497869969022 -9.31999969482 0.448435002084 1.0625 9.0 1.0 1.0 2.5 0.0 0.0 
234 -0.011936867042 0.00205327389933 14.5112439144 -0.497869969022 -9.31000041962 0.448435002084 1.0625 9.0 1.0 1.0 2.5 0.0 0.0 
234 -0.011936867042 0.00205327389933 14.5112439144 -0.497869969022 -9.31999969482 0.448435002084 1.0625 9.0 1.0 1.0 2.5 0.0 0.0 
234 -0.011936867042 0.00205327389933 14.5112439144 -0.497869969022 -9.31000041962 0.448435002084 1.0625 9.0 1.0 1.0 2.5 0.0 0.0 
234 -0.011936867042 0.00205327389933 14.5112439144 -0.497869969022 -9.31999969482 0.448435002084 1.0625 9.0 1.0 1.0 2.5 0.0 0.0 
234 -0.011936867042 0.00205327389933 14.5112439144 -0.497869969022 -9.31000041962 0.448435002084 1.0625 9.0 1.0 1.0 2.5 0.0 0.0 
234 -0.011936867042 0.00205327389933 14.5112439144 -0.497869969022 -9.31000041962 0.448435002084 1.0625 9.0 1.0 1.0 2.5 0.0 0.0 
234 -0.011936867042 0.00205327389933 14.5112439144 -0.497869969022 -9.31000041962 0.448435002084 1.0625 9.0 1.0 1.0 2.5 0.0 0.0 
234 -0.011936867042 0.00205327389933 14.5112439144 -0.497869969022 -9.31000041962 0.448435002084 1.0625 9.0 1.0 1.0 2.5 0.0 0.0 
234 -0.011936867042 0.00205327389933 14.5112439144 -0.497869969022 -9.30000019073 0.448435002084 1.0625 9.0 1.0 1.0 2.5 0.0 0.0 
234 -0.011936867042 0.00205327389933 14.5112439144 -0.497869969022 -9.30000019073 0.448435002084 1.0625 9.0 1.0 1.0 2.5 0.0 0.0 
234 -0.011936867042 0.00205327389933 14.5112439144 -0.497869969022 -9.30000019073 0.448435002084 1.0625 9.0 1.0 1.0 2.5 0.0 0.0 
234 -0.011936867042 0.00205327389933 14.5112439144 -0.497869969022 -9.28999996185 0.448435002084 1.0625 9.0 1.0 1.0 2.5 0.0 0.0 
234 -0.011936867042 0.00205327389933 14.5112439144 -0.497869969022 -9.28999996185 0.448435002084 1.0625 9.0 1.0 1.0 2.5 0.0 0.0 
234 -0.011936867042 0.00205327389933 14.5112439144 -0.497869969022 -9.27999973297 0.448435002084 1.0625 9.0 1.0 1.0 2.5 0.0 0.0 
234 -0.011936867042 0.00205327389933 14.5112439144 -0.497869969022 -9.27999973297 0.448435002084 1.0625 9.0 1.0 1.0 2.5 0.0 0.0 
234 -0.011936867042 0.00205327389933 14.5112439144 -0.497869969022 -9.27999973297 0.448435002084 1.0625 9.0 1.0 1.0 2.5 0.0 0.0 
234 -0.011936867042 0.00205327389933 14.5112439144 -0.497869969022 -9.27999973297 0.448435002084 1.0625 9.0 1.0 1.0 2.5 0.0 0.0 
234 -0.011936867042 0.00205327389933 14.5112439144 -0.497869969022 -9.27999973297 0.448435002084 1.0625 9.0 1.0 1.0 2.5 0.0 0.0 
234 -0.011936867042 0.00205327389933 14.5112439144 -0.497869969022 -9.27999973297 0.448435002084 1.0625 9.0 1.0 1.0 2.5 0.0 0.0 
234 -0.011936867042 0.00205327389933 14.5112439144 -0.497869969022 -9.27000045776 0.448435002084 1.0625 9.0 1.0 1.0 2.5 0.0 0.0 
234 -0.011936867042 0.00205327389933 14.5112439144 -0.497869969022 -9.27000045776 0.448435002084 1.0625 9.0 1.0 1.0 2.5 0.0 0.0 
234 -0.011936867042 0.00205327389933 14.5112439144 -0.497869969022 -9.27000045776 0.448435002084 1.0625 9.0 1.0 1.0 2.5 0.0 0.0 
234 -0.011936867042 0.00205327389933 14.5112439144 -0.497869969022 -9.27000045776 0.448435002084 1.0625 9.0 1.0 1.0 2.5 0.0 0.0 
234 -0.011936867042 0.00205327389933 14.5112439144 -0.497869969022 -9.26000022888 0.448435002084 1.0625 9.0 1.0 1.0 2.5 0.0 0.0 
234 -0.011936867042 0.00205327389933 14.5112439144 -0.497869969022 -9.26000022888 0.448435002084 1.0625 9.0 1.0 1.0 2.5 0.0 0.0 
234 -0.011936867042 0.00205327389933 14.5112439144 -0.497869969022 -9.26000022888 0.448435002084 1.0625 9.0 1.0 1.0 2.5 0.0 0.0 
234 -0.011936867042 0.00205327389933 14.5112439144 -0.497869969022 -9.26000022888 0.448435002084 1.0625 9.0 1.0 1.0 2.5 0.0 0.0 
234 -0.011936867042 0.00205327389933 14.5112439144 -0.497869969022 -9.26000022888 0.448435002084 1.0625 9.0 1.0 1.0 2.5 0.0 0.0 
234 -0.011936867042 0.00205327389933 14.5112439144 -0.497869969022 -9.26000022888 0.448435002084 1.0625 9.0 1.0 1.0 2.5 0.0 0.0 
234 -0.011936867042 0.00205327389933 14.5112439144 -0.497869969022 -9.26000022888 0.448435002084 1.0625 9.0 1.0 1.0 2.5 0.0 0.0 
234 -0.011936867042 0.00205327389933 14.5112439144 -0.497869969022 -9.25 0.448435002084 1.0625 9.0 1.0 1.0 2.5 0.0 0.0 
234 -0.011936867042 0.00205327389933 14.5112439144 -0.497869969022 -9.25 0.448435002084 1.0625 9.0 1.0 1.0 2.5 0.0 0.0 
234 -0.011936867042 0.00205327389933 14.5112439144 -0.497869969022 -9.25 0.448435002084 1.0625 9.0 1.0 1.0 2.5 0.0 0.0 
234 -0.011936867042 0.00205327389933 14.5112439144 -0.497869969022 -9.25 0.448435002084 1.0625 9.0 1.0 1.0 2.5 0.0 0.0 
234 -0.011936867042 0.00205327389933 14.5112439144 -0.497869969022 -9.25 0.448435002084 1.0625 9.0 1.0 1.0 2.5 0.0 0.0 
234 -0.011936867042 0.00205327389933 14.5112439144 -0.497869969022 -9.23999977112 0.448435002084 1.0625 9.0 1.0 1.0 2.5 0.0 0.0 
234 -0.011936867042 0.00205327389933 14.5112439144 -0.497869969022 -9.25 0.448435002084 1.0625 9.0 1.0 1.0 2.5 0.0 0.0 
234 -0.011936867042 0.00205327389933 14.5112439144 -0.497869969022 -9.25 0.448435002084 1.0625 9.0 1.0 1.0 2.5 0.0 0.0 
234 -0.011936867042 0.00205327389933 14.5112439144 -0.497869969022 -9.23999977112 0.448435002084 1.0625 9.0 1.0 1.0 2.5 0.0 0.0 
234 -0.011936867042 0.00205327389933 14.5112439144 -0.497869969022 -9.23999977112 0.448435002084 1.0625 9.0 1.0 1.0 2.5 0.0 0.0 
234 -0.011936867042 0.00205327389933 14.5112439144 -0.497869969022 -9.23999977112 0.448435002084 1.0625 9.0 1.0 1.0 2.5 0.0 0.0 
234 -0.011936867042 0.00205327389933 14.5112439144 -0.497869969022 -9.23999977112 0.448435002084 1.0625 9.0 1.0 1.0 2.5 0.0 0.0 
234 -0.011936867042 0.00205327389933 14.5112439144 -0.497869969022 -9.25 0.448435002084 1.0625 9.0 1.0 1.0 2.5 0.0 0.0 
234 -0.011936867042 0.00205327389933 14.5112439144 -0.497869969022 -9.23999977112 0.448435002084 1.0625 9.0 1.0 1.0 2.5 0.0 0.0 
234 -0.011936867042 0.00205327389933 14.5112439144 -0.497869969022 -9.23999977112 0.448435002084 1.0625 9.0 1.0 1.0 2.5 0.0 0.0 
234 -0.011936867042 0.00205327389933 14.5112439144 -0.497869969022 -9.23999977112 0.448435002084 1.0625 9.0 1.0 1.0 2.5 0.0 0.0 
234 -0.011936867042 0.00205327389933 14.5112439144 -0.497869969022 -9.23999977112 0.448435002084 1.0625 9.0 1.0 1.0 2.5 0.0 0.0 
234 -0.011936867042 0.00205327389933 14.5112439144 -0.497869969022 -9.23999977112 0.448435002084 1.0625 9.0 1.0 1.0 2.5 0.0 0.0 
234 -0.011936867042 0.00205327389933 14.5112439144 -0.497869969022 -9.23999977112 0.448435002084 1.0625 9.0 1.0 1.0 2.5 0.0 0.0 
234 -0.011936867042 0.00205327389933 14.5112439144 -0.497869969022 -9.23999977112 0.448435002084 1.0625 9.0 1.0 1.0 2.5 0.0 0.0 
234 -0.011936867042 0.00205327389933 14.5112439144 -0.497869969022 -9.25 0.448435002084 1.0625 9.0 1.0 1.0 2.5 0.0 0.0 
234 -0.011936867042 0.00205327389933 14.5112439144 -0.497869969022 -9.23999977112 0.448435002084 1.0625 9.0 1.0 1.0 2.5 0.0 0.0 
234 -0.011936867042 0.00205327389933 14.5112439144 -0.497869969022 -9.25 0.448435002084 1.0625 9.0 1.0 1.0 2.5 0.0 0.0 
234 -0.011936867042 0.00205327389933 14.5112439144 -0.497869969022 -9.25 0.448435002084 1.0625 9.0 1.0 1.0 2.5 0.0 0.0 
234 -0.011936867042 0.00205327389933 14.5112439144 -0.497869969022 -9.25 0.448435002084 1.0625 9.0 1.0 1.0 2.5 0.0 0.0 
234 -0.011936867042 0.00205327389933 14.5112439144 -0.497869969022 -9.25 0.448435002084 1.0625 9.0 1.0 1.0 2.5 0.0 0.0 
234 -0.011936867042 0.00205327389933 14.5112439144 -0.497869969022 -9.25 0.448435002084 1.0625 9.0 1.0 1.0 2.5 0.0 0.0 
234 -0.011936867042 0.00205327389933 14.5112439144 -0.497869969022 -9.25 0.448435002084 1.0625 9.0 1.0 1.0 2.5 0.0 0.0 
234 -0.011936867042 0.00205327389933 14.5112439144 -0.497869969022 -9.25 0.448435002084 1.0625 9.0 1.0 1.0 2.5 0.0 0.0 
234 -0.011936867042 0.00205327389933 14.5112439144 -0.497869969022 -9.23999977112 0.448435002084 1.0625 9.0 1.0 1.0 2.5 0.0 0.0 
234 -0.011936867042 0.00205327389933 14.5112439144 -0.497869969022 -9.23999977112 0.448435002084 1.0625 9.0 1.0 1.0 2.5 0.0 0.0 
234 -0.011936867042 0.00205327389933 14.5112439144 -0.497869969022 -9.23999977112 0.448435002084 1.0625 9.0 1.0 1.0 2.5 0.0 0.0 
234 -0.011936867042 0.00205327389933 14.5112439144 -0.497869969022 -9.23999977112 0.448435002084 1.0625 9.0 1.0 1.0 2.5 0.0 0.0 
234 -0.011936867042 0.00205327389933 14.5112439144 -0.497869969022 -9.23999977112 0.448435002084 1.0625 9.0 1.0 1.0 2.5 0.0 0.0 
234 -0.011936867042 0.00205327389933 14.5112439144 -0.497869969022 -9.23999977112 0.448435002084 1.0625 9.0 1.0 1.0 2.5 0.0 0.0 
234 -0.011936867042 0.00205327389933 14.5112439144 -0.497869969022 -9.25 0.448435002084 1.0625 9.0 1.0 1.0 2.5 0.0 0.0 
234 -0.011936867042 0.00205327389933 14.5112439144 -0.497869969022 -9.25 0.448435002084 1.0625 9.0 1.0 1.0 2.5 0.0 0.0 
234 -0.011936867042 0.00205327389933 14.5112439144 -0.497869969022 -9.25 0.448435002084 1.0625 9.0 1.0 1.0 2.5 0.0 0.0 
234 -0.011936867042 0.00205327389933 14.5112439144 -0.497869969022 -9.25 0.448435002084 1.0625 9.0 1.0 1.0 2.5 0.0 0.0 
234 -0.011936867042 0.00205327389933 14.5112439144 -0.497869969022 -9.26000022888 0.448435002084 1.0625 9.0 1.0 1.0 2.5 0.0 0.0 
234 -0.011936867042 0.00205327389933 14.5112439144 -0.497869969022 -9.26000022888 0.448435002084 1.0625 9.0 1.0 1.0 2.5 0.0 0.0 
234 -0.011936867042 0.00205327389933 14.5112439144 -0.497869969022 -9.26000022888 0.448435002084 1.0625 9.0 1.0 1.0 2.5 0.0 0.0 
234 -0.011936867042 0.00205327389933 14.5112439144 -0.497869969022 -9.25 0.448435002084 1.0625 9.0 1.0 1.0 2.5 0.0 0.0 
234 -0.011936867042 0.00205327389933 14.5112439144 -0.497869969022 -9.26000022888 0.448435002084 1.0625 9.0 1.0 1.0 2.5 0.0 0.0 
234 -0.011936867042 0.00205327389933 14.5112439144 -0.497869969022 -9.26000022888 0.448435002084 1.0625 9.0 1.0 1.0 2.5 0.0 0.0 
234 -0.011936867042 0.00205327389933 14.5112439144 -0.497869969022 -9.26000022888 0.448435002084 1.0625 9.0 1.0 1.0 2.5 0.0 0.0 
234 -0.011936867042 0.00205327389933 14.5112439144 -0.497869969022 -9.27000045776 0.448435002084 1.0625 9.0 1.0 1.0 2.5 0.0 0.0 
234 -0.011936867042 0.00205327389933 14.5112439144 -0.497869969022 -9.27000045776 0.448435002084 1.0625 9.0 1.0 1.0 2.5 0.0 0.0 
234 -0.011936867042 0.00205327389933 14.5112439144 -0.497869969022 -9.27000045776 0.448435002084 1.0625 9.0 1.0 1.0 2.5 0.0 0.0 
234 -0.011936867042 0.00205327389933 14.5112439144 -0.497869969022 -9.27999973297 0.448435002084 1.0625 9.0 1.0 1.0 2.5 0.0 0.0 
234 -0.011936867042 0.00205327389933 14.5112439144 -0.497869969022 -9.27000045776 0.448435002084 1.0625 9.0 1.0 1.0 2.5 0.0 0.0 
234 -0.011936867042 0.00205327389933 14.5112439144 -0.497869969022 -9.27999973297 0.448435002084 1.0625 9.0 1.0 1.0 2.5 0.0 0.0 
234 -0.011936867042 0.00205327389933 14.5112439144 -0.497869969022 -9.27000045776 0.448435002084 1.0625 9.0 1.0 1.0 2.5 0.0 0.0 
234 -0.011936867042 0.00205327389933 14.5112439144 -0.497869969022 -9.27999973297 0.448435002084 1.0625 9.0 1.0 1.0 2.5 0.0 0.0 
234 -0.011936867042 0.00205327389933 14.5112439144 -0.497869969022 -9.27999973297 0.448435002084 1.0625 9.0 1.0 1.0 2.5 0.0 0.0 
234 -0.011936867042 0.00205327389933 14.5112439144 -0.497869969022 -9.27999973297 0.448435002084 1.0625 9.0 1.0 1.0 2.5 0.0 0.0 
234 -0.011936867042 0.00205327389933 14.5112439144 -0.497869969022 -9.27999973297 0.448435002084 1.0625 9.0 1.0 1.0 2.5 0.0 0.0 
234 -0.011936867042 0.00205327389933 14.5112439144 -0.497869969022 -9.28999996185 0.448435002084 1.0625 9.0 1.0 1.0 2.5 0.0 0.0 
234 -0.011936867042 0.00205327389933 14.5112439144 -0.497869969022 -9.28999996185 0.448435002084 1.0625 9.0 1.0 1.0 2.5 0.0 0.0 
234 -0.011936867042 0.00205327389933 14.5112439144 -0.497869969022 -9.27000045776 0.448435002084 1.0625 9.0 1.0 1.0 2.5 0.0 0.0 
234 -0.011936867042 0.00205327389933 14.5112439144 -0.497869969022 -9.27999973297 0.448435002084 1.0625 9.0 1.0 1.0 2.5 0.0 0.0 
234 -0.011936867042 0.00205327389933 14.5112439144 -0.497869969022 -9.27000045776 0.448435002084 1.0625 9.0 1.0 1.0 2.5 0.0 0.0 
234 -0.011936867042 0.00205327389933 14.5112439144 -0.497869969022 -9.27000045776 0.448435002084 1.0625 9.0 1.0 1.0 2.5 0.0 0.0 
234 -0.011936867042 0.00205327389933 14.5112439144 -0.497869969022 -9.27000045776 0.448435002084 1.0625 9.0 1.0 1.0 2.5 0.0 0.0 
234 -0.011936867042 0.00205327389933 14.5112439144 -0.497869969022 -9.26000022888 0.448435002084 1.0625 9.0 1.0 1.0 2.5 0.0 0.0 
234 -0.011936867042 0.00205327389933 14.5112439144 -0.497869969022 -9.25 0.448435002084 1.0625 9.0 1.0 1.0 2.5 0.0 0.0 
234 -0.011936867042 0.00205327389933 14.5112439144 -0.497869969022 -9.25 0.448435002084 1.0625 9.0 1.0 1.0 2.5 0.0 0.0 
234 -0.011936867042 0.00205327389933 14.5112439144 -0.497869969022 -9.28999996185 0.448435002084 1.0625 9.0 1.0 1.0 2.5 0.0 0.0 
234 -0.011936867042 0.00205327389933 14.5112439144 -0.497869969022 -9.27999973297 0.448435002084 1.0625 9.0 1.0 1.0 2.5 0.0 0.0 
234 -0.011936867042 0.00205327389933 14.5112439144 -0.497869969022 -9.28999996185 0.448435002084 1.0625 9.0 1.0 1.0 2.5 0.0 0.0 
234 -0.011936867042 0.00205327389933 14.5112439144 -0.497869969022 -9.28999996185 0.448435002084 1.0625 9.0 1.0 1.0 2.5 0.0 0.0 
234 -0.011936867042 0.00205327389933 14.5112439144 -0.497869969022 -9.28999996185 0.448435002084 1.0625 9.0 1.0 1.0 2.5 0.0 0.0 
234 -0.011936867042 0.00205327389933 14.5112439144 -0.497869969022 -9.31999969482 0.448435002084 1.0625 9.0 1.0 1.0 2.5 0.0 0.0 
234 -0.011936867042 0.00205327389933 14.5112439144 -0.497869969022 -9.31999969482 0.448435002084 1.0625 9.0 1.0 1.0 2.5 0.0 0.0 
234 -0.011936867042 0.00205327389933 14.5112439144 -0.497869969022 -9.31999969482 0.448435002084 1.0625 9.0 1.0 1.0 2.5 0.0 0.0 
234 -0.011936867042 0.00205327389933 14.5112439144 -0.497869969022 -9.31999969482 0.448435002084 1.0625 9.0 1.0 1.0 2.5 0.0 0.0 
234 -0.011936867042 0.00205327389933 14.5112439144 -0.497869969022 -9.31999969482 0.448435002084 1.0625 9.0 1.0 1.0 2.5 0.0 0.0 
234 -0.011936867042 0.00205327389933 14.5112439144 -0.497869969022 -9.31999969482 0.448435002084 1.0625 9.0 1.0 1.0 2.5 0.0 0.0 
234 -0.011936867042 0.00205327389933 14.5112439144 -0.497869969022 -9.31999969482 0.448435002084 1.0625 9.0 1.0 1.0 2.5 0.0 0.0 
234 -0.011936867042 0.00205327389933 14.5112439144 -0.497869969022 -9.31999969482 0.448435002084 1.0625 9.0 1.0 1.0 2.5 0.0 0.0 
234 -0.011936867042 0.00205327389933 14.5112439144 -0.497869969022 -9.31999969482 0.448435002084 1.0625 9.0 1.0 1.0 2.5 0.0 0.0 
234 -0.011936867042 0.00205327389933 14.5112439144 -0.497869969022 -9.31999969482 0.448435002084 1.0625 9.0 1.0 1.0 2.5 0.0 0.0 
234 -0.011936867042 0.00205327389933 14.5112439144 -0.497869969022 -9.31999969482 0.448435002084 1.0625 9.0 1.0 1.0 2.5 0.0 0.0 
234 -0.011936867042 0.00205327389933 14.5112439144 -0.497869969022 -9.31999969482 0.448435002084 1.0625 9.0 1.0 1.0 2.5 0.0 0.0 
234 -0.011936867042 0.00205327389933 14.5112439144 -0.497869969022 -9.31999969482 0.448435002084 1.0625 9.0 1.0 1.0 2.5 0.0 0.0 
234 -0.011936867042 0.00205327389933 14.5112439144 -0.497869969022 -9.31999969482 0.448435002084 1.0625 9.0 1.0 1.0 2.5 0.0 0.0 
234 -0.011936867042 0.00205327389933 14.5112439144 -0.497869969022 -9.31999969482 0.448435002084 1.0625 9.0 1.0 1.0 2.5 0.0 0.0 
234 -0.011936867042 0.00205327389933 14.5112439144 -0.497869969022 -9.31999969482 0.448435002084 1.0625 9.0 1.0 1.0 2.5 0.0 0.0 
234 -0.011936867042 0.00205327389933 14.5112439144 -0.497869969022 -9.31999969482 0.448435002084 1.0625 9.0 1.0 1.0 2.5 0.0 0.0 
234 -0.011936867042 0.00205327389933 14.5112439144 -0.497869969022 -9.31999969482 0.448435002084 1.0625 9.0 1.0 1.0 2.5 0.0 0.0 
236 -0.011936867042 0.00205327389933 14.5112439144 -0.497869969022 -9.31999969482 0.624220211799 1.125 9.0 1.0 1.0 2.5 0.0 0.0 
236 -0.011936867042 0.00205327389933 14.5112439144 -0.497869969022 -9.31999969482 0.624220211799 1.125 9.0 1.0 1.0 2.5 0.0 0.0 
237 -0.011936867042 0.00205327389933 14.5112439144 -0.497869969022 -9.31999969482 0.66389881466 1.09375 9.0 1.0 1.0 2.5 0.0 0.0 
239 -0.011936867042 0.00205327389933 14.5112439144 -0.497869969022 -9.31999969482 0.642930624842 1.09375 9.0 1.0 1.0 2.5 0.0 0.0 
240 -0.011936867042 0.00205327389933 14.5112439144 -0.497869969022 -9.31999969482 0.642930624842 1.09375 9.0 1.0 1.0 2.5 0.0 0.0 
240 -0.011936867042 0.00205327389933 14.5112439144 -0.497869969022 -9.31999969482 0.642930624842 1.09375 9.0 1.0 1.0 2.5 0.0 0.0 
240 -0.011936867042 0.00205327389933 14.5112439144 -0.497869969022 -9.31999969482 0.642930624842 1.09375 9.0 1.0 1.0 2.5 0.0 0.0 
240 -0.011936867042 0.00205327389933 14.5112439144 -0.497869969022 -9.31999969482 0.642930624842 1.09375 9.0 1.0 1.0 2.5 0.0 0.0 
240 -0.011936867042 0.00205327389933 14.5112439144 -0.497869969022 -9.31999969482 0.642930624842 1.09375 9.0 1.0 1.0 2.5 0.0 0.0 
240 -0.011936867042 0.00205327389933 14.5112439144 -0.497869969022 -9.31999969482 0.642930624842 1.09375 9.0 1.0 1.0 2.5 0.0 0.0 
240 -0.011936867042 0.00205327389933 14.5112439144 -0.497869969022 -9.31999969482 0.642930624842 1.09375 9.0 1.0 1.0 2.5 0.0 0.0 
