# visionSample, x, y, visX, visY, angle, rawDist, rawAngle, distM, distC, angleC, angleM, distRSquared, angleRSquared
182 0.0 0.0 0.0 0.0 -2.27999997139 0.642930624842 -3.84375 9.0 1.0 1.0 2.5 0.0 0.0 
182 0.0 0.0 16.16395467 -1.28320000801 -2.27999997139 0.642930624842 -3.84375 9.0 1.0 1.0 2.5 0.0 0.0 
182 0.0 0.0 16.16395467 -1.28320000801 -2.28999996185 0.642930624842 -3.84375 9.0 1.0 1.0 2.5 0.0 0.0 
182 0.0 0.0 16.16395467 -1.28320000801 -2.29999995232 0.642930624842 -3.84375 9.0 1.0 1.0 2.5 0.0 0.0 
182 0.0 0.0 16.16395467 -1.28320000801 -2.29999995232 0.642930624842 -3.84375 9.0 1.0 1.0 2.5 0.0 0.0 
182 0.0 0.0 16.16395467 -1.28320000801 -2.28999996185 0.642930624842 -3.84375 9.0 1.0 1.0 2.5 0.0 0.0 
182 0.0 0.0 16.16395467 -1.28320000801 -2.30999994278 0.642930624842 -3.84375 9.0 1.0 1.0 2.5 0.0 0.0 
182 0.0 0.0 16.16395467 -1.28320000801 -2.32999992371 0.642930624842 -3.84375 9.0 1.0 1.0 2.5 0.0 0.0 
182 0.0 0.0 16.16395467 -1.28320000801 -2.30999994278 0.642930624842 -3.84375 9.0 1.0 1.0 2.5 0.0 0.0 
182 0.0 0.0 16.16395467 -1.28320000801 -2.32999992371 0.642930624842 -3.84375 9.0 1.0 1.0 2.5 0.0 0.0 
182 0.0 0.0 16.16395467 -1.28320000801 -2.32999992371 0.642930624842 -3.84375 9.0 1.0 1.0 2.5 0.0 0.0 
182 0.0 0.0 16.16395467 -1.28320000801 -2.33999991417 0.642930624842 -3.84375 9.0 1.0 1.0 2.5 0.0 0.0 
182 0.0 0.0 16.16395467 -1.28320000801 -2.34999990463 0.642930624842 -3.84375 9.0 1.0 1.0 2.5 0.0 0.0 
182 0.0 0.0 16.16395467 -1.28320000801 -2.34999990463 0.642930624842 -3.84375 9.0 1.0 1.0 2.5 0.0 0.0 
182 0.0 0.0 16.16395467 -1.28320000801 -2.3599998951 0.642930624842 -3.84375 9.0 1.0 1.0 2.5 0.0 0.0 
182 0.0 0.0 16.16395467 -1.28320000801 -2.36999988556 0.642930624842 -3.84375 9.0 1.0 1.0 2.5 0.0 0.0 
182 0.0 0.0 16.16395467 -1.28320000801 -2.3599998951 0.642930624842 -3.84375 9.0 1.0 1.0 2.5 0.0 0.0 
182 0.0 0.0 16.16395467 -1.28320000801 -2.36999988556 0.642930624842 -3.84375 9.0 1.0 1.0 2.5 0.0 0.0 
182 0.0 0.0 16.16395467 -1.28320000801 -2.3900001049 0.642930624842 -3.84375 9.0 1.0 1.0 2.5 0.0 0.0 
182 0.0 0.0 16.16395467 -1.28320000801 -2.40000009537 0.642930624842 -3.84375 9.0 1.0 1.0 2.5 0.0 0.0 
182 0.0 0.0 16.16395467 -1.28320000801 -2.40000009537 0.642930624842 -3.84375 9.0 1.0 1.0 2.5 0.0 0.0 
182 0.0 0.0 16.16395467 -1.28320000801 -2.40000009537 0.642930624842 -3.84375 9.0 1.0 1.0 2.5 0.0 0.0 
182 0.0 0.0 16.16395467 -1.28320000801 -2.40000009537 0.642930624842 -3.84375 9.0 1.0 1.0 2.5 0.0 0.0 
182 0.0 0.0 16.16395467 -1.28320000801 -2.41000008583 0.642930624842 -3.84375 9.0 1.0 1.0 2.5 0.0 0.0 
182 0.0 0.0 16.16395467 -1.28320000801 -2.41000008583 0.642930624842 -3.84375 9.0 1.0 1.0 2.5 0.0 0.0 
182 0.0 0.0 16.16395467 -1.28320000801 -2.42000007629 0.642930624842 -3.84375 9.0 1.0 1.0 2.5 0.0 0.0 
182 0.0 0.0 16.16395467 -1.28320000801 -2.42000007629 0.642930624842 -3.84375 9.0 1.0 1.0 2.5 0.0 0.0 
182 0.0 0.0 16.16395467 -1.28320000801 -2.43000006676 0.642930624842 -3.84375 9.0 1.0 1.0 2.5 0.0 0.0 
182 0.0 0.0 16.16395467 -1.28320000801 -2.43000006676 0.642930624842 -3.84375 9.0 1.0 1.0 2.5 0.0 0.0 
182 0.0 0.0 16.16395467 -1.28320000801 -2.44000005722 0.642930624842 -3.84375 9.0 1.0 1.0 2.5 0.0 0.0 
182 0.0 0.0 16.16395467 -1.28320000801 -2.44000005722 0.642930624842 -3.84375 9.0 1.0 1.0 2.5 0.0 0.0 
182 0.0 0.0 16.16395467 -1.28320000801 -2.44000005722 0.642930624842 -3.84375 9.0 1.0 1.0 2.5 0.0 0.0 
182 0.0 0.0 16.16395467 -1.28320000801 -2.47000002861 0.642930624842 -3.84375 9.0 1.0 1.0 2.5 0.0 0.0 
182 0.0 0.0 16.16395467 -1.28320000801 -2.48000001907 0.642930624842 -3.84375 9.0 1.0 1.0 2.5 0.0 0.0 
182 0.0 0.0 16.16395467 -1.28320000801 -2.48000001907 0.642930624842 -3.84375 9.0 1.0 1.0 2.5 0.0 0.0 
182 0.0 0.0 16.16395467 -1.28320000801 -2.48000001907 0.642930624842 -3.84375 9.0 1.0 1.0 2.5 0.0 0.0 
182 0.0 0.0 16.16395467 -1.28320000801 -2.49000000954 0.642930624842 -3.84375 9.0 1.0 1.0 2.5 0.0 0.0 
182 0.0 0.0 16.16395467 -1.28320000801 -2.5 0.642930624842 -3.84375 9.0 1.0 1.0 2.5 0.0 0.0 
182 0.0 0.0 16.16395467 -1.28320000801 -2.51999998093 0.642930624842 -3.84375 9.0 1.0 1.0 2.5 0.0 0.0 
182 0.0 0.0 16.16395467 -1.28320000801 -2.51999998093 0.642930624842 -3.84375 9.0 1.0 1.0 2.5 0.0 0.0 
182 0.0 0.0 16.16395467 -1.28320000801 -2.5 0.642930624842 -3.84375 9.0 1.0 1.0 2.5 0.0 0.0 
182 0.0 0.0 16.16395467 -1.28320000801 -2.51999998093 0.642930624842 -3.84375 9.0 1.0 1.0 2.5 0.0 0.0 
182 0.0 0.0 16.16395467 -1.28320000801 -2.52999997139 0.642930624842 -3.84375 9.0 1.0 1.0 2.5 0.0 0.0 
182 0.0 0.0 16.16395467 -1.28320000801 -2.52999997139 0.642930624842 -3.84375 9.0 1.0 1.0 2.5 0.0 0.0 
182 0.0 0.0 16.16395467 -1.28320000801 -2.53999996185 0.642930624842 -3.84375 9.0 1.0 1.0 2.5 0.0 0.0 
182 0.0 0.0 16.16395467 -1.28320000801 -2.55999994278 0.642930624842 -3.84375 9.0 1.0 1.0 2.5 0.0 0.0 
182 0.0 0.0 16.16395467 -1.28320000801 -2.55999994278 0.642930624842 -3.84375 9.0 1.0 1.0 2.5 0.0 0.0 
182 0.0 0.0 16.16395467 -1.28320000801 -2.56999993324 0.642930624842 -3.84375 9.0 1.0 1.0 2.5 0.0 0.0 
182 0.0 0.0 16.16395467 -1.28320000801 -2.58999991417 0.642930624842 -3.84375 9.0 1.0 1.0 2.5 0.0 0.0 
182 0.0 0.0 16.16395467 -1.28320000801 -2.57999992371 0.642930624842 -3.84375 9.0 1.0 1.0 2.5 0.0 0.0 
182 0.0 0.0 16.16395467 -1.28320000801 -2.56999993324 0.642930624842 -3.84375 9.0 1.0 1.0 2.5 0.0 0.0 
182 0.0 0.0 16.16395467 -1.28320000801 -2.58999991417 0.642930624842 -3.84375 9.0 1.0 1.0 2.5 0.0 0.0 
182 0.0 0.0 16.16395467 -1.28320000801 -2.6099998951 0.642930624842 -3.84375 9.0 1.0 1.0 2.5 0.0 0.0 
182 0.0 0.0 16.16395467 -1.28320000801 -2.61999988556 0.642930624842 -3.84375 9.0 1.0 1.0 2.5 0.0 0.0 
182 0.0 0.0 16.16395467 -1.28320000801 -2.57999992371 0.642930624842 -3.84375 9.0 1.0 1.0 2.5 0.0 0.0 
182 0.0 0.0 16.16395467 -1.28320000801 -2.61999988556 0.642930624842 -3.84375 9.0 1.0 1.0 2.5 0.0 0.0 
182 0.0 0.0 16.16395467 -1.28320000801 -2.63000011444 0.642930624842 -3.84375 9.0 1.0 1.0 2.5 0.0 0.0 
182 0.0 0.0 16.16395467 -1.28320000801 -2.63000011444 0.642930624842 -3.84375 9.0 1.0 1.0 2.5 0.0 0.0 
182 0.0 0.0 16.16395467 -1.28320000801 -2.6400001049 0.642930624842 -3.84375 9.0 1.0 1.0 2.5 0.0 0.0 
182 0.0 0.0 16.16395467 -1.28320000801 -2.65000009537 0.642930624842 -3.84375 9.0 1.0 1.0 2.5 0.0 0.0 
182 0.0 0.0 16.16395467 -1.28320000801 -2.65000009537 0.642930624842 -3.84375 9.0 1.0 1.0 2.5 0.0 0.0 
182 0.0 0.0 16.16395467 -1.28320000801 -2.67000007629 0.642930624842 -3.84375 9.0 1.0 1.0 2.5 0.0 0.0 
182 0.0 0.0 16.16395467 -1.28320000801 -2.68000006676 0.642930624842 -3.84375 9.0 1.0 1.0 2.5 0.0 0.0 
182 0.0 0.0 16.16395467 -1.28320000801 -2.68000006676 0.642930624842 -3.84375 9.0 1.0 1.0 2.5 0.0 0.0 
182 0.0 0.0 16.16395467 -1.28320000801 -2.68000006676 0.642930624842 -3.84375 9.0 1.0 1.0 2.5 0.0 0.0 
182 0.0 0.0 16.16395467 -1.28320000801 -2.68000006676 0.642930624842 -3.84375 9.0 1.0 1.0 2.5 0.0 0.0 
182 0.0 0.0 16.16395467 -1.28320000801 -2.68000006676 0.642930624842 -3.84375 9.0 1.0 1.0 2.5 0.0 0.0 
182 0.0 0.0 16.16395467 -1.28320000801 -2.68000006676 0.642930624842 -3.84375 9.0 1.0 1.0 2.5 0.0 0.0 
182 0.0 0.0 16.16395467 -1.28320000801 -2.68000006676 0.642930624842 -3.84375 9.0 1.0 1.0 2.5 0.0 0.0 
182 0.0 0.0 16.16395467 -1.28320000801 -2.69000005722 0.642930624842 -3.84375 9.0 1.0 1.0 2.5 0.0 0.0 
182 0.0 0.0 16.16395467 -1.28320000801 -2.69000005722 0.642930624842 -3.84375 9.0 1.0 1.0 2.5 0.0 0.0 
182 0.0 0.0 16.16395467 -1.28320000801 -2.69000005722 0.642930624842 -3.84375 9.0 1.0 1.0 2.5 0.0 0.0 
182 0.0 0.0 16.16395467 -1.28320000801 -2.70000004768 0.642930624842 -3.84375 9.0 1.0 1.0 2.5 0.0 0.0 
182 0.0 0.0 16.16395467 -1.28320000801 -2.71000003815 0.642930624842 -3.84375 9.0 1.0 1.0 2.5 0.0 0.0 
182 0.0 0.0 16.16395467 -1.28320000801 -2.71000003815 0.642930624842 -3.84375 9.0 1.0 1.0 2.5 0.0 0.0 
182 0.0 0.0 16.16395467 -1.28320000801 -2.72000002861 0.642930624842 -3.84375 9.0 1.0 1.0 2.5 0.0 0.0 
182 0.0 0.0 16.16395467 -1.28320000801 -2.72000002861 0.642930624842 -3.84375 9.0 1.0 1.0 2.5 0.0 0.0 
182 0.0 0.0 16.16395467 -1.28320000801 -2.73000001907 0.642930624842 -3.84375 9.0 1.0 1.0 2.5 0.0 0.0 
182 0.0 0.0 16.16395467 -1.28320000801 -2.74000000954 0.642930624842 -3.84375 9.0 1.0 1.0 2.5 0.0 0.0 
182 0.0 0.0 16.16395467 -1.28320000801 -2.73000001907 0.642930624842 -3.84375 9.0 1.0 1.0 2.5 0.0 0.0 
182 0.0 0.0 16.16395467 -1.28320000801 -2.73000001907 0.642930624842 -3.84375 9.0 1.0 1.0 2.5 0.0 0.0 
182 0.0 0.0 16.16395467 -1.28320000801 -2.73000001907 0.642930624842 -3.84375 9.0 1.0 1.0 2.5 0.0 0.0 
182 0.0 0.0 16.16395467 -1.28320000801 -2.74000000954 0.642930624842 -3.84375 9.0 1.0 1.0 2.5 0.0 0.0 
182 0.0 0.0 16.16395467 -1.28320000801 -2.75 0.642930624842 -3.84375 9.0 1.0 1.0 2.5 0.0 0.0 
182 0.0 0.0 16.16395467 -1.28320000801 -2.75999999046 0.642930624842 -3.84375 9.0 1.0 1.0 2.5 0.0 0.0 
182 0.0 0.0 16.16395467 -1.28320000801 -2.75999999046 0.642930624842 -3.84375 9.0 1.0 1.0 2.5 0.0 0.0 
182 0.0 0.0 16.16395467 -1.28320000801 -2.76999998093 0.642930624842 -3.84375 9.0 1.0 1.0 2.5 0.0 0.0 
182 0.0 0.0 16.16395467 -1.28320000801 -2.77999997139 0.642930624842 -3.84375 9.0 1.0 1.0 2.5 0.0 0.0 
182 0.0 0.0 16.16395467 -1.28320000801 -2.77999997139 0.642930624842 -3.84375 9.0 1.0 1.0 2.5 0.0 0.0 
182 0.0 0.0 16.16395467 -1.28320000801 -2.73000001907 0.642930624842 -3.84375 9.0 1.0 1.0 2.5 0.0 0.0 
182 0.0 0.0 16.16395467 -1.28320000801 -2.75 0.642930624842 -3.84375 9.0 1.0 1.0 2.5 0.0 0.0 
182 0.0 0.0 16.16395467 -1.28320000801 -2.75999999046 0.642930624842 -3.84375 9.0 1.0 1.0 2.5 0.0 0.0 
182 0.0 0.0 16.16395467 -1.28320000801 -2.76999998093 0.642930624842 -3.84375 9.0 1.0 1.0 2.5 0.0 0.0 
182 0.0 0.0 16.16395467 -1.28320000801 -2.76999998093 0.642930624842 -3.84375 9.0 1.0 1.0 2.5 0.0 0.0 
182 0.0 0.0 16.16395467 -1.28320000801 -2.76999998093 0.642930624842 -3.84375 9.0 1.0 1.0 2.5 0.0 0.0 
182 0.0 0.0 16.16395467 -1.28320000801 -2.77999997139 0.642930624842 -3.84375 9.0 1.0 1.0 2.5 0.0 0.0 
182 0.0 0.0 16.16395467 -1.28320000801 -2.77999997139 0.642930624842 -3.84375 9.0 1.0 1.0 2.5 0.0 0.0 
182 0.0 0.0 16.16395467 -1.28320000801 -2.77999997139 0.642930624842 -3.84375 9.0 1.0 1.0 2.5 0.0 0.0 
182 0.0 0.0 16.16395467 -1.28320000801 -2.77999997139 0.642930624842 -3.84375 9.0 1.0 1.0 2.5 0.0 0.0 
182 0.0 0.0 16.16395467 -1.28320000801 -2.78999996185 0.642930624842 -3.84375 9.0 1.0 1.0 2.5 0.0 0.0 
182 0.0 0.0 16.16395467 -1.28320000801 -2.78999996185 0.642930624842 -3.84375 9.0 1.0 1.0 2.5 0.0 0.0 
182 0.0 0.0 16.16395467 -1.28320000801 -2.78999996185 0.642930624842 -3.84375 9.0 1.0 1.0 2.5 0.0 0.0 
182 0.0 0.0 16.16395467 -1.28320000801 -2.80999994278 0.642930624842 -3.84375 9.0 1.0 1.0 2.5 0.0 0.0 
182 0.0 0.0 16.16395467 -1.28320000801 -2.78999996185 0.642930624842 -3.84375 9.0 1.0 1.0 2.5 0.0 0.0 
182 0.0 0.0 16.16395467 -1.28320000801 -2.78999996185 0.642930624842 -3.84375 9.0 1.0 1.0 2.5 0.0 0.0 
182 0.0 0.0 16.16395467 -1.28320000801 -2.77999997139 0.642930624842 -3.84375 9.0 1.0 1.0 2.5 0.0 0.0 
182 0.0 0.0 16.16395467 -1.28320000801 -2.78999996185 0.642930624842 -3.84375 9.0 1.0 1.0 2.5 0.0 0.0 
182 0.0 0.0 16.16395467 -1.28320000801 -2.78999996185 0.642930624842 -3.84375 9.0 1.0 1.0 2.5 0.0 0.0 
182 0.0 0.0 16.16395467 -1.28320000801 -2.79999995232 0.642930624842 -3.84375 9.0 1.0 1.0 2.5 0.0 0.0 
182 0.0 0.0 16.16395467 -1.28320000801 -2.79999995232 0.642930624842 -3.84375 9.0 1.0 1.0 2.5 0.0 0.0 
182 0.0 0.0 16.16395467 -1.28320000801 -2.80999994278 0.642930624842 -3.84375 9.0 1.0 1.0 2.5 0.0 0.0 
182 0.0 0.0 16.16395467 -1.28320000801 -2.80999994278 0.642930624842 -3.84375 9.0 1.0 1.0 2.5 0.0 0.0 
182 0.0 0.0 16.16395467 -1.28320000801 -2.80999994278 0.642930624842 -3.84375 9.0 1.0 1.0 2.5 0.0 0.0 
182 0.0 0.0 16.16395467 -1.28320000801 -2.81999993324 0.642930624842 -3.84375 9.0 1.0 1.0 2.5 0.0 0.0 
182 0.0 0.0 16.16395467 -1.28320000801 -2.82999992371 0.642930624842 -3.84375 9.0 1.0 1.0 2.5 0.0 0.0 
182 0.0 0.0 16.16395467 -1.28320000801 -2.82999992371 0.642930624842 -3.84375 9.0 1.0 1.0 2.5 0.0 0.0 
182 0.0 0.0 16.16395467 -1.28320000801 -2.82999992371 0.642930624842 -3.84375 9.0 1.0 1.0 2.5 0.0 0.0 
182 0.0 0.0 16.16395467 -1.28320000801 -2.83999991417 0.642930624842 -3.84375 9.0 1.0 1.0 2.5 0.0 0.0 
182 0.0 0.0 16.16395467 -1.28320000801 -2.83999991417 0.642930624842 -3.84375 9.0 1.0 1.0 2.5 0.0 0.0 
182 0.0 0.0 16.16395467 -1.28320000801 -2.83999991417 0.642930624842 -3.84375 9.0 1.0 1.0 2.5 0.0 0.0 
182 0.0 0.0 16.16395467 -1.28320000801 -2.83999991417 0.642930624842 -3.84375 9.0 1.0 1.0 2.5 0.0 0.0 
182 0.0 0.0 16.16395467 -1.28320000801 -2.82999992371 0.642930624842 -3.84375 9.0 1.0 1.0 2.5 0.0 0.0 
182 0.0 0.0 16.16395467 -1.28320000801 -2.83999991417 0.642930624842 -3.84375 9.0 1.0 1.0 2.5 0.0 0.0 
182 0.0 0.0 16.16395467 -1.28320000801 -2.8599998951 0.642930624842 -3.84375 9.0 1.0 1.0 2.5 0.0 0.0 
182 0.0 0.0 16.16395467 -1.28320000801 -2.84999990463 0.642930624842 -3.84375 9.0 1.0 1.0 2.5 0.0 0.0 
182 0.0 0.0 16.16395467 -1.28320000801 -2.8599998951 0.642930624842 -3.84375 9.0 1.0 1.0 2.5 0.0 0.0 
182 0.0 0.0 16.16395467 -1.28320000801 -2.8599998951 0.642930624842 -3.84375 9.0 1.0 1.0 2.5 0.0 0.0 
182 0.0 0.0 16.16395467 -1.28320000801 -2.88000011444 0.642930624842 -3.84375 9.0 1.0 1.0 2.5 0.0 0.0 
182 0.0 0.0 16.16395467 -1.28320000801 -2.88000011444 0.642930624842 -3.84375 9.0 1.0 1.0 2.5 0.0 0.0 
182 0.0 0.0 16.16395467 -1.28320000801 -2.8900001049 0.642930624842 -3.84375 9.0 1.0 1.0 2.5 0.0 0.0 
182 0.0 0.0 16.16395467 -1.28320000801 -2.88000011444 0.642930624842 -3.84375 9.0 1.0 1.0 2.5 0.0 0.0 
182 0.0 0.0 16.16395467 -1.28320000801 -2.88000011444 0.642930624842 -3.84375 9.0 1.0 1.0 2.5 0.0 0.0 
182 0.0 0.0 16.16395467 -1.28320000801 -2.88000011444 0.642930624842 -3.84375 9.0 1.0 1.0 2.5 0.0 0.0 
182 0.0 0.0 16.16395467 -1.28320000801 -2.88000011444 0.642930624842 -3.84375 9.0 1.0 1.0 2.5 0.0 0.0 
182 0.0 0.0 16.16395467 -1.28320000801 -2.8900001049 0.642930624842 -3.84375 9.0 1.0 1.0 2.5 0.0 0.0 
182 0.0 0.0 16.16395467 -1.28320000801 -2.90000009537 0.642930624842 -3.84375 9.0 1.0 1.0 2.5 0.0 0.0 
182 0.0 0.0 16.16395467 -1.28320000801 -2.90000009537 0.642930624842 -3.84375 9.0 1.0 1.0 2.5 0.0 0.0 
182 0.0 0.0 16.16395467 -1.28320000801 -2.91000008583 0.642930624842 -3.84375 9.0 1.0 1.0 2.5 0.0 0.0 
182 0.0 0.0 16.16395467 -1.28320000801 -2.91000008583 0.642930624842 -3.84375 9.0 1.0 1.0 2.5 0.0 0.0 
182 0.0 0.0 16.16395467 -1.28320000801 -2.92000007629 0.642930624842 -3.84375 9.0 1.0 1.0 2.5 0.0 0.0 
182 0.0 0.0 16.16395467 -1.28320000801 -2.92000007629 0.642930624842 -3.84375 9.0 1.0 1.0 2.5 0.0 0.0 
182 0.0 0.0 16.16395467 -1.28320000801 -2.93000006676 0.642930624842 -3.84375 9.0 1.0 1.0 2.5 0.0 0.0 
182 0.0 0.0 16.16395467 -1.28320000801 -2.92000007629 0.642930624842 -3.84375 9.0 1.0 1.0 2.5 0.0 0.0 
182 0.0 0.0 16.16395467 -1.28320000801 -2.92000007629 0.642930624842 -3.84375 9.0 1.0 1.0 2.5 0.0 0.0 
182 0.0 0.0 16.16395467 -1.28320000801 -2.92000007629 0.642930624842 -3.84375 9.0 1.0 1.0 2.5 0.0 0.0 
182 0.0 0.0 16.16395467 -1.28320000801 -2.93000006676 0.642930624842 -3.84375 9.0 1.0 1.0 2.5 0.0 0.0 
182 0.0 0.0 16.16395467 -1.28320000801 -2.93000006676 0.642930624842 -3.84375 9.0 1.0 1.0 2.5 0.0 0.0 
182 0.0 0.0 16.16395467 -1.28320000801 -2.90000009537 0.642930624842 -3.84375 9.0 1.0 1.0 2.5 0.0 0.0 
182 0.0 0.0 16.16395467 -1.28320000801 -2.92000007629 0.642930624842 -3.84375 9.0 1.0 1.0 2.5 0.0 0.0 
182 0.0 0.0 16.16395467 -1.28320000801 -2.94000005722 0.642930624842 -3.84375 9.0 1.0 1.0 2.5 0.0 0.0 
182 0.0 0.0 16.16395467 -1.28320000801 -2.94000005722 0.642930624842 -3.84375 9.0 1.0 1.0 2.5 0.0 0.0 
182 0.0 0.0 16.16395467 -1.28320000801 -2.94000005722 0.642930624842 -3.84375 9.0 1.0 1.0 2.5 0.0 0.0 
182 0.0 0.0 16.16395467 -1.28320000801 -2.93000006676 0.642930624842 -3.84375 9.0 1.0 1.0 2.5 0.0 0.0 
182 0.0 0.0 16.16395467 -1.28320000801 -2.92000007629 0.642930624842 -3.84375 9.0 1.0 1.0 2.5 0.0 0.0 
182 0.0 0.0 16.16395467 -1.28320000801 -2.93000006676 0.642930624842 -3.84375 9.0 1.0 1.0 2.5 0.0 0.0 
182 0.0 0.0 16.16395467 -1.28320000801 -2.95000004768 0.642930624842 -3.84375 9.0 1.0 1.0 2.5 0.0 0.0 
182 0.0 0.0 16.16395467 -1.28320000801 -2.96000003815 0.642930624842 -3.84375 9.0 1.0 1.0 2.5 0.0 0.0 
182 0.0 0.0 16.16395467 -1.28320000801 -2.94000005722 0.642930624842 -3.84375 9.0 1.0 1.0 2.5 0.0 0.0 
182 0.0 0.0 16.16395467 -1.28320000801 -2.92000007629 0.642930624842 -3.84375 9.0 1.0 1.0 2.5 0.0 0.0 
182 0.0 0.0 16.16395467 -1.28320000801 -2.92000007629 0.642930624842 -3.84375 9.0 1.0 1.0 2.5 0.0 0.0 
182 0.0 0.0 16.16395467 -1.28320000801 -2.92000007629 0.642930624842 -3.84375 9.0 1.0 1.0 2.5 0.0 0.0 
182 0.0 0.0 16.16395467 -1.28320000801 -2.93000006676 0.642930624842 -3.84375 9.0 1.0 1.0 2.5 0.0 0.0 
182 0.0 0.0 16.16395467 -1.28320000801 -2.93000006676 0.642930624842 -3.84375 9.0 1.0 1.0 2.5 0.0 0.0 
182 0.0 0.0 16.16395467 -1.28320000801 -2.95000004768 0.642930624842 -3.84375 9.0 1.0 1.0 2.5 0.0 0.0 
182 0.0 0.0 16.16395467 -1.28320000801 -2.95000004768 0.642930624842 -3.84375 9.0 1.0 1.0 2.5 0.0 0.0 
182 0.0 0.0 16.16395467 -1.28320000801 -2.93000006676 0.642930624842 -3.84375 9.0 1.0 1.0 2.5 0.0 0.0 
182 0.0 0.0 16.16395467 -1.28320000801 -2.92000007629 0.642930624842 -3.84375 9.0 1.0 1.0 2.5 0.0 0.0 
182 0.0 0.0 16.16395467 -1.28320000801 -2.95000004768 0.642930624842 -3.84375 9.0 1.0 1.0 2.5 0.0 0.0 
182 0.0 0.0 16.16395467 -1.28320000801 -2.98000001907 0.642930624842 -3.84375 9.0 1.0 1.0 2.5 0.0 0.0 
182 0.0 0.0 16.16395467 -1.28320000801 -2.98000001907 0.642930624842 -3.84375 9.0 1.0 1.0 2.5 0.0 0.0 
182 0.0 0.0 16.16395467 -1.28320000801 -2.97000002861 0.642930624842 -3.84375 9.0 1.0 1.0 2.5 0.0 0.0 
182 0.0 0.0 16.16395467 -1.28320000801 -2.96000003815 0.642930624842 -3.84375 9.0 1.0 1.0 2.5 0.0 0.0 
182 0.0 0.0 16.16395467 -1.28320000801 -2.99000000954 0.642930624842 -3.84375 9.0 1.0 1.0 2.5 0.0 0.0 
182 0.0 0.0 16.16395467 -1.28320000801 -2.97000002861 0.642930624842 -3.84375 9.0 1.0 1.0 2.5 0.0 0.0 
182 0.0 0.0 16.16395467 -1.28320000801 -2.98000001907 0.642930624842 -3.84375 9.0 1.0 1.0 2.5 0.0 0.0 
182 0.0 0.0 16.16395467 -1.28320000801 -2.99000000954 0.642930624842 -3.84375 9.0 1.0 1.0 2.5 0.0 0.0 
182 0.0 0.0 16.16395467 -1.28320000801 -2.99000000954 0.642930624842 -3.84375 9.0 1.0 1.0 2.5 0.0 0.0 
182 0.0 0.0 16.16395467 -1.28320000801 -2.99000000954 0.642930624842 -3.84375 9.0 1.0 1.0 2.5 0.0 0.0 
182 0.0 0.0 16.16395467 -1.28320000801 -3.0 0.642930624842 -3.84375 9.0 1.0 1.0 2.5 0.0 0.0 
182 0.0 0.0 16.16395467 -1.28320000801 -3.0 0.642930624842 -3.84375 9.0 1.0 1.0 2.5 0.0 0.0 
182 0.0 0.0 16.16395467 -1.28320000801 -3.00999999046 0.642930624842 -3.84375 9.0 1.0 1.0 2.5 0.0 0.0 
182 0.0 0.0 16.16395467 -1.28320000801 -3.00999999046 0.642930624842 -3.84375 9.0 1.0 1.0 2.5 0.0 0.0 
182 0.0 0.0 16.16395467 -1.28320000801 -3.01999998093 0.642930624842 -3.84375 9.0 1.0 1.0 2.5 0.0 0.0 
182 0.0 0.0 16.16395467 -1.28320000801 -3.01999998093 0.642930624842 -3.84375 9.0 1.0 1.0 2.5 0.0 0.0 
182 0.0 0.0 16.16395467 -1.28320000801 -3.02999997139 0.642930624842 -3.84375 9.0 1.0 1.0 2.5 0.0 0.0 
182 0.0 0.0 16.16395467 -1.28320000801 -3.00999999046 0.642930624842 -3.84375 9.0 1.0 1.0 2.5 0.0 0.0 
182 0.0 0.0 16.16395467 -1.28320000801 -3.03999996185 0.642930624842 -3.84375 9.0 1.0 1.0 2.5 0.0 0.0 
182 0.0 0.0 16.16395467 -1.28320000801 -3.04999995232 0.642930624842 -3.84375 9.0 1.0 1.0 2.5 0.0 0.0 
182 0.0 0.0 16.16395467 -1.28320000801 -3.05999994278 0.642930624842 -3.84375 9.0 1.0 1.0 2.5 0.0 0.0 
182 0.0 0.0 16.16395467 -1.28320000801 -3.03999996185 0.642930624842 -3.84375 9.0 1.0 1.0 2.5 0.0 0.0 
182 0.0 0.0 16.16395467 -1.28320000801 -3.07999992371 0.642930624842 -3.84375 9.0 1.0 1.0 2.5 0.0 0.0 
182 0.0 0.0 16.16395467 -1.28320000801 -3.07999992371 0.642930624842 -3.84375 9.0 1.0 1.0 2.5 0.0 0.0 
182 0.0 0.0 16.16395467 -1.28320000801 -3.1099998951 0.642930624842 -3.84375 9.0 1.0 1.0 2.5 0.0 0.0 
182 0.0 0.0 16.16395467 -1.28320000801 -3.1099998951 0.642930624842 -3.84375 9.0 1.0 1.0 2.5 0.0 0.0 
182 0.0 0.0 16.16395467 -1.28320000801 -3.09999990463 0.642930624842 -3.84375 9.0 1.0 1.0 2.5 0.0 0.0 
182 0.0 0.0 16.16395467 -1.28320000801 -3.1099998951 0.642930624842 -3.84375 9.0 1.0 1.0 2.5 0.0 0.0 
182 0.0 0.0 16.16395467 -1.28320000801 -3.08999991417 0.642930624842 -3.84375 9.0 1.0 1.0 2.5 0.0 0.0 
182 0.0 0.0 16.16395467 -1.28320000801 -3.1099998951 0.642930624842 -3.84375 9.0 1.0 1.0 2.5 0.0 0.0 
182 0.0 0.0 16.16395467 -1.28320000801 -3.13000011444 0.642930624842 -3.84375 9.0 1.0 1.0 2.5 0.0 0.0 
182 0.0 0.0 16.16395467 -1.28320000801 -3.13000011444 0.642930624842 -3.84375 9.0 1.0 1.0 2.5 0.0 0.0 
182 0.0 0.0 16.16395467 -1.28320000801 -3.11999988556 0.642930624842 -3.84375 9.0 1.0 1.0 2.5 0.0 0.0 
182 0.0 0.0 16.16395467 -1.28320000801 -3.1400001049 0.642930624842 -3.84375 9.0 1.0 1.0 2.5 0.0 0.0 
182 0.0 0.0 16.16395467 -1.28320000801 -3.13000011444 0.642930624842 -3.84375 9.0 1.0 1.0 2.5 0.0 0.0 
182 0.0 0.0 16.16395467 -1.28320000801 -3.15000009537 0.642930624842 -3.84375 9.0 1.0 1.0 2.5 0.0 0.0 
182 0.0 0.0 16.16395467 -1.28320000801 -3.16000008583 0.642930624842 -3.84375 9.0 1.0 1.0 2.5 0.0 0.0 
182 0.0 0.0 16.16395467 -1.28320000801 -3.16000008583 0.642930624842 -3.84375 9.0 1.0 1.0 2.5 0.0 0.0 
182 0.0 0.0 16.16395467 -1.28320000801 -3.17000007629 0.642930624842 -3.84375 9.0 1.0 1.0 2.5 0.0 0.0 
182 0.0 0.0 16.16395467 -1.28320000801 -3.18000006676 0.642930624842 -3.84375 9.0 1.0 1.0 2.5 0.0 0.0 
182 0.0 0.0 16.16395467 -1.28320000801 -3.17000007629 0.642930624842 -3.84375 9.0 1.0 1.0 2.5 0.0 0.0 
182 0.0 0.0 16.16395467 -1.28320000801 -3.18000006676 0.642930624842 -3.84375 9.0 1.0 1.0 2.5 0.0 0.0 
182 0.0 0.0 16.16395467 -1.28320000801 -3.19000005722 0.642930624842 -3.84375 9.0 1.0 1.0 2.5 0.0 0.0 
182 0.0 0.0 16.16395467 -1.28320000801 -3.18000006676 0.642930624842 -3.84375 9.0 1.0 1.0 2.5 0.0 0.0 
182 0.0 0.0 16.16395467 -1.28320000801 -3.18000006676 0.642930624842 -3.84375 9.0 1.0 1.0 2.5 0.0 0.0 
182 0.0 0.0 16.16395467 -1.28320000801 -3.20000004768 0.642930624842 -3.84375 9.0 1.0 1.0 2.5 0.0 0.0 
182 0.0 0.0 16.16395467 -1.28320000801 -3.21000003815 0.642930624842 -3.84375 9.0 1.0 1.0 2.5 0.0 0.0 
182 0.0 0.0 16.16395467 -1.28320000801 -3.21000003815 0.642930624842 -3.84375 9.0 1.0 1.0 2.5 0.0 0.0 
182 0.0 0.0 16.16395467 -1.28320000801 -3.20000004768 0.642930624842 -3.84375 9.0 1.0 1.0 2.5 0.0 0.0 
182 0.0 0.0 16.16395467 -1.28320000801 -3.20000004768 0.642930624842 -3.84375 9.0 1.0 1.0 2.5 0.0 0.0 
182 0.0 0.0 16.16395467 -1.28320000801 -3.21000003815 0.642930624842 -3.84375 9.0 1.0 1.0 2.5 0.0 0.0 
182 0.0 0.0 16.16395467 -1.28320000801 -3.22000002861 0.642930624842 -3.84375 9.0 1.0 1.0 2.5 0.0 0.0 
182 0.0 0.0 16.16395467 -1.28320000801 -3.21000003815 0.642930624842 -3.84375 9.0 1.0 1.0 2.5 0.0 0.0 
182 0.0 0.0 16.16395467 -1.28320000801 -3.20000004768 0.642930624842 -3.84375 9.0 1.0 1.0 2.5 0.0 0.0 
182 0.0 0.0 16.16395467 -1.28320000801 -3.21000003815 0.642930624842 -3.84375 9.0 1.0 1.0 2.5 0.0 0.0 
182 0.0 0.0 16.16395467 -1.28320000801 -3.22000002861 0.642930624842 -3.84375 9.0 1.0 1.0 2.5 0.0 0.0 
182 0.0 0.0 16.16395467 -1.28320000801 -3.23000001907 0.642930624842 -3.84375 9.0 1.0 1.0 2.5 0.0 0.0 
182 0.0 0.0 16.16395467 -1.28320000801 -3.23000001907 0.642930624842 -3.84375 9.0 1.0 1.0 2.5 0.0 0.0 
182 0.0 0.0 16.16395467 -1.28320000801 -3.24000000954 0.642930624842 -3.84375 9.0 1.0 1.0 2.5 0.0 0.0 
182 0.0 0.0 16.16395467 -1.28320000801 -3.23000001907 0.642930624842 -3.84375 9.0 1.0 1.0 2.5 0.0 0.0 
182 0.0 0.0 16.16395467 -1.28320000801 -3.24000000954 0.642930624842 -3.84375 9.0 1.0 1.0 2.5 0.0 0.0 
182 0.0 0.0 16.16395467 -1.28320000801 -3.25 0.642930624842 -3.84375 9.0 1.0 1.0 2.5 0.0 0.0 
182 0.0 0.0 16.16395467 -1.28320000801 -3.25 0.642930624842 -3.84375 9.0 1.0 1.0 2.5 0.0 0.0 
182 0.0 0.0 16.16395467 -1.28320000801 -3.26999998093 0.642930624842 -3.84375 9.0 1.0 1.0 2.5 0.0 0.0 
182 0.0 0.0 16.16395467 -1.28320000801 -3.27999997139 0.642930624842 -3.84375 9.0 1.0 1.0 2.5 0.0 0.0 
182 0.0 0.0 16.16395467 -1.28320000801 -3.27999997139 0.642930624842 -3.84375 9.0 1.0 1.0 2.5 0.0 0.0 
182 0.0 0.0 16.16395467 -1.28320000801 -3.26999998093 0.642930624842 -3.84375 9.0 1.0 1.0 2.5 0.0 0.0 
182 0.0 0.0 16.16395467 -1.28320000801 -3.25999999046 0.642930624842 -3.84375 9.0 1.0 1.0 2.5 0.0 0.0 
182 0.0 0.0 16.16395467 -1.28320000801 -3.26999998093 0.642930624842 -3.84375 9.0 1.0 1.0 2.5 0.0 0.0 
182 0.0 0.0 16.16395467 -1.28320000801 -3.26999998093 0.642930624842 -3.84375 9.0 1.0 1.0 2.5 0.0 0.0 
182 0.0 0.0 16.16395467 -1.28320000801 -3.28999996185 0.642930624842 -3.84375 9.0 1.0 1.0 2.5 0.0 0.0 
182 0.0 0.0 16.16395467 -1.28320000801 -3.29999995232 0.642930624842 -3.84375 9.0 1.0 1.0 2.5 0.0 0.0 
182 0.0 0.0 16.16395467 -1.28320000801 -3.30999994278 0.642930624842 -3.84375 9.0 1.0 1.0 2.5 0.0 0.0 
182 0.0 0.0 16.16395467 -1.28320000801 -3.30999994278 0.642930624842 -3.84375 9.0 1.0 1.0 2.5 0.0 0.0 
182 0.0 0.0 16.16395467 -1.28320000801 -3.30999994278 0.642930624842 -3.84375 9.0 1.0 1.0 2.5 0.0 0.0 
182 0.0 0.0 16.16395467 -1.28320000801 -3.31999993324 0.642930624842 -3.84375 9.0 1.0 1.0 2.5 0.0 0.0 
