# visionSample, x, y, visX, visY, angle, rawDist, rawAngle, distM, distC, angleC, angleM, distRSquared, angleRSquared
2958 8.88326728865 0.136781371722 6.75707313975 -0.11878450965 185.429999828 0.19394418686 0.171875 9.0 1.0 1.0 2.5 0.0 0.0 
2958 8.85729540843 0.134325326243 6.75707313975 -0.11878450965 185.420000076 0.19394418686 0.171875 9.0 1.0 1.0 2.5 0.0 0.0 
2958 8.85729540843 0.134325326243 6.75707313975 -0.11878450965 185.320000172 0.19394418686 0.171875 9.0 1.0 1.0 2.5 0.0 0.0 
2958 8.85729540843 0.134325326243 6.75707313975 -0.11878450965 185.320000172 0.19394418686 0.171875 9.0 1.0 1.0 2.5 0.0 0.0 
2958 8.62258319238 0.11253523733 6.75707313975 -0.11878450965 185.269999981 0.19394418686 0.171875 9.0 1.0 1.0 2.5 0.0 0.0 
2958 7.91554479579 0.0611815529888 6.75707313975 -0.11878450965 180.879999995 0.19394418686 0.171875 9.0 1.0 1.0 2.5 0.0 0.0 
2960 6.97227628152 0.11009374051 6.75707313975 -0.11878450965 170.06000042 0.211803569906 -2.875 9.0 1.0 1.0 2.5 0.0 0.0 
2963 5.83986103534 0.428465167229 6.39023506541 1.29821304358 154.309999466 0.26331841472 0.8125 9.0 1.0 1.0 2.5 0.0 0.0 
2963 4.89581908145 1.02511881149 6.39023506541 1.29821304358 129.11000061 0.26331841472 0.8125 9.0 1.0 1.0 2.5 0.0 0.0 
2963 4.20192712756 1.99793526664 6.39023506541 1.29821304358 110.260002136 0.26331841472 0.8125 9.0 1.0 1.0 2.5 0.0 0.0 
2963 3.91758418668 4.00416811021 6.39023506541 1.29821304358 70.7699966431 0.26331841472 0.8125 9.0 1.0 1.0 2.5 0.0 0.0 
2963 4.1388526429 4.7720939236 6.39023506541 1.29821304358 59.7900009155 0.26331841472 0.8125 9.0 1.0 1.0 2.5 0.0 0.0 
2963 5.02454194905 6.17254996021 6.39023506541 1.29821304358 42.8000030518 0.26331841472 0.8125 9.0 1.0 1.0 2.5 0.0 0.0 
2963 6.43549127894 7.27514723231 6.39023506541 1.29821304358 28.4700012207 0.26331841472 0.8125 9.0 1.0 1.0 2.5 0.0 0.0 
2963 8.19077705492 8.06535173905 6.39023506541 1.29821304358 17.9499969482 0.26331841472 0.8125 9.0 1.0 1.0 2.5 0.0 0.0 
2963 9.14030654481 8.35278922786 6.39023506541 1.29821304358 13.6499938965 0.26331841472 0.8125 9.0 1.0 1.0 2.5 0.0 0.0 
2963 12.0679502129 8.80234107241 6.39023506541 1.29821304358 4.22999572754 0.26331841472 0.8125 9.0 1.0 1.0 2.5 0.0 0.0 
2963 15.208770558 9.03140300575 6.39023506541 1.29821304358 3.88000488281 0.26331841472 0.8125 9.0 1.0 1.0 2.5 0.0 0.0 
2963 17.2458544743 9.14629928079 6.39023506541 1.29821304358 359.130004883 0.26331841472 0.8125 9.0 1.0 1.0 2.5 0.0 0.0 
2963 20.4335565591 8.95809331473 6.39023506541 1.29821304358 346.880004883 0.26331841472 0.8125 9.0 1.0 1.0 2.5 0.0 0.0 
2963 22.5714501075 8.39731228648 6.39023506541 1.29821304358 338.61000061 0.26331841472 0.8125 9.0 1.0 1.0 2.5 0.0 0.0 
2963 24.6390971795 7.4758204066 6.39023506541 1.29821304358 331.929992676 0.26331841472 0.8125 9.0 1.0 1.0 2.5 0.0 0.0 
2963 26.6207546338 6.32041965164 6.39023506541 1.29821304358 326.330001831 0.26331841472 0.8125 9.0 1.0 1.0 2.5 0.0 0.0 
2963 28.5008468481 4.97988988994 6.39023506541 1.29821304358 321.520004272 0.26331841472 0.8125 9.0 1.0 1.0 2.5 0.0 0.0 
2963 29.4076100089 4.2432178937 6.39023506541 1.29821304358 319.080001831 0.26331841472 0.8125 9.0 1.0 1.0 2.5 0.0 0.0 
2963 31.1515790024 2.64015712041 6.39023506541 1.29821304358 314.88999939 0.26331841472 0.8125 9.0 1.0 1.0 2.5 0.0 0.0 
2963 32.7842985602 0.926203022052 6.39023506541 1.29821304358 311.720001221 0.26331841472 0.8125 9.0 1.0 1.0 2.5 0.0 0.0 
2963 35.0865468244 -1.73510573243 6.39023506541 1.29821304358 312.009994507 0.26331841472 0.8125 9.0 1.0 1.0 2.5 0.0 0.0 
2963 36.615366783 -3.36925580848 6.39023506541 1.29821304358 318.309997559 0.26331841472 0.8125 9.0 1.0 1.0 2.5 0.0 0.0 
2963 37.3018959971 -4.00839259737 6.39023506541 1.29821304358 323.86000061 0.26331841472 0.8125 9.0 1.0 1.0 2.5 0.0 0.0 
2963 37.2695689646 -4.0238506619 6.39023506541 1.29821304358 331.5 0.26331841472 0.8125 9.0 1.0 1.0 2.5 0.0 0.0 
2963 36.887660983 -3.84529484045 6.39023506541 1.29821304358 341.669998169 0.26331841472 0.8125 9.0 1.0 1.0 2.5 0.0 0.0 
2963 36.7364317127 -3.79836480299 6.39023506541 1.29821304358 347.270004272 0.26331841472 0.8125 9.0 1.0 1.0 2.5 0.0 0.0 
2963 36.0128987171 -3.66907284359 6.39023506541 1.29821304358 347.410003662 0.26331841472 0.8125 9.0 1.0 1.0 2.5 0.0 0.0 
2963 35.0479607635 -3.38184923415 6.39023506541 1.29821304358 336.190002441 0.26331841472 0.8125 9.0 1.0 1.0 2.5 0.0 0.0 
2963 33.9655781264 -2.7648122835 6.39023506541 1.29821304358 320.399993896 0.26331841472 0.8125 9.0 1.0 1.0 2.5 0.0 0.0 
2963 33.0177140446 -1.76216375756 6.39023506541 1.29821304358 301.489997864 0.26331841472 0.8125 9.0 1.0 1.0 2.5 0.0 0.0 
2963 32.3962466445 -0.327398875077 6.39023506541 1.29821304358 276.169998169 0.26331841472 0.8125 9.0 1.0 1.0 2.5 0.0 0.0 
2963 32.2650387483 1.43786622913 6.39023506541 1.29821304358 265.190002441 0.26331841472 0.8125 9.0 1.0 1.0 2.5 0.0 0.0 
2963 32.495426058 2.99916414239 6.39023506541 1.29821304358 254.180000305 0.26331841472 0.8125 9.0 1.0 1.0 2.5 0.0 0.0 
2963 32.8390569094 3.98139065111 6.39023506541 1.29821304358 244.790000916 0.26331841472 0.8125 9.0 1.0 1.0 2.5 0.0 0.0 
2963 33.2606942465 4.75642678865 6.39023506541 1.29821304358 234.599998474 0.26331841472 0.8125 9.0 1.0 1.0 2.5 0.0 0.0 
2963 33.536052539 5.09514183624 6.39023506541 1.29821304358 226.930000305 0.26331841472 0.8125 9.0 1.0 1.0 2.5 0.0 0.0 
2963 33.6815949936 5.25613741919 6.39023506541 1.29821304358 235.700000763 0.26331841472 0.8125 9.0 1.0 1.0 2.5 0.0 0.0 
2963 33.4253858895 4.77277495262 6.39023506541 1.29821304358 248.290000916 0.26331841472 0.8125 9.0 1.0 1.0 2.5 0.0 0.0 
2963 33.4741149479 4.93139101521 6.39023506541 1.29821304358 255.13999939 0.26331841472 0.8125 9.0 1.0 1.0 2.5 0.0 0.0 
2963 33.7569634478 5.94376583111 6.39023506541 1.29821304358 236.950000763 0.26331841472 0.8125 9.0 1.0 1.0 2.5 0.0 0.0 
2963 34.0297050846 6.42230057393 6.39023506541 1.29821304358 226.680000305 0.26331841472 0.8125 9.0 1.0 1.0 2.5 0.0 0.0 
2963 34.6231560762 6.98640306537 6.39023506541 1.29821304358 217.270000458 0.26331841472 0.8125 9.0 1.0 1.0 2.5 0.0 0.0 
2963 35.1369265502 7.36182278093 6.39023506541 1.29821304358 215.119998932 0.26331841472 0.8125 9.0 1.0 1.0 2.5 0.0 0.0 
2963 35.6065967017 7.68677653057 6.39023506541 1.29821304358 213.990001678 0.26331841472 0.8125 9.0 1.0 1.0 2.5 0.0 0.0 
2963 35.3410052208 7.51410252744 6.39023506541 1.29821304358 212.029998779 0.26331841472 0.8125 9.0 1.0 1.0 2.5 0.0 0.0 
2963 35.0178426525 7.32124553602 6.39023506541 1.29821304358 207.229999542 0.26331841472 0.8125 9.0 1.0 1.0 2.5 0.0 0.0 
2963 34.4770666026 7.07158051868 6.39023506541 1.29821304358 197.930000305 0.26331841472 0.8125 9.0 1.0 1.0 2.5 0.0 0.0 
2963 33.8309252072 6.89932310034 6.39023506541 1.29821304358 192.220000267 0.26331841472 0.8125 9.0 1.0 1.0 2.5 0.0 0.0 
2963 32.8945376347 6.72861269718 6.39023506541 1.29821304358 186.650000095 0.26331841472 0.8125 9.0 1.0 1.0 2.5 0.0 0.0 
2963 32.2460277332 6.66982557092 6.39023506541 1.29821304358 183.099999905 0.26331841472 0.8125 9.0 1.0 1.0 2.5 0.0 0.0 
2963 31.9761473193 6.65691926368 6.39023506541 1.29821304358 181.340000033 0.26331841472 0.8125 9.0 1.0 1.0 2.5 0.0 0.0 
2963 31.6196319039 6.64302375707 6.39023506541 1.29821304358 186.670000076 0.26331841472 0.8125 9.0 1.0 1.0 2.5 0.0 0.0 
2963 31.4515092615 6.60790074772 6.39023506541 1.29821304358 199.729999542 0.26331841472 0.8125 9.0 1.0 1.0 2.5 0.0 0.0 
2963 31.362761743 6.55836321286 6.39023506541 1.29821304358 225.959999084 0.26331841472 0.8125 9.0 1.0 1.0 2.5 0.0 0.0 
2963 31.4152801682 6.66829506804 6.39023506541 1.29821304358 248.5 0.26331841472 0.8125 9.0 1.0 1.0 2.5 0.0 0.0 
2963 31.5993709107 7.35478803098 6.39023506541 1.29821304358 262.779998779 0.26331841472 0.8125 9.0 1.0 1.0 2.5 0.0 0.0 
2963 31.6549992294 7.89592144285 6.39023506541 1.29821304358 267.529998779 0.26331841472 0.8125 9.0 1.0 1.0 2.5 0.0 0.0 
2963 31.6536546673 9.06179243428 6.39023506541 1.29821304358 273.88999939 0.26331841472 0.8125 9.0 1.0 1.0 2.5 0.0 0.0 
2963 31.5725584889 9.93836621169 6.39023506541 1.29821304358 275.309997559 0.26331841472 0.8125 9.0 1.0 1.0 2.5 0.0 0.0 
2963 31.533064112 10.4758675746 6.39023506541 1.29821304358 259.870002747 0.26331841472 0.8125 9.0 1.0 1.0 2.5 0.0 0.0 
2963 31.6223920057 10.8642209475 6.39023506541 1.29821304358 242.150001526 0.26331841472 0.8125 9.0 1.0 1.0 2.5 0.0 0.0 
2963 31.841077299 11.2357166193 6.39023506541 1.29821304358 236.279998779 0.26331841472 0.8125 9.0 1.0 1.0 2.5 0.0 0.0 
2963 32.0208423267 11.5317790693 6.39023506541 1.29821304358 245.010002136 0.26331841472 0.8125 9.0 1.0 1.0 2.5 0.0 0.0 
2963 32.2720285684 12.1830700502 6.39023506541 1.29821304358 256.050003052 0.26331841472 0.8125 9.0 1.0 1.0 2.5 0.0 0.0 
2963 32.3538844091 12.7599892573 6.39023506541 1.29821304358 270.36000061 0.26331841472 0.8125 9.0 1.0 1.0 2.5 0.0 0.0 
2963 32.3336808268 13.1467731349 6.39023506541 1.29821304358 275.029998779 0.26331841472 0.8125 9.0 1.0 1.0 2.5 0.0 0.0 
2963 32.3277388689 13.2294697677 6.39023506541 1.29821304358 266.330001831 0.26331841472 0.8125 9.0 1.0 1.0 2.5 0.0 0.0 
2963 32.3490189561 13.394272521 6.39023506541 1.29821304358 249.339996338 0.26331841472 0.8125 9.0 1.0 1.0 2.5 0.0 0.0 
2963 32.6147389108 14.0423580485 6.39023506541 1.29821304358 239.689998627 0.26331841472 0.8125 9.0 1.0 1.0 2.5 0.0 0.0 
2963 33.3795100776 15.2330834592 6.39023506541 1.29821304358 236.009998322 0.26331841472 0.8125 9.0 1.0 1.0 2.5 0.0 0.0 
2963 33.0341648501 14.703061049 6.39023506541 1.29821304358 234.830001831 0.26331841472 0.8125 9.0 1.0 1.0 2.5 0.0 0.0 
2963 33.0954127757 14.7491173806 6.39023506541 1.29821304358 223.720001221 0.26331841472 0.8125 9.0 1.0 1.0 2.5 0.0 0.0 
2963 33.2941766434 14.9085531314 6.39023506541 1.29821304358 215.159999847 0.26331841472 0.8125 9.0 1.0 1.0 2.5 0.0 0.0 
2963 34.0759810778 15.3478594986 6.39023506541 1.29821304358 200.100000381 0.26331841472 0.8125 9.0 1.0 1.0 2.5 0.0 0.0 
2963 34.5676184704 15.5135164189 6.39023506541 1.29821304358 194.590000153 0.26331841472 0.8125 9.0 1.0 1.0 2.5 0.0 0.0 
2963 35.8566843023 15.7656883758 6.39023506541 1.29821304358 185.110000134 0.26331841472 0.8125 9.0 1.0 1.0 2.5 0.0 0.0 
2963 37.4370089899 15.8917666835 6.39023506541 1.29821304358 181.720000029 0.26331841472 0.8125 9.0 1.0 1.0 2.5 0.0 0.0 
2963 39.0909455614 15.9414720417 6.39023506541 1.29821304358 182.970000029 0.26331841472 0.8125 9.0 1.0 1.0 2.5 0.0 0.0 
2963 40.6418558362 16.0450245926 6.39023506541 1.29821304358 191.609999657 0.26331841472 0.8125 9.0 1.0 1.0 2.5 0.0 0.0 
2963 41.3702425303 16.1906157778 6.39023506541 1.29821304358 195.829999924 0.26331841472 0.8125 9.0 1.0 1.0 2.5 0.0 0.0 
2963 42.213235992 16.444532426 6.39023506541 1.29821304358 195.760000229 0.26331841472 0.8125 9.0 1.0 1.0 2.5 0.0 0.0 
2963 43.0318155432 16.6013654213 6.39023506541 1.29821304358 187.070000172 0.26331841472 0.8125 9.0 1.0 1.0 2.5 0.0 0.0 
2966 43.9734715576 16.7622532071 6.39023506541 1.29821304358 195.109999657 0.196576360136 -6.765625 9.0 1.0 1.0 2.5 0.0 0.0 
2966 44.8853902772 17.0418962113 6.39023506541 1.29821304358 198.299999237 0.196576360136 -6.765625 9.0 1.0 1.0 2.5 0.0 0.0 
2966 45.6260350228 17.3143206995 6.39023506541 1.29821304358 219.36000061 0.196576360136 -6.765625 9.0 1.0 1.0 2.5 0.0 0.0 
2966 45.6130442468 17.3037149805 6.39023506541 1.29821304358 220.349998474 0.196576360136 -6.765625 9.0 1.0 1.0 2.5 0.0 0.0 
2966 45.8033607642 17.4682139062 6.39023506541 1.29821304358 222.189998627 0.196576360136 -6.765625 9.0 1.0 1.0 2.5 0.0 0.0 
2966 45.9330653924 17.5900143284 6.39023506541 1.29821304358 225.720001221 0.196576360136 -6.765625 9.0 1.0 1.0 2.5 0.0 0.0 
2966 45.9428126129 17.600029685 6.39023506541 1.29821304358 226.349998474 0.196576360136 -6.765625 9.0 1.0 1.0 2.5 0.0 0.0 
2966 45.8587753669 17.5115159003 6.39023506541 1.29821304358 227.63999939 0.196576360136 -6.765625 9.0 1.0 1.0 2.5 0.0 0.0 
2966 45.9815978539 17.6648648179 6.39023506541 1.29821304358 235.630001068 0.196576360136 -6.765625 9.0 1.0 1.0 2.5 0.0 0.0 
2966 46.0658026215 17.7934431954 6.39023506541 1.29821304358 241.0 0.196576360136 -6.765625 9.0 1.0 1.0 2.5 0.0 0.0 
2966 46.0759490231 17.8123159165 6.39023506541 1.29821304358 244.040000916 0.196576360136 -6.765625 9.0 1.0 1.0 2.5 0.0 0.0 
2966 46.0806346018 17.8234949919 6.39023506541 1.29821304358 245.260002136 0.196576360136 -6.765625 9.0 1.0 1.0 2.5 0.0 0.0 
2966 46.1308763782 17.9326817904 6.39023506541 1.29821304358 247.0 0.196576360136 -6.765625 9.0 1.0 1.0 2.5 0.0 0.0 
2966 45.9932059361 17.6085199546 6.39023506541 1.29821304358 245.819999695 0.196576360136 -6.765625 9.0 1.0 1.0 2.5 0.0 0.0 
2966 45.8838757632 17.3716744128 6.39023506541 1.29821304358 242.950000763 0.196576360136 -6.765625 9.0 1.0 1.0 2.5 0.0 0.0 
2966 45.8841807513 17.3542819292 6.39023506541 1.29821304358 234.439998627 0.196576360136 -6.765625 9.0 1.0 1.0 2.5 0.0 0.0 
2966 45.9619820285 17.4612876242 6.39023506541 1.29821304358 233.720001221 0.196576360136 -6.765625 9.0 1.0 1.0 2.5 0.0 0.0 
2966 46.327793038 17.987521873 6.39023506541 1.29821304358 238.349998474 0.196576360136 -6.765625 9.0 1.0 1.0 2.5 0.0 0.0 
2966 46.6868950638 18.6617219695 6.39023506541 1.29821304358 249.680000305 0.196576360136 -6.765625 9.0 1.0 1.0 2.5 0.0 0.0 
2966 46.7648673491 18.8860067312 6.39023506541 1.29821304358 254.870002747 0.196576360136 -6.765625 9.0 1.0 1.0 2.5 0.0 0.0 
2966 46.7477272722 18.8318236968 6.39023506541 1.29821304358 250.849998474 0.196576360136 -6.765625 9.0 1.0 1.0 2.5 0.0 0.0 
2966 46.740979068 18.813460495 6.39023506541 1.29821304358 246.5 0.196576360136 -6.765625 9.0 1.0 1.0 2.5 0.0 0.0 
2966 46.8394619679 18.9979619255 6.39023506541 1.29821304358 233.38999939 0.196576360136 -6.765625 9.0 1.0 1.0 2.5 0.0 0.0 
2966 46.9289944101 19.1274113822 6.39023506541 1.29821304358 241.169998169 0.196576360136 -6.765625 9.0 1.0 1.0 2.5 0.0 0.0 
2966 46.9451669062 19.1546631648 6.39023506541 1.29821304358 244.480003357 0.196576360136 -6.765625 9.0 1.0 1.0 2.5 0.0 0.0 
2966 46.9443621897 19.1529824629 6.39023506541 1.29821304358 244.699996948 0.196576360136 -6.765625 9.0 1.0 1.0 2.5 0.0 0.0 
2966 46.9447603614 19.1538248017 6.39023506541 1.29821304358 244.680000305 0.196576360136 -6.765625 9.0 1.0 1.0 2.5 0.0 0.0 
2966 46.9447603614 19.1538248017 6.39023506541 1.29821304358 244.680000305 0.196576360136 -6.765625 9.0 1.0 1.0 2.5 0.0 0.0 
2966 46.9109260821 19.0822211953 6.39023506541 1.29821304358 245.699996948 0.196576360136 -6.765625 9.0 1.0 1.0 2.5 0.0 0.0 
2966 46.9480131196 19.1686877009 6.39023506541 1.29821304358 247.160003662 0.196576360136 -6.765625 9.0 1.0 1.0 2.5 0.0 0.0 
2966 46.9480775998 19.1686598245 6.39023506541 1.29821304358 245.769996643 0.196576360136 -6.765625 9.0 1.0 1.0 2.5 0.0 0.0 
2966 46.9320674975 19.1329532196 6.39023506541 1.29821304358 245.739997864 0.196576360136 -6.765625 9.0 1.0 1.0 2.5 0.0 0.0 
2966 46.9355667212 19.1405727656 6.39023506541 1.29821304358 243.099998474 0.196576360136 -6.765625 9.0 1.0 1.0 2.5 0.0 0.0 
2966 46.9355667212 19.1405727656 6.39023506541 1.29821304358 243.060001373 0.196576360136 -6.765625 9.0 1.0 1.0 2.5 0.0 0.0 
2966 46.9359888371 19.1414033639 6.39023506541 1.29821304358 243.060001373 0.196576360136 -6.765625 9.0 1.0 1.0 2.5 0.0 0.0 
2966 46.9359888371 19.1414033639 6.39023506541 1.29821304358 243.049999237 0.196576360136 -6.765625 9.0 1.0 1.0 2.5 0.0 0.0 
2966 46.889787626 19.0499210395 6.39023506541 1.29821304358 245.13999939 0.196576360136 -6.765625 9.0 1.0 1.0 2.5 0.0 0.0 
2966 46.7951776678 18.8311199604 6.39023506541 1.29821304358 254.739997864 0.196576360136 -6.765625 9.0 1.0 1.0 2.5 0.0 0.0 
2966 46.7239761234 18.5250512638 6.39023506541 1.29821304358 270.269996643 0.196576360136 -6.765625 9.0 1.0 1.0 2.5 0.0 0.0 
2966 46.7191049068 18.4190166735 6.39023506541 1.29821304358 278.839996338 0.196576360136 -6.765625 9.0 1.0 1.0 2.5 0.0 0.0 
2966 46.7197300217 18.3880355355 6.39023506541 1.29821304358 282.669998169 0.196576360136 -6.765625 9.0 1.0 1.0 2.5 0.0 0.0 
2966 46.6642041753 18.66287655 6.39023506541 1.29821304358 274.800003052 0.196576360136 -6.765625 9.0 1.0 1.0 2.5 0.0 0.0 
2966 46.6323039904 18.7042461827 6.39023506541 1.29821304358 266.080001831 0.196576360136 -6.765625 9.0 1.0 1.0 2.5 0.0 0.0 
2966 46.6109187265 18.1042924976 6.39023506541 1.29821304358 273.150001526 0.196576360136 -6.765625 9.0 1.0 1.0 2.5 0.0 0.0 
2966 46.6098917627 18.1191652155 6.39023506541 1.29821304358 268.779998779 0.196576360136 -6.765625 9.0 1.0 1.0 2.5 0.0 0.0 
2966 46.6276726707 18.450461438 6.39023506541 1.29821304358 248.069999695 0.196576360136 -6.765625 9.0 1.0 1.0 2.5 0.0 0.0 
2966 46.4760963667 18.1523011041 6.39023506541 1.29821304358 225.619998932 0.196576360136 -6.765625 9.0 1.0 1.0 2.5 0.0 0.0 
2966 46.0396210313 17.7440330252 6.39023506541 1.29821304358 205.299999237 0.196576360136 -6.765625 9.0 1.0 1.0 2.5 0.0 0.0 
2966 45.2493589192 17.4962734091 6.39023506541 1.29821304358 177.460000038 0.196576360136 -6.765625 9.0 1.0 1.0 2.5 0.0 0.0 
2966 44.700887529 17.506657571 6.39023506541 1.29821304358 173.679999828 0.196576360136 -6.765625 9.0 1.0 1.0 2.5 0.0 0.0 
2966 43.7132620046 17.6187404612 6.39023506541 1.29821304358 172.949999809 0.196576360136 -6.765625 9.0 1.0 1.0 2.5 0.0 0.0 
2966 42.575480216 17.7272023036 6.39023506541 1.29821304358 177.670000076 0.196576360136 -6.765625 9.0 1.0 1.0 2.5 0.0 0.0 
2966 41.2927684623 17.7797000825 6.39023506541 1.29821304358 179.019999981 0.196576360136 -6.765625 9.0 1.0 1.0 2.5 0.0 0.0 
2966 40.0696302169 17.8011788474 6.39023506541 1.29821304358 179.569999993 0.196576360136 -6.765625 9.0 1.0 1.0 2.5 0.0 0.0 
2966 38.6106207733 17.8068461138 6.39023506541 1.29821304358 181.039999962 0.196576360136 -6.765625 9.0 1.0 1.0 2.5 0.0 0.0 
2966 37.7731139429 17.7944724173 6.39023506541 1.29821304358 181.850000024 0.196576360136 -6.765625 9.0 1.0 1.0 2.5 0.0 0.0 
2966 35.0187002406 17.680409105 6.39023506541 1.29821304358 183.690000057 0.196576360136 -6.765625 9.0 1.0 1.0 2.5 0.0 0.0 
2966 33.0181471334 17.5468475499 6.39023506541 1.29821304358 184.710000038 0.196576360136 -6.765625 9.0 1.0 1.0 2.5 0.0 0.0 
2966 30.9320446042 17.3707822963 6.39023506541 1.29821304358 185.639999866 0.196576360136 -6.765625 9.0 1.0 1.0 2.5 0.0 0.0 
2966 28.7751115012 17.1514222561 6.39023506541 1.29821304358 186.239999771 0.196576360136 -6.765625 9.0 1.0 1.0 2.5 0.0 0.0 
2966 25.4192723455 16.7702622029 6.39023506541 1.29821304358 187.079999924 0.196576360136 -6.765625 9.0 1.0 1.0 2.5 0.0 0.0 
2966 23.133915621 16.4843704003 6.39023506541 1.29821304358 187.619999886 0.196576360136 -6.765625 9.0 1.0 1.0 2.5 0.0 0.0 
2966 21.4053362094 16.2518689533 6.39023506541 1.29821304358 188.18999958 0.196576360136 -6.765625 9.0 1.0 1.0 2.5 0.0 0.0 
2966 19.6800428489 15.9961337565 6.39023506541 1.29821304358 189.090000153 0.196576360136 -6.765625 9.0 1.0 1.0 2.5 0.0 0.0 
2966 16.7489971559 15.5152725876 6.39023506541 1.29821304358 190.029999733 0.196576360136 -6.765625 9.0 1.0 1.0 2.5 0.0 0.0 
2966 14.9801976349 15.1967260122 6.39023506541 1.29821304358 190.789999962 0.196576360136 -6.765625 9.0 1.0 1.0 2.5 0.0 0.0 
2966 12.0577178879 14.6308119666 6.39023506541 1.29821304358 191.479999542 0.196576360136 -6.765625 9.0 1.0 1.0 2.5 0.0 0.0 
2966 8.79542650031 14.0705324542 6.39023506541 1.29821304358 183.049999952 0.196576360136 -6.765625 9.0 1.0 1.0 2.5 0.0 0.0 
2966 8.08514257673 14.048172028 6.39023506541 1.29821304358 176.319999933 0.196576360136 -6.765625 9.0 1.0 1.0 2.5 0.0 0.0 
2966 7.15333941718 14.2339538221 6.39023506541 1.29821304358 154.120000839 0.196576360136 -6.765625 9.0 1.0 1.0 2.5 0.0 0.0 
2966 6.78497722724 14.4563331118 6.39023506541 1.29821304358 139.540000916 0.196576360136 -6.765625 9.0 1.0 1.0 2.5 0.0 0.0 
2966 6.60363502301 14.6401359152 6.39023506541 1.29821304358 124.759998322 0.196576360136 -6.765625 9.0 1.0 1.0 2.5 0.0 0.0 
2966 6.30106823816 15.113450587 6.39023506541 1.29821304358 123.090000153 0.196576360136 -6.765625 9.0 1.0 1.0 2.5 0.0 0.0 
2966 5.827988869 15.7895901327 6.39023506541 1.29821304358 129.13999939 0.196576360136 -6.765625 9.0 1.0 1.0 2.5 0.0 0.0 
2966 5.46959014359 16.18722918 6.39023506541 1.29821304358 136.409999847 0.196576360136 -6.765625 9.0 1.0 1.0 2.5 0.0 0.0 
2966 5.5942237715 16.0589688481 6.39023506541 1.29821304358 128.319999695 0.196576360136 -6.765625 9.0 1.0 1.0 2.5 0.0 0.0 
2966 5.75360822969 15.8466681885 6.39023506541 1.29821304358 122.900001526 0.196576360136 -6.765625 9.0 1.0 1.0 2.5 0.0 0.0 
2967 6.18535218828 11.0036344198 11.1877359555 8.05653592891 12.0299987793 0.501204337353 0.40625 9.0 1.0 1.0 2.5 0.0 0.0 
2967 6.94302463822 11.1525740287 11.1877359555 8.05653592891 6.86000061035 0.501204337353 0.40625 9.0 1.0 1.0 2.5 0.0 0.0 
2967 7.66022364098 11.2343409586 11.1877359555 8.05653592891 2.60000610352 0.501204337353 0.40625 9.0 1.0 1.0 2.5 0.0 0.0 
2967 7.99889794675 11.2517731658 11.1877359555 8.05653592891 4.75999450684 0.501204337353 0.40625 9.0 1.0 1.0 2.5 0.0 0.0 
2967 7.86901970098 11.2398979954 11.1877359555 8.05653592891 9.67999267578 0.501204337353 0.40625 9.0 1.0 1.0 2.5 0.0 0.0 
2967 7.79587866484 11.2255693437 11.1877359555 8.05653592891 11.7899932861 0.501204337353 0.40625 9.0 1.0 1.0 2.5 0.0 0.0 
2967 7.80588255391 11.2277969769 11.1877359555 8.05653592891 13.6999969482 0.501204337353 0.40625 9.0 1.0 1.0 2.5 0.0 0.0 
2967 7.82851471986 11.233309074 11.1877359555 8.05653592891 11.75 0.501204337353 0.40625 9.0 1.0 1.0 2.5 0.0 0.0 
2967 7.84491129761 11.2368311798 11.1877359555 8.05653592891 10.7299957275 0.501204337353 0.40625 9.0 1.0 1.0 2.5 0.0 0.0 
2967 7.85223143236 11.2382355164 11.1877359555 8.05653592891 10.3099975586 0.501204337353 0.40625 9.0 1.0 1.0 2.5 0.0 0.0 
2967 7.72019049984 11.2144538218 11.1877359555 8.05653592891 9.83999633789 0.501204337353 0.40625 9.0 1.0 1.0 2.5 0.0 0.0 
2967 7.13798999216 11.1146192378 11.1877359555 8.05653592891 8.35000610352 0.501204337353 0.40625 9.0 1.0 1.0 2.5 0.0 0.0 
2967 6.51451491345 11.0466835576 11.1877359555 8.05653592891 0.600006103516 0.501204337353 0.40625 9.0 1.0 1.0 2.5 0.0 0.0 
2967 6.21829919329 11.0408171469 11.1877359555 8.05653592891 2.50999450684 0.501204337353 0.40625 9.0 1.0 1.0 2.5 0.0 0.0 
2967 5.65526751103 10.999958857 11.1877359555 8.05653592891 6.35000610352 0.501204337353 0.40625 9.0 1.0 1.0 2.5 0.0 0.0 
2967 5.43598969062 10.9739248668 11.1877359555 8.05653592891 8.91999816895 0.501204337353 0.40625 9.0 1.0 1.0 2.5 0.0 0.0 
2967 5.82630096024 11.0348818471 11.1877359555 8.05653592891 8.11999511719 0.501204337353 0.40625 9.0 1.0 1.0 2.5 0.0 0.0 
2967 6.22150241671 11.1097349199 11.1877359555 8.05653592891 8.39999389648 0.501204337353 0.40625 9.0 1.0 1.0 2.5 0.0 0.0 
2967 5.76515834216 11.023815679 11.1877359555 8.05653592891 17.8000030518 0.501204337353 0.40625 9.0 1.0 1.0 2.5 0.0 0.0 
2967 5.62992133934 10.9817945389 11.1877359555 8.05653592891 16.5099945068 0.501204337353 0.40625 9.0 1.0 1.0 2.5 0.0 0.0 
2967 5.69077102322 10.9994708528 11.1877359555 8.05653592891 14.0099945068 0.501204337353 0.40625 9.0 1.0 1.0 2.5 0.0 0.0 
2967 5.77866304758 11.0204753967 11.1877359555 8.05653592891 9.94999694824 0.501204337353 0.40625 9.0 1.0 1.0 2.5 0.0 0.0 
2967 5.93505310931 11.0453681327 11.1877359555 8.05653592891 5.41999816895 0.501204337353 0.40625 9.0 1.0 1.0 2.5 0.0 0.0 
2967 6.34629067733 11.0616903013 11.1877359555 8.05653592891 357.770004272 0.501204337353 0.40625 9.0 1.0 1.0 2.5 0.0 0.0 
2967 6.49605082734 11.0536412431 11.1877359555 8.05653592891 352.669998169 0.501204337353 0.40625 9.0 1.0 1.0 2.5 0.0 0.0 
2967 6.63672741173 11.0307047972 11.1877359555 8.05653592891 337.899993896 0.501204337353 0.40625 9.0 1.0 1.0 2.5 0.0 0.0 
2967 6.22363119941 11.1944589962 11.1877359555 8.05653592891 338.830001831 0.501204337353 0.40625 9.0 1.0 1.0 2.5 0.0 0.0 
2967 6.03557859875 11.2633637645 11.1877359555 8.05653592891 342.800003052 0.501204337353 0.40625 9.0 1.0 1.0 2.5 0.0 0.0 
2967 5.9171317632 11.2997235106 11.1877359555 8.05653592891 345.070007324 0.501204337353 0.40625 9.0 1.0 1.0 2.5 0.0 0.0 
2967 5.82984571865 11.3231489319 11.1877359555 8.05653592891 345.13999939 0.501204337353 0.40625 9.0 1.0 1.0 2.5 0.0 0.0 
2967 5.61492255419 11.3348382957 11.1877359555 8.05653592891 340.75 0.501204337353 0.40625 9.0 1.0 1.0 2.5 0.0 0.0 
2967 5.35401548702 11.4762702788 11.1877359555 8.05653592891 339.029998779 0.501204337353 0.40625 9.0 1.0 1.0 2.5 0.0 0.0 
2967 4.94016525202 11.6303703441 11.1877359555 8.05653592891 340.880004883 0.501204337353 0.40625 9.0 1.0 1.0 2.5 0.0 0.0 
2967 3.9449211306 11.9528854372 11.1877359555 8.05653592891 343.520004272 0.501204337353 0.40625 9.0 1.0 1.0 2.5 0.0 0.0 
2967 2.87833281471 12.2753872806 11.1877359555 8.05653592891 340.940002441 0.501204337353 0.40625 9.0 1.0 1.0 2.5 0.0 0.0 
2967 2.28384044959 12.5133297773 11.1877359555 8.05653592891 325.289993286 0.501204337353 0.40625 9.0 1.0 1.0 2.5 0.0 0.0 
2967 2.30292039214 12.4989985225 11.1877359555 8.05653592891 309.699996948 0.501204337353 0.40625 9.0 1.0 1.0 2.5 0.0 0.0 
2967 2.38739890733 12.4021448083 11.1877359555 8.05653592891 303.449996948 0.501204337353 0.40625 9.0 1.0 1.0 2.5 0.0 0.0 
2967 2.49013428944 12.2491125289 11.1877359555 8.05653592891 287.400001526 0.501204337353 0.40625 9.0 1.0 1.0 2.5 0.0 0.0 
2967 2.41316978719 12.58762163 11.1877359555 8.05653592891 268.959999084 0.501204337353 0.40625 9.0 1.0 1.0 2.5 0.0 0.0 
2967 2.40571536874 12.8444718638 11.1877359555 8.05653592891 259.650001526 0.501204337353 0.40625 9.0 1.0 1.0 2.5 0.0 0.0 
2967 2.55031311902 13.3316433994 11.1877359555 8.05653592891 223.919998169 0.501204337353 0.40625 9.0 1.0 1.0 2.5 0.0 0.0 
2967 2.65583258626 13.4167310245 11.1877359555 8.05653592891 203.930000305 0.501204337353 0.40625 9.0 1.0 1.0 2.5 0.0 0.0 
2967 2.81724843734 13.4408045153 11.1877359555 8.05653592891 172.699999809 0.501204337353 0.40625 9.0 1.0 1.0 2.5 0.0 0.0 
2967 3.13428438682 13.1924629083 11.1877359555 8.05653592891 120.439998627 0.501204337353 0.40625 9.0 1.0 1.0 2.5 0.0 0.0 
2967 3.27774706227 12.8964194206 11.1877359555 8.05653592891 104.529998779 0.501204337353 0.40625 9.0 1.0 1.0 2.5 0.0 0.0 
2967 3.35552199725 11.9626275356 11.1877359555 8.05653592891 76.5299987793 0.501204337353 0.40625 9.0 1.0 1.0 2.5 0.0 0.0 
2967 3.26730469021 11.5822825006 11.1877359555 8.05653592891 71.2699966431 0.501204337353 0.40625 9.0 1.0 1.0 2.5 0.0 0.0 
2967 3.3357111961 11.8010301783 11.1877359555 8.05653592891 74.1900024414 0.501204337353 0.40625 9.0 1.0 1.0 2.5 0.0 0.0 
2967 3.5516213207 12.5367821254 11.1877359555 8.05653592891 72.8399963379 0.501204337353 0.40625 9.0 1.0 1.0 2.5 0.0 0.0 
2967 3.76739673703 13.2793054232 11.1877359555 8.05653592891 76.4800033569 0.501204337353 0.40625 9.0 1.0 1.0 2.5 0.0 0.0 
2967 3.8555740806 13.7298280761 11.1877359555 8.05653592891 84.7699966431 0.501204337353 0.40625 9.0 1.0 1.0 2.5 0.0 0.0 
2967 3.86245963131 13.7574677272 11.1877359555 8.05653592891 90.0199966431 0.501204337353 0.40625 9.0 1.0 1.0 2.5 0.0 0.0 
2967 3.86627239458 13.8039915997 11.1877359555 8.05653592891 87.1100006104 0.501204337353 0.40625 9.0 1.0 1.0 2.5 0.0 0.0 
2967 3.90099051652 14.2188951709 11.1877359555 8.05653592891 82.6900024414 0.501204337353 0.40625 9.0 1.0 1.0 2.5 0.0 0.0 
2967 3.89821764375 14.1967068878 11.1877359555 8.05653592891 85.3199996948 0.501204337353 0.40625 9.0 1.0 1.0 2.5 0.0 0.0 
2967 3.8942125686 14.147510083 11.1877359555 8.05653592891 94.4400024414 0.501204337353 0.40625 9.0 1.0 1.0 2.5 0.0 0.0 
2967 3.89092313591 14.1733384681 11.1877359555 8.05653592891 113.63999939 0.501204337353 0.40625 9.0 1.0 1.0 2.5 0.0 0.0 
2967 3.93000001833 14.122931829 11.1877359555 8.05653592891 139.13999939 0.501204337353 0.40625 9.0 1.0 1.0 2.5 0.0 0.0 
2968 4.39707688354 13.8128584035 7.79080209779 4.80709458621 155.649999619 0.322105045019 -0.28125 9.0 1.0 1.0 2.5 0.0 0.0 
2968 4.46538883686 13.7780841767 7.79080209779 4.80709458621 159.549999237 0.322105045019 -0.28125 9.0 1.0 1.0 2.5 0.0 0.0 
2968 4.35801142048 13.8181241806 7.79080209779 4.80709458621 156.870000839 0.322105045019 -0.28125 9.0 1.0 1.0 2.5 0.0 0.0 
2968 3.88048345396 14.0302605547 7.79080209779 4.80709458621 152.670000076 0.322105045019 -0.28125 9.0 1.0 1.0 2.5 0.0 0.0 
2968 3.55543208904 14.2104312371 7.79080209779 4.80709458621 145.479999542 0.322105045019 -0.28125 9.0 1.0 1.0 2.5 0.0 0.0 
2968 3.83269636498 14.0154212312 7.79080209779 4.80709458621 139.709999084 0.322105045019 -0.28125 9.0 1.0 1.0 2.5 0.0 0.0 
2968 4.34707413782 13.5571543684 7.79080209779 4.80709458621 132.150001526 0.322105045019 -0.28125 9.0 1.0 1.0 2.5 0.0 0.0 
2970 4.5983057772 13.2869794784 8.85581400975 4.96193431735 131.779998779 0.245263112239 -1.4375 9.0 1.0 1.0 2.5 0.0 0.0 
2972 5.07242712452 12.8045549164 8.48211969038 4.58948078207 147.069999695 0.246332319541 -1.4375 9.0 1.0 1.0 2.5 0.0 0.0 
2972 5.10200818539 12.7834937327 8.48211969038 4.58948078207 145.150001526 0.246332319541 -1.4375 9.0 1.0 1.0 2.5 0.0 0.0 
2972 5.16609875246 12.740221925 8.48211969038 4.58948078207 144.869998932 0.246332319541 -1.4375 9.0 1.0 1.0 2.5 0.0 0.0 
2972 5.08395044359 12.7983323743 8.48211969038 4.58948078207 143.599998474 0.246332319541 -1.4375 9.0 1.0 1.0 2.5 0.0 0.0 
2972 5.05962990257 12.8141343799 8.48211969038 4.58948078207 135.5 0.246332319541 -1.4375 9.0 1.0 1.0 2.5 0.0 0.0 
2972 5.3888605904 12.4887462533 8.48211969038 4.58948078207 133.549999237 0.246332319541 -1.4375 9.0 1.0 1.0 2.5 0.0 0.0 
2972 5.13694281006 12.7583005876 8.48211969038 4.58948078207 132.0 0.246332319541 -1.4375 9.0 1.0 1.0 2.5 0.0 0.0 
2972 4.85478492165 13.0696725085 8.48211969038 4.58948078207 131.049999237 0.246332319541 -1.4375 9.0 1.0 1.0 2.5 0.0 0.0 
2972 4.36624070304 13.6350033833 8.48211969038 4.58948078207 128.939998627 0.246332319541 -1.4375 9.0 1.0 1.0 2.5 0.0 0.0 
2972 4.29602976091 13.7208123701 8.48211969038 4.58948078207 129.409999847 0.246332319541 -1.4375 9.0 1.0 1.0 2.5 0.0 0.0 
2972 4.55480870554 13.4150056183 8.48211969038 4.58948078207 131.540000916 0.246332319541 -1.4375 9.0 1.0 1.0 2.5 0.0 0.0 
2972 5.07449143097 12.8500178906 8.48211969038 4.58948078207 134.790000916 0.246332319541 -1.4375 9.0 1.0 1.0 2.5 0.0 0.0 
2972 5.53198943475 12.4064715377 8.48211969038 4.58948078207 137.020000458 0.246332319541 -1.4375 9.0 1.0 1.0 2.5 0.0 0.0 
2972 5.71482991243 12.2243469098 8.48211969038 4.58948078207 134.38999939 0.246332319541 -1.4375 9.0 1.0 1.0 2.5 0.0 0.0 
2972 5.76697103616 12.1710835532 8.48211969038 4.58948078207 134.580001831 0.246332319541 -1.4375 9.0 1.0 1.0 2.5 0.0 0.0 
2972 5.5957160868 12.3463417286 8.48211969038 4.58948078207 133.819999695 0.246332319541 -1.4375 9.0 1.0 1.0 2.5 0.0 0.0 
2972 5.37379881074 12.5775932869 8.48211969038 4.58948078207 132.340000153 0.246332319541 -1.4375 9.0 1.0 1.0 2.5 0.0 0.0 
2972 4.9541717337 13.0533323643 8.48211969038 4.58948078207 128.75 0.246332319541 -1.4375 9.0 1.0 1.0 2.5 0.0 0.0 
2972 4.95625789361 13.0490368774 8.48211969038 4.58948078207 127.040000916 0.246332319541 -1.4375 9.0 1.0 1.0 2.5 0.0 0.0 
2972 5.06114218656 12.9110852693 8.48211969038 4.58948078207 126.270000458 0.246332319541 -1.4375 9.0 1.0 1.0 2.5 0.0 0.0 
2972 5.44585976997 12.381019511 8.48211969038 4.58948078207 125.090000153 0.246332319541 -1.4375 9.0 1.0 1.0 2.5 0.0 0.0 
2972 5.65593198597 12.0811141588 8.48211969038 4.58948078207 126.319999695 0.246332319541 -1.4375 9.0 1.0 1.0 2.5 0.0 0.0 
2972 5.53739271585 12.2402676072 8.48211969038 4.58948078207 127.63999939 0.246332319541 -1.4375 9.0 1.0 1.0 2.5 0.0 0.0 
2972 5.41066099049 12.4013588363 8.48211969038 4.58948078207 129.590000153 0.246332319541 -1.4375 9.0 1.0 1.0 2.5 0.0 0.0 
2972 5.46357516167 12.3399526371 8.48211969038 4.58948078207 131.189998627 0.246332319541 -1.4375 9.0 1.0 1.0 2.5 0.0 0.0 
2972 5.75414549704 12.0186462889 8.48211969038 4.58948078207 135.029998779 0.246332319541 -1.4375 9.0 1.0 1.0 2.5 0.0 0.0 
2972 5.6866886328 12.0868990509 8.48211969038 4.58948078207 133.049999237 0.246332319541 -1.4375 9.0 1.0 1.0 2.5 0.0 0.0 
2972 5.72389463749 12.0464332596 8.48211969038 4.58948078207 132.790000916 0.246332319541 -1.4375 9.0 1.0 1.0 2.5 0.0 0.0 
2972 5.72261880771 12.0477914052 8.48211969038 4.58948078207 133.459999084 0.246332319541 -1.4375 9.0 1.0 1.0 2.5 0.0 0.0 
2972 5.71044826735 12.0606464809 8.48211969038 4.58948078207 133.36000061 0.246332319541 -1.4375 9.0 1.0 1.0 2.5 0.0 0.0 
2972 5.7091688863 12.0620012817 8.48211969038 4.58948078207 133.299999237 0.246332319541 -1.4375 9.0 1.0 1.0 2.5 0.0 0.0 
2972 5.40163670361 12.3918041828 8.48211969038 4.58948078207 131.799999237 0.246332319541 -1.4375 9.0 1.0 1.0 2.5 0.0 0.0 
2972 4.88819443764 13.0102022359 8.48211969038 4.58948078207 125.669998169 0.246332319541 -1.4375 9.0 1.0 1.0 2.5 0.0 0.0 
2972 4.26724039891 14.0201339654 8.48211969038 4.58948078207 115.629997253 0.246332319541 -1.4375 9.0 1.0 1.0 2.5 0.0 0.0 
2973 3.67408701172 15.4706449649 8.48211969038 4.58948078207 110.75 0.384706450175 -1.4375 9.0 1.0 1.0 2.5 0.0 0.0 
2973 3.70203335707 15.4240376739 9.44991445316 6.74547128589 123.180000305 0.384706450175 -1.4375 9.0 1.0 1.0 2.5 0.0 0.0 
2974 4.03674604103 14.9149753395 8.018565982 7.85336117329 124.270000458 0.563257386324 -2.28125 9.0 1.0 1.0 2.5 0.0 0.0 
2977 4.64008744499 14.0284059864 8.018565982 7.85336117329 124.119998932 0.418883304643 -1.5 9.0 1.0 1.0 2.5 0.0 0.0 
2983 5.19855228879 13.2059639574 8.75122250896 6.23283089422 124.130001068 0.308008862898 -1.8125 9.0 1.0 1.0 2.5 0.0 0.0 
2990 6.14205188022 11.8037240546 9.35387429678 5.35323567191 123.729999542 0.232580782357 -2.0625 9.0 1.0 1.0 2.5 0.0 0.0 
2990 6.96945712392 10.5569826408 9.44617617456 5.24184220889 123.430000305 0.232580782357 -2.0625 9.0 1.0 1.0 2.5 0.0 0.0 
2990 7.564612909 9.66154377832 9.44617617456 5.24184220889 124.380001068 0.232580782357 -2.0625 9.0 1.0 1.0 2.5 0.0 0.0 
2990 7.91737743918 9.15675104108 9.44617617456 5.24184220889 125.479999542 0.232580782357 -2.0625 9.0 1.0 1.0 2.5 0.0 0.0 
2990 8.88632289767 7.76411178909 9.44617617456 5.24184220889 123.509998322 0.232580782357 -2.0625 9.0 1.0 1.0 2.5 0.0 0.0 
2990 9.88649230509 6.25190276549 9.44617617456 5.24184220889 123.130001068 0.232580782357 -2.0625 9.0 1.0 1.0 2.5 0.0 0.0 
2990 10.1020328275 5.92642126097 9.44617617456 5.24184220889 124.130001068 0.232580782357 -2.0625 9.0 1.0 1.0 2.5 0.0 0.0 
2990 10.4948891475 5.35079073378 9.44617617456 5.24184220889 123.979999542 0.232580782357 -2.0625 9.0 1.0 1.0 2.5 0.0 0.0 
2990 10.6083816796 5.17899165509 9.44617617456 5.24184220889 121.25 0.232580782357 -2.0625 9.0 1.0 1.0 2.5 0.0 0.0 
2990 10.9249193043 4.55593235322 9.44617617456 5.24184220889 113.059997559 0.232580782357 -2.0625 9.0 1.0 1.0 2.5 0.0 0.0 
2990 10.9774074667 4.43246026151 9.44617617456 5.24184220889 112.809997559 0.232580782357 -2.0625 9.0 1.0 1.0 2.5 0.0 0.0 
2990 10.9680237528 4.45479330488 9.44617617456 5.24184220889 113.0 0.232580782357 -2.0625 9.0 1.0 1.0 2.5 0.0 0.0 
2990 10.9190612397 4.57064949601 9.44617617456 5.24184220889 114.069999695 0.232580782357 -2.0625 9.0 1.0 1.0 2.5 0.0 0.0 
2990 10.6728404292 5.10038539257 9.44617617456 5.24184220889 115.120002747 0.232580782357 -2.0625 9.0 1.0 1.0 2.5 0.0 0.0 
2990 10.2624036524 5.97505109982 9.44617617456 5.24184220889 115.309997559 0.232580782357 -2.0625 9.0 1.0 1.0 2.5 0.0 0.0 
2990 9.76086471914 7.01990910323 9.44617617456 5.24184220889 117.790000916 0.232580782357 -2.0625 9.0 1.0 1.0 2.5 0.0 0.0 
2996 9.34798993092 7.7388808837 7.53756173288 6.56372379473 135.330001831 0.475694545383 -0.9375 9.0 1.0 1.0 2.5 0.0 0.0 
2996 9.51304391486 7.59501839932 6.88104005247 5.89245683673 150.290000916 0.475694545383 -0.9375 9.0 1.0 1.0 2.5 0.0 0.0 
2996 9.37944146604 7.64599879256 6.88104005247 5.89245683673 157.709999084 0.475694545383 -0.9375 9.0 1.0 1.0 2.5 0.0 0.0 
2996 8.50274523307 7.99044495221 6.88104005247 5.89245683673 158.350000381 0.475694545383 -0.9375 9.0 1.0 1.0 2.5 0.0 0.0 
2996 7.24201165598 8.50611102782 6.88104005247 5.89245683673 157.209999084 0.475694545383 -0.9375 9.0 1.0 1.0 2.5 0.0 0.0 
2996 5.06528285494 9.41312279776 6.88104005247 5.89245683673 157.809999466 0.475694545383 -0.9375 9.0 1.0 1.0 2.5 0.0 0.0 
2996 4.56714896955 9.61530247889 6.88104005247 5.89245683673 156.079999924 0.475694545383 -0.9375 9.0 1.0 1.0 2.5 0.0 0.0 
2996 4.62252092554 9.59077567675 6.88104005247 5.89245683673 156.870000839 0.475694545383 -0.9375 9.0 1.0 1.0 2.5 0.0 0.0 
2996 4.6423758722 9.58274397294 6.88104005247 5.89245683673 163.079999924 0.475694545383 -0.9375 9.0 1.0 1.0 2.5 0.0 0.0 
2996 4.66842080984 9.57557405241 6.88104005247 5.89245683673 168.180000305 0.475694545383 -0.9375 9.0 1.0 1.0 2.5 0.0 0.0 
2996 4.21754912735 9.66328683329 6.88104005247 5.89245683673 168.850000381 0.475694545383 -0.9375 9.0 1.0 1.0 2.5 0.0 0.0 
2996 4.07040880236 9.69245936262 6.88104005247 5.89245683673 168.909999847 0.475694545383 -0.9375 9.0 1.0 1.0 2.5 0.0 0.0 
2996 4.47461150711 9.62424044119 6.88104005247 5.89245683673 171.859999657 0.475694545383 -0.9375 9.0 1.0 1.0 2.5 0.0 0.0 
2996 5.36696833899 9.50715195652 6.88104005247 5.89245683673 172.840000153 0.475694545383 -0.9375 9.0 1.0 1.0 2.5 0.0 0.0 
2996 6.16780419217 9.40150638619 6.88104005247 5.89245683673 170.800000191 0.475694545383 -0.9375 9.0 1.0 1.0 2.5 0.0 0.0 
2996 6.9279966479 9.21705683547 6.88104005247 5.89245683673 158.229999542 0.475694545383 -0.9375 9.0 1.0 1.0 2.5 0.0 0.0 
2996 8.14410219979 8.50977712467 6.88104005247 5.89245683673 140.150001526 0.475694545383 -0.9375 9.0 1.0 1.0 2.5 0.0 0.0 
2996 8.67338363179 8.02348073277 6.88104005247 5.89245683673 134.509998322 0.475694545383 -0.9375 9.0 1.0 1.0 2.5 0.0 0.0 
2996 9.14574264896 7.510037997 6.88104005247 5.89245683673 130.240001678 0.475694545383 -0.9375 9.0 1.0 1.0 2.5 0.0 0.0 
2999 9.6351973355 6.92342089334 5.59003733901 7.42429719965 130.549999237 0.589583288296 2.90625 9.0 1.0 1.0 2.5 0.0 0.0 
3001 12.0228968597 6.20199375398 5.9502087845 5.66907743901 151.069999695 0.54554472559 0.75 9.0 1.0 1.0 2.5 0.0 0.0 
3001 11.745449874 6.36926155721 5.9502087845 5.66907743901 137.650001526 0.54554472559 0.75 9.0 1.0 1.0 2.5 0.0 0.0 
3001 11.8618006757 6.270262192 5.9502087845 5.66907743901 133.790000916 0.54554472559 0.75 9.0 1.0 1.0 2.5 0.0 0.0 
3006 12.2595766813 5.84141604173 5.9502087845 5.66907743901 129.650001526 0.310325640387 -3.15625 9.0 1.0 1.0 2.5 0.0 0.0 
3012 12.6786222362 5.33322592587 5.9502087845 5.66907743901 128.900001526 0.257172249937 -2.71875 9.0 1.0 1.0 2.5 0.0 0.0 
3014 13.2360749492 4.64330824084 5.9502087845 5.66907743901 128.790000916 0.238408998343 -3.03125 9.0 1.0 1.0 2.5 0.0 0.0 
3014 13.547146464 4.25382466861 5.9502087845 5.66907743901 127.470001221 0.238408998343 -3.03125 9.0 1.0 1.0 2.5 0.0 0.0 
3014 14.6695191388 2.73633008078 5.9502087845 5.66907743901 125.159999847 0.238408998343 -3.03125 9.0 1.0 1.0 2.5 0.0 0.0 
3014 15.2197424081 1.94556155686 5.9502087845 5.66907743901 124.069999695 0.238408998343 -3.03125 9.0 1.0 1.0 2.5 0.0 0.0 
3014 15.6438378144 1.30228847586 5.9502087845 5.66907743901 122.0 0.238408998343 -3.03125 9.0 1.0 1.0 2.5 0.0 0.0 
3014 16.1883073111 0.416482941129 5.9502087845 5.66907743901 120.909999847 0.238408998343 -3.03125 9.0 1.0 1.0 2.5 0.0 0.0 
3014 16.8275666743 -0.655925255097 5.9502087845 5.66907743901 120.950000763 0.238408998343 -3.03125 9.0 1.0 1.0 2.5 0.0 0.0 
3014 17.1471591587 -1.17579093133 5.9502087845 5.66907743901 122.919998169 0.238408998343 -3.03125 9.0 1.0 1.0 2.5 0.0 0.0 
3014 17.609670516 -1.89081892152 5.9502087845 5.66907743901 121.240001678 0.238408998343 -3.03125 9.0 1.0 1.0 2.5 0.0 0.0 
3014 17.8906768038 -2.34362214149 5.9502087845 5.66907743901 120.869998932 0.238408998343 -3.03125 9.0 1.0 1.0 2.5 0.0 0.0 
3014 18.2899319057 -3.0015200155 5.9502087845 5.66907743901 121.959999084 0.238408998343 -3.03125 9.0 1.0 1.0 2.5 0.0 0.0 
3014 18.7664319037 -3.80206890676 5.9502087845 5.66907743901 120.209999084 0.238408998343 -3.03125 9.0 1.0 1.0 2.5 0.0 0.0 
3014 18.9688629945 -4.14237903736 5.9502087845 5.66907743901 120.970001221 0.238408998343 -3.03125 9.0 1.0 1.0 2.5 0.0 0.0 
3014 18.9698423357 -4.1439634403 5.9502087845 5.66907743901 119.900001526 0.238408998343 -3.03125 9.0 1.0 1.0 2.5 0.0 0.0 
3014 18.9446187704 -4.0993591546 5.9502087845 5.66907743901 117.38999939 0.238408998343 -3.03125 9.0 1.0 1.0 2.5 0.0 0.0 
3014 18.9271387656 -4.06023924071 5.9502087845 5.66907743901 111.940002441 0.238408998343 -3.03125 9.0 1.0 1.0 2.5 0.0 0.0 
3014 18.9369392234 -4.08741469816 5.9502087845 5.66907743901 110.129997253 0.238408998343 -3.03125 9.0 1.0 1.0 2.5 0.0 0.0 
3014 18.9804463736 -4.20543055897 5.9502087845 5.66907743901 110.449996948 0.238408998343 -3.03125 9.0 1.0 1.0 2.5 0.0 0.0 
3014 18.9765406418 -4.19495448609 5.9502087845 5.66907743901 110.430000305 0.238408998343 -3.03125 9.0 1.0 1.0 2.5 0.0 0.0 
3014 18.9990351612 -4.24914653896 5.9502087845 5.66907743901 118.900001526 0.238408998343 -3.03125 9.0 1.0 1.0 2.5 0.0 0.0 
3014 19.0033557521 -4.26884553204 5.9502087845 5.66907743901 137.990001678 0.238408998343 -3.03125 9.0 1.0 1.0 2.5 0.0 0.0 
3014 19.0076208979 -4.27246138687 5.9502087845 5.66907743901 138.759998322 0.238408998343 -3.03125 9.0 1.0 1.0 2.5 0.0 0.0 
3014 19.0160138207 -4.27984795353 5.9502087845 5.66907743901 138.490001678 0.238408998343 -3.03125 9.0 1.0 1.0 2.5 0.0 0.0 
3014 19.0181061612 -4.28170127121 5.9502087845 5.66907743901 138.169998169 0.238408998343 -3.03125 9.0 1.0 1.0 2.5 0.0 0.0 
3014 19.0181061612 -4.28170127121 5.9502087845 5.66907743901 138.159999847 0.238408998343 -3.03125 9.0 1.0 1.0 2.5 0.0 0.0 
3014 19.0028376777 -4.26802567744 5.9502087845 5.66907743901 138.13999939 0.238408998343 -3.03125 9.0 1.0 1.0 2.5 0.0 0.0 
3014 18.9924328853 -4.25869523428 5.9502087845 5.66907743901 138.049999237 0.238408998343 -3.03125 9.0 1.0 1.0 2.5 0.0 0.0 
3014 18.9924328853 -4.25869523428 5.9502087845 5.66907743901 138.040000916 0.238408998343 -3.03125 9.0 1.0 1.0 2.5 0.0 0.0 
3014 18.9751122035 -4.24312150463 5.9502087845 5.66907743901 137.220001221 0.238408998343 -3.03125 9.0 1.0 1.0 2.5 0.0 0.0 
3014 18.9792199045 -4.246913088 5.9502087845 5.66907743901 135.740001678 0.238408998343 -3.03125 9.0 1.0 1.0 2.5 0.0 0.0 
3014 18.9785526354 -4.24626283627 5.9502087845 5.66907743901 136.0 0.238408998343 -3.03125 9.0 1.0 1.0 2.5 0.0 0.0 
3014 18.9785526354 -4.24626283627 5.9502087845 5.66907743901 135.990001678 0.238408998343 -3.03125 9.0 1.0 1.0 2.5 0.0 0.0 
3014 19.0359004768 -4.30222102035 5.9502087845 5.66907743901 134.009998322 0.238408998343 -3.03125 9.0 1.0 1.0 2.5 0.0 0.0 
3014 19.0255431322 -4.29149942091 5.9502087845 5.66907743901 132.619998932 0.238408998343 -3.03125 9.0 1.0 1.0 2.5 0.0 0.0 
3014 18.9638180356 -4.22548951587 5.9502087845 5.66907743901 134.720001221 0.238408998343 -3.03125 9.0 1.0 1.0 2.5 0.0 0.0 
3014 18.9395379596 -4.20101972135 5.9502087845 5.66907743901 136.369998932 0.238408998343 -3.03125 9.0 1.0 1.0 2.5 0.0 0.0 
3014 18.9395379596 -4.20101972135 5.9502087845 5.66907743901 136.450000763 0.238408998343 -3.03125 9.0 1.0 1.0 2.5 0.0 0.0 
3014 18.9395379596 -4.20101972135 5.9502087845 5.66907743901 136.369998932 0.238408998343 -3.03125 9.0 1.0 1.0 2.5 0.0 0.0 
3014 18.9395379596 -4.20101972135 5.9502087845 5.66907743901 136.38999939 0.238408998343 -3.03125 9.0 1.0 1.0 2.5 0.0 0.0 
3014 18.9395379596 -4.20101972135 5.9502087845 5.66907743901 136.419998169 0.238408998343 -3.03125 9.0 1.0 1.0 2.5 0.0 0.0 
3014 18.9395379596 -4.20101972135 5.9502087845 5.66907743901 136.38999939 0.238408998343 -3.03125 9.0 1.0 1.0 2.5 0.0 0.0 
3014 18.9395379596 -4.20101972135 5.9502087845 5.66907743901 136.400001526 0.238408998343 -3.03125 9.0 1.0 1.0 2.5 0.0 0.0 
3014 18.9395379596 -4.20101972135 5.9502087845 5.66907743901 136.400001526 0.238408998343 -3.03125 9.0 1.0 1.0 2.5 0.0 0.0 
3014 18.9618035543 -4.22222295954 5.9502087845 5.66907743901 136.400001526 0.238408998343 -3.03125 9.0 1.0 1.0 2.5 0.0 0.0 
3014 19.0197200225 -4.27759388046 5.9502087845 5.66907743901 135.970001221 0.238408998343 -3.03125 9.0 1.0 1.0 2.5 0.0 0.0 
3014 19.0766154826 -4.33268231509 5.9502087845 5.66907743901 135.409999847 0.238408998343 -3.03125 9.0 1.0 1.0 2.5 0.0 0.0 
3014 19.0813082466 -4.33721203388 5.9502087845 5.66907743901 135.169998169 0.238408998343 -3.03125 9.0 1.0 1.0 2.5 0.0 0.0 
3014 19.0714046396 -4.3273512008 5.9502087845 5.66907743901 135.380001068 0.238408998343 -3.03125 9.0 1.0 1.0 2.5 0.0 0.0 
3014 19.077373172 -4.33324108382 5.9502087845 5.66907743901 135.349998474 0.238408998343 -3.03125 9.0 1.0 1.0 2.5 0.0 0.0 
3014 19.047516283 -4.30380618496 5.9502087845 5.66907743901 135.849998474 0.238408998343 -3.03125 9.0 1.0 1.0 2.5 0.0 0.0 
3014 19.009369068 -4.26685820832 5.9502087845 5.66907743901 137.549999237 0.238408998343 -3.03125 9.0 1.0 1.0 2.5 0.0 0.0 
3014 18.9538961588 -4.21708870279 5.9502087845 5.66907743901 142.819999695 0.238408998343 -3.03125 9.0 1.0 1.0 2.5 0.0 0.0 
3014 18.9246276534 -4.19402520166 5.9502087845 5.66907743901 145.509998322 0.238408998343 -3.03125 9.0 1.0 1.0 2.5 0.0 0.0 
3014 18.8636912093 -4.15276190538 5.9502087845 5.66907743901 147.700000763 0.238408998343 -3.03125 9.0 1.0 1.0 2.5 0.0 0.0 
3014 18.8574227025 -4.14872660464 5.9502087845 5.66907743901 149.219999313 0.238408998343 -3.03125 9.0 1.0 1.0 2.5 0.0 0.0 
3014 18.9556797657 -4.20770583628 5.9502087845 5.66907743901 148.200000763 0.238408998343 -3.03125 9.0 1.0 1.0 2.5 0.0 0.0 
3014 19.0025492927 -4.23642866379 5.9502087845 5.66907743901 146.930000305 0.238408998343 -3.03125 9.0 1.0 1.0 2.5 0.0 0.0 
3014 18.7267315822 -4.05225803203 5.9502087845 5.66907743901 143.38999939 0.238408998343 -3.03125 9.0 1.0 1.0 2.5 0.0 0.0 
3014 18.4678034884 -3.86338926961 5.9502087845 5.66907743901 140.409999847 0.238408998343 -3.03125 9.0 1.0 1.0 2.5 0.0 0.0 
3014 17.5414003878 -3.2901939165 5.9502087845 5.66907743901 131.310001373 0.238408998343 -3.03125 9.0 1.0 1.0 2.5 0.0 0.0 
3014 17.3487480659 -2.74665911646 5.9502087845 5.66907743901 116.830001831 0.238408998343 -3.03125 9.0 1.0 1.0 2.5 0.0 0.0 
3014 16.8750823297 -1.72326172721 5.9502087845 5.66907743901 101.510002136 0.238408998343 -3.03125 9.0 1.0 1.0 2.5 0.0 0.0 
3014 16.7639167188 -1.15898054013 5.9502087845 5.66907743901 98.8700027466 0.238408998343 -3.03125 9.0 1.0 1.0 2.5 0.0 0.0 
3014 16.7741825592 -1.177783972 5.9502087845 5.66907743901 107.199996948 0.238408998343 -3.03125 9.0 1.0 1.0 2.5 0.0 0.0 
3014 16.9407781591 -1.65918452159 5.9502087845 5.66907743901 113.550003052 0.238408998343 -3.03125 9.0 1.0 1.0 2.5 0.0 0.0 
3015 17.3297987892 -2.39966149113 5.9502087845 5.66907743901 127.799999237 0.389013777556 1.09375 9.0 1.0 1.0 2.5 0.0 0.0 
3020 17.9510967661 -3.16989686607 5.9502087845 5.66907743901 137.029998779 0.359053118513 -2.34375 9.0 1.0 1.0 2.5 0.0 0.0 
3020 18.9147883669 -4.13537895803 5.9502087845 5.66907743901 128.599998474 0.359053118513 -2.34375 9.0 1.0 1.0 2.5 0.0 0.0 
3020 19.8235933694 -5.32011119024 5.9502087845 5.66907743901 125.419998169 0.359053118513 -2.34375 9.0 1.0 1.0 2.5 0.0 0.0 
3020 20.7347486394 -6.60539345581 5.9502087845 5.66907743901 124.950000763 0.359053118513 -2.34375 9.0 1.0 1.0 2.5 0.0 0.0 
3020 20.9729247677 -6.94247844468 5.9502087845 5.66907743901 126.150001526 0.359053118513 -2.34375 9.0 1.0 1.0 2.5 0.0 0.0 
3020 21.3858508227 -7.49107960374 5.9502087845 5.66907743901 128.130001068 0.359053118513 -2.34375 9.0 1.0 1.0 2.5 0.0 0.0 
3020 21.4577296941 -7.58271559797 5.9502087845 5.66907743901 126.63999939 0.359053118513 -2.34375 9.0 1.0 1.0 2.5 0.0 0.0 
3020 21.6921017775 -7.90185372106 5.9502087845 5.66907743901 124.759998322 0.359053118513 -2.34375 9.0 1.0 1.0 2.5 0.0 0.0 
3020 21.797631973 -8.05316522704 5.9502087845 5.66907743901 124.63999939 0.359053118513 -2.34375 9.0 1.0 1.0 2.5 0.0 0.0 
3020 21.7785731386 -8.02556479185 5.9502087845 5.66907743901 124.61000061 0.359053118513 -2.34375 9.0 1.0 1.0 2.5 0.0 0.0 
3020 21.6995787918 -7.91839075988 5.9502087845 5.66907743901 134.490001678 0.359053118513 -2.34375 9.0 1.0 1.0 2.5 0.0 0.0 
3020 21.5483264662 -7.77226909735 5.9502087845 5.66907743901 145.439998627 0.359053118513 -2.34375 9.0 1.0 1.0 2.5 0.0 0.0 
3020 21.4096983841 -7.67987501715 5.9502087845 5.66907743901 153.479999542 0.359053118513 -2.34375 9.0 1.0 1.0 2.5 0.0 0.0 
3020 21.3107080383 -7.63224685573 5.9502087845 5.66907743901 159.479999542 0.359053118513 -2.34375 9.0 1.0 1.0 2.5 0.0 0.0 
3020 21.233999016 -7.6061077676 5.9502087845 5.66907743901 163.290000916 0.359053118513 -2.34375 9.0 1.0 1.0 2.5 0.0 0.0 
3020 21.1708018027 -7.58383606612 5.9502087845 5.66907743901 147.330001831 0.359053118513 -2.34375 9.0 1.0 1.0 2.5 0.0 0.0 
3020 21.211980234 -7.61115245041 5.9502087845 5.66907743901 138.819999695 0.359053118513 -2.34375 9.0 1.0 1.0 2.5 0.0 0.0 
3020 21.514263027 -7.89268463175 5.9502087845 5.66907743901 132.720001221 0.359053118513 -2.34375 9.0 1.0 1.0 2.5 0.0 0.0 
3020 21.9531291466 -8.36494810046 5.9502087845 5.66907743901 133.029998779 0.359053118513 -2.34375 9.0 1.0 1.0 2.5 0.0 0.0 
3020 21.8830323905 -8.290181485 5.9502087845 5.66907743901 131.36000061 0.359053118513 -2.34375 9.0 1.0 1.0 2.5 0.0 0.0 
3020 21.2571863873 -7.55556347516 5.9502087845 5.66907743901 125.930000305 0.359053118513 -2.34375 9.0 1.0 1.0 2.5 0.0 0.0 
3020 20.999629027 -7.20955957611 5.9502087845 5.66907743901 122.13999939 0.359053118513 -2.34375 9.0 1.0 1.0 2.5 0.0 0.0 
3020 20.1785622533 -5.59992103467 5.9502087845 5.66907743901 107.580001831 0.359053118513 -2.34375 9.0 1.0 1.0 2.5 0.0 0.0 
3020 19.8937771091 -4.61749058245 5.9502087845 5.66907743901 106.779998779 0.359053118513 -2.34375 9.0 1.0 1.0 2.5 0.0 0.0 
3020 19.8457677437 -4.46776771892 5.9502087845 5.66907743901 121.88999939 0.359053118513 -2.34375 9.0 1.0 1.0 2.5 0.0 0.0 
3020 19.8801594873 -4.52533823895 5.9502087845 5.66907743901 127.290000916 0.359053118513 -2.34375 9.0 1.0 1.0 2.5 0.0 0.0 
3020 20.2262745774 -4.9480209014 5.9502087845 5.66907743901 136.599998474 0.359053118513 -2.34375 9.0 1.0 1.0 2.5 0.0 0.0 
3020 20.559303889 -5.27366343518 5.9502087845 5.66907743901 139.5 0.359053118513 -2.34375 9.0 1.0 1.0 2.5 0.0 0.0 
3020 21.5574609025 -6.12472474716 5.9502087845 5.66907743901 139.779998779 0.359053118513 -2.34375 9.0 1.0 1.0 2.5 0.0 0.0 
3020 21.8811748894 -6.46458767438 5.9502087845 5.66907743901 115.940002441 0.359053118513 -2.34375 9.0 1.0 1.0 2.5 0.0 0.0 
3022 22.0666780689 -6.95104357076 5.9502087845 5.66907743901 95.0899963379 0.331715557771 -3.4375 9.0 1.0 1.0 2.5 0.0 0.0 
3022 22.1033167609 -7.47737376768 5.9502087845 5.66907743901 86.8700027466 0.331715557771 -3.4375 9.0 1.0 1.0 2.5 0.0 0.0 
3022 22.0968077443 -7.74179927205 5.9502087845 5.66907743901 92.8399963379 0.331715557771 -3.4375 9.0 1.0 1.0 2.5 0.0 0.0 
3022 22.1003807773 -7.79477534056 5.9502087845 5.66907743901 98.1100006104 0.331715557771 -3.4375 9.0 1.0 1.0 2.5 0.0 0.0 
3022 22.0560788268 -7.52541775967 5.9502087845 5.66907743901 103.010002136 0.331715557771 -3.4375 9.0 1.0 1.0 2.5 0.0 0.0 
3022 21.9766713706 -7.18625219339 5.9502087845 5.66907743901 107.180000305 0.331715557771 -3.4375 9.0 1.0 1.0 2.5 0.0 0.0 
3022 21.9981736347 -7.23513867359 5.9502087845 5.66907743901 109.11000061 0.331715557771 -3.4375 9.0 1.0 1.0 2.5 0.0 0.0 
3022 22.1455754079 -7.66229800676 5.9502087845 5.66907743901 108.949996948 0.331715557771 -3.4375 9.0 1.0 1.0 2.5 0.0 0.0 
3022 22.2126265517 -7.8589516625 5.9502087845 5.66907743901 108.870002747 0.331715557771 -3.4375 9.0 1.0 1.0 2.5 0.0 0.0 
3022 22.3752825703 -8.33011940587 5.9502087845 5.66907743901 120.720001221 0.331715557771 -3.4375 9.0 1.0 1.0 2.5 0.0 0.0 
3022 22.3846961342 -8.36970248275 5.9502087845 5.66907743901 129.919998169 0.331715557771 -3.4375 9.0 1.0 1.0 2.5 0.0 0.0 
3022 22.4035327067 -8.39159753004 5.9502087845 5.66907743901 131.5 0.331715557771 -3.4375 9.0 1.0 1.0 2.5 0.0 0.0 
3022 22.3961812284 -8.38317261236 5.9502087845 5.66907743901 131.819999695 0.331715557771 -3.4375 9.0 1.0 1.0 2.5 0.0 0.0 
3022 22.355766747 -8.33806955126 5.9502087845 5.66907743901 131.88999939 0.331715557771 -3.4375 9.0 1.0 1.0 2.5 0.0 0.0 
3022 22.0373203793 -7.98164048762 5.9502087845 5.66907743901 130.259998322 0.331715557771 -3.4375 9.0 1.0 1.0 2.5 0.0 0.0 
3022 21.5323497754 -7.36578869417 5.9502087845 5.66907743901 124.560001373 0.331715557771 -3.4375 9.0 1.0 1.0 2.5 0.0 0.0 
3022 20.9655972611 -6.53357535965 5.9502087845 5.66907743901 120.919998169 0.331715557771 -3.4375 9.0 1.0 1.0 2.5 0.0 0.0 
3022 20.685789892 -6.07348715618 5.9502087845 5.66907743901 126.720001221 0.331715557771 -3.4375 9.0 1.0 1.0 2.5 0.0 0.0 
3030 20.3228108786 -5.58535631736 5.9502087845 5.66907743901 129.209999084 0.329518358902 -1.09375 9.0 1.0 1.0 2.5 0.0 0.0 
3036 20.5128773228 -5.8015569348 5.9502087845 5.66907743901 132.720001221 0.349385621484 -1.96875 9.0 1.0 1.0 2.5 0.0 0.0 
3038 21.0031361173 -6.31497875356 5.9502087845 5.66907743901 135.529998779 0.349385621484 -1.96875 9.0 1.0 1.0 2.5 0.0 0.0 
3038 20.6339181132 -5.95428138078 5.9502087845 5.66907743901 135.340000153 0.345098518984 -3.96875 9.0 1.0 1.0 2.5 0.0 0.0 
3038 20.4381284374 -5.76138101712 5.9502087845 5.66907743901 136.240001678 0.345098518984 -3.96875 9.0 1.0 1.0 2.5 0.0 0.0 
3040 19.8782953098 -5.26267974332 5.9502087845 5.66907743901 145.049999237 0.335638508463 0.6875 9.0 1.0 1.0 2.5 0.0 0.0 
3040 19.0167291145 -4.70028457203 5.9502087845 5.66907743901 158.260000229 0.335638508463 0.6875 9.0 1.0 1.0 2.5 0.0 0.0 
3040 17.8197966164 -4.27235851415 5.9502087845 5.66907743901 172.340000153 0.335638508463 0.6875 9.0 1.0 1.0 2.5 0.0 0.0 
3040 16.573474558 -4.11949033025 5.9502087845 5.66907743901 177.029999971 0.335638508463 0.6875 9.0 1.0 1.0 2.5 0.0 0.0 
3040 16.4227319455 -4.11184654889 5.9502087845 5.66907743901 174.489999771 0.335638508463 0.6875 9.0 1.0 1.0 2.5 0.0 0.0 
3040 16.925444845 -4.17525095708 5.9502087845 5.66907743901 172.960000038 0.335638508463 0.6875 9.0 1.0 1.0 2.5 0.0 0.0 
3040 17.2595788091 -4.21367388778 5.9502087845 5.66907743901 174.409999847 0.335638508463 0.6875 9.0 1.0 1.0 2.5 0.0 0.0 
3040 18.22722125 -4.30308497432 5.9502087845 5.66907743901 174.289999962 0.335638508463 0.6875 9.0 1.0 1.0 2.5 0.0 0.0 
3040 19.1550134153 -4.42105809495 5.9502087845 5.66907743901 170.470000267 0.335638508463 0.6875 9.0 1.0 1.0 2.5 0.0 0.0 
3040 20.4949506631 -4.69808334427 5.9502087845 5.66907743901 165.380000114 0.335638508463 0.6875 9.0 1.0 1.0 2.5 0.0 0.0 
3040 21.4122998653 -4.94246622447 5.9502087845 5.66907743901 163.479999542 0.335638508463 0.6875 9.0 1.0 1.0 2.5 0.0 0.0 
3040 22.0958840501 -5.14425434168 5.9502087845 5.66907743901 160.530000687 0.335638508463 0.6875 9.0 1.0 1.0 2.5 0.0 0.0 
3040 22.0157662125 -5.10848074698 5.9502087845 5.66907743901 151.620000839 0.335638508463 0.6875 9.0 1.0 1.0 2.5 0.0 0.0 
3040 21.5783116379 -4.86074170764 5.9502087845 5.66907743901 145.189998627 0.335638508463 0.6875 9.0 1.0 1.0 2.5 0.0 0.0 
3040 20.987336864 -4.44291236441 5.9502087845 5.66907743901 141.700000763 0.335638508463 0.6875 9.0 1.0 1.0 2.5 0.0 0.0 
3041 20.7063693355 -4.21554133964 5.9502087845 5.66907743901 120.790000916 0.340143924935 -3.34375 9.0 1.0 1.0 2.5 0.0 0.0 
3043 20.9635297078 -4.80017400104 5.9502087845 5.66907743901 108.86000061 0.374723743072 -1.9375 9.0 1.0 1.0 2.5 0.0 0.0 
3043 21.0010143091 -4.9064919542 5.9502087845 5.66907743901 111.489997864 0.374723743072 -1.9375 9.0 1.0 1.0 2.5 0.0 0.0 
3043 21.1049588302 -5.13641555999 5.9502087845 5.66907743901 118.189998627 0.374723743072 -1.9375 9.0 1.0 1.0 2.5 0.0 0.0 
3043 21.3196385599 -5.50724912639 5.9502087845 5.66907743901 123.150001526 0.374723743072 -1.9375 9.0 1.0 1.0 2.5 0.0 0.0 
3043 21.5906515319 -5.90867811764 5.9502087845 5.66907743901 128.130001068 0.374723743072 -1.9375 9.0 1.0 1.0 2.5 0.0 0.0 
3043 21.7186310044 -6.07590249073 5.9502087845 5.66907743901 131.040000916 0.374723743072 -1.9375 9.0 1.0 1.0 2.5 0.0 0.0 
3043 21.7288725694 -6.08798546257 5.9502087845 5.66907743901 130.729999542 0.374723743072 -1.9375 9.0 1.0 1.0 2.5 0.0 0.0 
3043 21.7288725694 -6.08798546257 5.9502087845 5.66907743901 130.759998322 0.374723743072 -1.9375 9.0 1.0 1.0 2.5 0.0 0.0 
3043 21.6917690375 -6.04493391215 5.9502087845 5.66907743901 130.61000061 0.374723743072 -1.9375 9.0 1.0 1.0 2.5 0.0 0.0 
3043 21.6863165303 -6.03856336758 5.9502087845 5.66907743901 129.830001831 0.374723743072 -1.9375 9.0 1.0 1.0 2.5 0.0 0.0 
3043 21.6863165303 -6.03856336758 5.9502087845 5.66907743901 129.900001526 0.374723743072 -1.9375 9.0 1.0 1.0 2.5 0.0 0.0 
3043 21.6863165303 -6.03856336758 5.9502087845 5.66907743901 129.880001068 0.374723743072 -1.9375 9.0 1.0 1.0 2.5 0.0 0.0 
3043 21.6863165303 -6.03856336758 5.9502087845 5.66907743901 129.880001068 0.374723743072 -1.9375 9.0 1.0 1.0 2.5 0.0 0.0 
3043 21.6863165303 -6.03856336758 5.9502087845 5.66907743901 129.88999939 0.374723743072 -1.9375 9.0 1.0 1.0 2.5 0.0 0.0 
3043 21.6863165303 -6.03856336758 5.9502087845 5.66907743901 129.88999939 0.374723743072 -1.9375 9.0 1.0 1.0 2.5 0.0 0.0 
3043 21.6863165303 -6.03856336758 5.9502087845 5.66907743901 129.88999939 0.374723743072 -1.9375 9.0 1.0 1.0 2.5 0.0 0.0 
3043 21.6863165303 -6.03856336758 5.9502087845 5.66907743901 129.900001526 0.374723743072 -1.9375 9.0 1.0 1.0 2.5 0.0 0.0 
3043 21.5984631225 -5.93349187643 5.9502087845 5.66907743901 129.869998932 0.374723743072 -1.9375 9.0 1.0 1.0 2.5 0.0 0.0 
3043 21.2281601956 -5.49624448603 5.9502087845 5.66907743901 132.13999939 0.374723743072 -1.9375 9.0 1.0 1.0 2.5 0.0 0.0 
3043 20.9511570111 -5.19917016051 5.9502087845 5.66907743901 135.819999695 0.374723743072 -1.9375 9.0 1.0 1.0 2.5 0.0 0.0 
3046 20.1926749614 -4.5586547154 5.9502087845 5.66907743901 147.290000916 0.275240941282 -0.03125 9.0 1.0 1.0 2.5 0.0 0.0 
3046 19.843594911 -4.34945190148 5.9502087845 5.66907743901 154.129999161 0.275240941282 -0.03125 9.0 1.0 1.0 2.5 0.0 0.0 
3046 19.1039661611 -4.054314994 5.9502087845 5.66907743901 167.159999847 0.275240941282 -0.03125 9.0 1.0 1.0 2.5 0.0 0.0 
3046 18.5497967419 -3.93449362731 5.9502087845 5.66907743901 179.290000021 0.275240941282 -0.03125 9.0 1.0 1.0 2.5 0.0 0.0 
3046 17.9012388275 -3.96795203459 5.9502087845 5.66907743901 206.969999313 0.275240941282 -0.03125 9.0 1.0 1.0 2.5 0.0 0.0 
3046 17.3832962023 -4.41973679877 5.9502087845 5.66907743901 261.029998779 0.275240941282 -0.03125 9.0 1.0 1.0 2.5 0.0 0.0 
3046 17.391009052 -4.61912600479 5.9502087845 5.66907743901 301.120002747 0.275240941282 -0.03125 9.0 1.0 1.0 2.5 0.0 0.0 
3046 17.4801087615 -4.71929837292 5.9502087845 5.66907743901 327.789993286 0.275240941282 -0.03125 9.0 1.0 1.0 2.5 0.0 0.0 
3046 17.4899368478 -4.72464002457 5.9502087845 5.66907743901 331.789993286 0.275240941282 -0.03125 9.0 1.0 1.0 2.5 0.0 0.0 
3046 17.5134567467 -4.73591096848 5.9502087845 5.66907743901 340.720001221 0.275240941282 -0.03125 9.0 1.0 1.0 2.5 0.0 0.0 
3046 17.6379407776 -4.77735815537 5.9502087845 5.66907743901 354.929992676 0.275240941282 -0.03125 9.0 1.0 1.0 2.5 0.0 0.0 
3046 19.0389425012 -3.92806090964 5.9502087845 5.66907743901 36.5700073242 0.275240941282 -0.03125 9.0 1.0 1.0 2.5 0.0 0.0 
3046 19.2036309683 -3.80602590402 5.9502087845 5.66907743901 36.7299957275 0.275240941282 -0.03125 9.0 1.0 1.0 2.5 0.0 0.0 
3046 19.5336527237 -3.55970064294 5.9502087845 5.66907743901 36.7100067139 0.275240941282 -0.03125 9.0 1.0 1.0 2.5 0.0 0.0 
3046 19.7797383573 -3.37693685958 5.9502087845 5.66907743901 36.25 0.275240941282 -0.03125 9.0 1.0 1.0 2.5 0.0 0.0 
3046 19.9504328167 -3.25205959405 5.9502087845 5.66907743901 35.3300018311 0.275240941282 -0.03125 9.0 1.0 1.0 2.5 0.0 0.0 
3046 20.0047377692 -3.21431514842 5.9502087845 5.66907743901 29.5800018311 0.275240941282 -0.03125 9.0 1.0 1.0 2.5 0.0 0.0 
3046 20.0550645326 -3.18601216363 5.9502087845 5.66907743901 25.8800048828 0.275240941282 -0.03125 9.0 1.0 1.0 2.5 0.0 0.0 
3046 20.0575793276 -3.18479212916 5.9502087845 5.66907743901 21.9700012207 0.275240941282 -0.03125 9.0 1.0 1.0 2.5 0.0 0.0 
3046 20.0558883762 -3.18560024673 5.9502087845 5.66907743901 9.32000732422 0.275240941282 -0.03125 9.0 1.0 1.0 2.5 0.0 0.0 
3046 20.0317254431 -3.18694893753 5.9502087845 5.66907743901 357.960006714 0.275240941282 -0.03125 9.0 1.0 1.0 2.5 0.0 0.0 
3046 20.0112538899 -3.18594364266 5.9502087845 5.66907743901 356.460006714 0.275240941282 -0.03125 9.0 1.0 1.0 2.5 0.0 0.0 
3046 20.0112538899 -3.18594364266 5.9502087845 5.66907743901 356.61000061 0.275240941282 -0.03125 9.0 1.0 1.0 2.5 0.0 0.0 
3046 20.0112538899 -3.18594364266 5.9502087845 5.66907743901 356.630004883 0.275240941282 -0.03125 9.0 1.0 1.0 2.5 0.0 0.0 
3046 20.0112538899 -3.18594364266 5.9502087845 5.66907743901 356.649993896 0.275240941282 -0.03125 9.0 1.0 1.0 2.5 0.0 0.0 
3046 20.0112538899 -3.18594364266 5.9502087845 5.66907743901 356.669998169 0.275240941282 -0.03125 9.0 1.0 1.0 2.5 0.0 0.0 
3046 20.0112538899 -3.18594364266 5.9502087845 5.66907743901 356.690002441 0.275240941282 -0.03125 9.0 1.0 1.0 2.5 0.0 0.0 
3046 20.0112538899 -3.18594364266 5.9502087845 5.66907743901 356.710006714 0.275240941282 -0.03125 9.0 1.0 1.0 2.5 0.0 0.0 
3046 20.0140444557 -3.18610307994 5.9502087845 5.66907743901 356.729995728 0.275240941282 -0.03125 9.0 1.0 1.0 2.5 0.0 0.0 
3046 21.0134686108 -3.40587525235 5.9502087845 5.66907743901 333.600006104 0.275240941282 -0.03125 9.0 1.0 1.0 2.5 0.0 0.0 
3046 21.5643436482 -3.69831345826 5.9502087845 5.66907743901 320.309997559 0.275240941282 -0.03125 9.0 1.0 1.0 2.5 0.0 0.0 
3046 21.9839305201 -4.06347051493 5.9502087845 5.66907743901 308.529998779 0.275240941282 -0.03125 9.0 1.0 1.0 2.5 0.0 0.0 
3046 22.1372281958 -4.24486810044 5.9502087845 5.66907743901 301.63999939 0.275240941282 -0.03125 9.0 1.0 1.0 2.5 0.0 0.0 
3046 22.5770517982 -5.07002399276 5.9502087845 5.66907743901 295.830001831 0.275240941282 -0.03125 9.0 1.0 1.0 2.5 0.0 0.0 
3046 22.6998235578 -5.30415941959 5.9502087845 5.66907743901 302.519996643 0.275240941282 -0.03125 9.0 1.0 1.0 2.5 0.0 0.0 
3046 22.6784570175 -5.27249266388 5.9502087845 5.66907743901 303.650001526 0.275240941282 -0.03125 9.0 1.0 1.0 2.5 0.0 0.0 
3046 22.5431490932 -5.0670835982 5.9502087845 5.66907743901 303.180000305 0.275240941282 -0.03125 9.0 1.0 1.0 2.5 0.0 0.0 
3046 22.2427737018 -4.60115705793 5.9502087845 5.66907743901 302.11000061 0.275240941282 -0.03125 9.0 1.0 1.0 2.5 0.0 0.0 
3046 22.0527309691 -4.2980316095 5.9502087845 5.66907743901 304.13999939 0.275240941282 -0.03125 9.0 1.0 1.0 2.5 0.0 0.0 
3046 21.9529798148 -4.15636461409 5.9502087845 5.66907743901 314.399993896 0.275240941282 -0.03125 9.0 1.0 1.0 2.5 0.0 0.0 
3046 21.6276924157 -3.89256779625 5.9502087845 5.66907743901 344.539993286 0.275240941282 -0.03125 9.0 1.0 1.0 2.5 0.0 0.0 
3046 21.3160625861 -3.82513111821 5.9502087845 5.66907743901 6.83999633789 0.275240941282 -0.03125 9.0 1.0 1.0 2.5 0.0 0.0 
3046 21.0604997414 -3.8603682587 5.9502087845 5.66907743901 23.7100067139 0.275240941282 -0.03125 9.0 1.0 1.0 2.5 0.0 0.0 
3046 21.1727185685 -3.79364250255 5.9502087845 5.66907743901 32.3000030518 0.275240941282 -0.03125 9.0 1.0 1.0 2.5 0.0 0.0 
3046 21.677192417 -3.45864102755 5.9502087845 5.66907743901 34.25 0.275240941282 -0.03125 9.0 1.0 1.0 2.5 0.0 0.0 
3046 22.3168832831 -3.02746811104 5.9502087845 5.66907743901 32.3300018311 0.275240941282 -0.03125 9.0 1.0 1.0 2.5 0.0 0.0 
3046 22.5838580089 -2.86223793041 5.9502087845 5.66907743901 30.0 0.275240941282 -0.03125 9.0 1.0 1.0 2.5 0.0 0.0 
3046 23.0080760605 -2.64335993382 5.9502087845 5.66907743901 16.75 0.275240941282 -0.03125 9.0 1.0 1.0 2.5 0.0 0.0 
3046 23.4707486127 -2.60483658248 5.9502087845 5.66907743901 346.800003052 0.275240941282 -0.03125 9.0 1.0 1.0 2.5 0.0 0.0 
3046 23.7284717965 -2.67818884811 5.9502087845 5.66907743901 334.119995117 0.275240941282 -0.03125 9.0 1.0 1.0 2.5 0.0 0.0 
3046 23.8849243214 -2.75653170912 5.9502087845 5.66907743901 325.020004272 0.275240941282 -0.03125 9.0 1.0 1.0 2.5 0.0 0.0 
3046 23.9477407757 -2.79833494354 5.9502087845 5.66907743901 321.13999939 0.275240941282 -0.03125 9.0 1.0 1.0 2.5 0.0 0.0 
3046 23.9886040929 -2.83224828226 5.9502087845 5.66907743901 320.050003052 0.275240941282 -0.03125 9.0 1.0 1.0 2.5 0.0 0.0 
3046 23.9979918614 -2.83990119224 5.9502087845 5.66907743901 323.089996338 0.275240941282 -0.03125 9.0 1.0 1.0 2.5 0.0 0.0 
3046 23.9889808466 -2.83328275097 5.9502087845 5.66907743901 324.089996338 0.275240941282 -0.03125 9.0 1.0 1.0 2.5 0.0 0.0 
3046 23.9997114393 -2.84069497866 5.9502087845 5.66907743901 328.699996948 0.275240941282 -0.03125 9.0 1.0 1.0 2.5 0.0 0.0 
3046 24.0826643396 -2.88509897436 5.9502087845 5.66907743901 333.559997559 0.275240941282 -0.03125 9.0 1.0 1.0 2.5 0.0 0.0 
3046 24.580062212 -3.12344019814 5.9502087845 5.66907743901 335.169998169 0.275240941282 -0.03125 9.0 1.0 1.0 2.5 0.0 0.0 
3046 25.1064400891 -3.36134637022 5.9502087845 5.66907743901 336.830001831 0.275240941282 -0.03125 9.0 1.0 1.0 2.5 0.0 0.0 
3046 25.3296659684 -3.45780289073 5.9502087845 5.66907743901 337.300003052 0.275240941282 -0.03125 9.0 1.0 1.0 2.5 0.0 0.0 
3046 25.9628005041 -3.72118362158 5.9502087845 5.66907743901 337.699996948 0.275240941282 -0.03125 9.0 1.0 1.0 2.5 0.0 0.0 
3046 26.2282644542 -3.83016959682 5.9502087845 5.66907743901 337.630004883 0.275240941282 -0.03125 9.0 1.0 1.0 2.5 0.0 0.0 
3046 26.5352979916 -3.95565451809 5.9502087845 5.66907743901 337.960006714 0.275240941282 -0.03125 9.0 1.0 1.0 2.5 0.0 0.0 
3046 26.7634544103 -4.04755595666 5.9502087845 5.66907743901 338.259994507 0.275240941282 -0.03125 9.0 1.0 1.0 2.5 0.0 0.0 
3046 27.1738891448 -4.21058624867 5.9502087845 5.66907743901 338.399993896 0.275240941282 -0.03125 9.0 1.0 1.0 2.5 0.0 0.0 
3046 27.5217674697 -4.34684685501 5.9502087845 5.66907743901 339.0 0.275240941282 -0.03125 9.0 1.0 1.0 2.5 0.0 0.0 
3046 27.8830423766 -4.4846299085 5.9502087845 5.66907743901 339.399993896 0.275240941282 -0.03125 9.0 1.0 1.0 2.5 0.0 0.0 
3046 28.2945059225 -4.63984044884 5.9502087845 5.66907743901 338.830001831 0.275240941282 -0.03125 9.0 1.0 1.0 2.5 0.0 0.0 
3046 28.448251735 -4.69948933457 5.9502087845 5.66907743901 338.320007324 0.275240941282 -0.03125 9.0 1.0 1.0 2.5 0.0 0.0 
3046 28.5036476275 -4.7215557328 5.9502087845 5.66907743901 338.009994507 0.275240941282 -0.03125 9.0 1.0 1.0 2.5 0.0 0.0 
3046 28.5036476275 -4.7215557328 5.9502087845 5.66907743901 338.070007324 0.275240941282 -0.03125 9.0 1.0 1.0 2.5 0.0 0.0 
3046 28.4155444826 -4.68592871076 5.9502087845 5.66907743901 338.039993286 0.275240941282 -0.03125 9.0 1.0 1.0 2.5 0.0 0.0 
3046 28.3498520522 -4.65949948738 5.9502087845 5.66907743901 338.220001221 0.275240941282 -0.03125 9.0 1.0 1.0 2.5 0.0 0.0 
3046 28.3455260713 -4.65777096997 5.9502087845 5.66907743901 338.830001831 0.275240941282 -0.03125 9.0 1.0 1.0 2.5 0.0 0.0 
3046 28.3455260713 -4.65777096997 5.9502087845 5.66907743901 339.899993896 0.275240941282 -0.03125 9.0 1.0 1.0 2.5 0.0 0.0 
3046 28.3455260713 -4.65777096997 5.9502087845 5.66907743901 341.179992676 0.275240941282 -0.03125 9.0 1.0 1.0 2.5 0.0 0.0 
3046 28.3455260713 -4.65777096997 5.9502087845 5.66907743901 342.669998169 0.275240941282 -0.03125 9.0 1.0 1.0 2.5 0.0 0.0 
3046 28.3455260713 -4.65777096997 5.9502087845 5.66907743901 342.800003052 0.275240941282 -0.03125 9.0 1.0 1.0 2.5 0.0 0.0 
3046 28.3455260713 -4.65777096997 5.9502087845 5.66907743901 342.970001221 0.275240941282 -0.03125 9.0 1.0 1.0 2.5 0.0 0.0 
3046 28.3455260713 -4.65777096997 5.9502087845 5.66907743901 343.210006714 0.275240941282 -0.03125 9.0 1.0 1.0 2.5 0.0 0.0 
3046 28.3455260713 -4.65777096997 5.9502087845 5.66907743901 343.589996338 0.275240941282 -0.03125 9.0 1.0 1.0 2.5 0.0 0.0 
3046 28.3455260713 -4.65777096997 5.9502087845 5.66907743901 344.080001831 0.275240941282 -0.03125 9.0 1.0 1.0 2.5 0.0 0.0 
3046 28.3455260713 -4.65777096997 5.9502087845 5.66907743901 344.63999939 0.275240941282 -0.03125 9.0 1.0 1.0 2.5 0.0 0.0 
3046 28.3455260713 -4.65777096997 5.9502087845 5.66907743901 346.220001221 0.275240941282 -0.03125 9.0 1.0 1.0 2.5 0.0 0.0 
3046 28.3455260713 -4.65777096997 5.9502087845 5.66907743901 347.429992676 0.275240941282 -0.03125 9.0 1.0 1.0 2.5 0.0 0.0 
3046 28.3455260713 -4.65777096997 5.9502087845 5.66907743901 348.960006714 0.275240941282 -0.03125 9.0 1.0 1.0 2.5 0.0 0.0 
3046 28.3455260713 -4.65777096997 5.9502087845 5.66907743901 351.380004883 0.275240941282 -0.03125 9.0 1.0 1.0 2.5 0.0 0.0 
3046 28.3455260713 -4.65777096997 5.9502087845 5.66907743901 352.740005493 0.275240941282 -0.03125 9.0 1.0 1.0 2.5 0.0 0.0 
3046 28.3455260713 -4.65777096997 5.9502087845 5.66907743901 352.339996338 0.275240941282 -0.03125 9.0 1.0 1.0 2.5 0.0 0.0 
3046 28.3455260713 -4.65777096997 5.9502087845 5.66907743901 355.020004272 0.275240941282 -0.03125 9.0 1.0 1.0 2.5 0.0 0.0 
3046 28.3455260713 -4.65777096997 5.9502087845 5.66907743901 1.35000610352 0.275240941282 -0.03125 9.0 1.0 1.0 2.5 0.0 0.0 
3046 28.3455260713 -4.65777096997 5.9502087845 5.66907743901 7.08999633789 0.275240941282 -0.03125 9.0 1.0 1.0 2.5 0.0 0.0 
3046 28.3455260713 -4.65777096997 5.9502087845 5.66907743901 4.83999633789 0.275240941282 -0.03125 9.0 1.0 1.0 2.5 0.0 0.0 
3046 28.3455260713 -4.65777096997 5.9502087845 5.66907743901 4.36000061035 0.275240941282 -0.03125 9.0 1.0 1.0 2.5 0.0 0.0 
3046 28.3455260713 -4.65777096997 5.9502087845 5.66907743901 4.33999633789 0.275240941282 -0.03125 9.0 1.0 1.0 2.5 0.0 0.0 
3046 28.3455260713 -4.65777096997 5.9502087845 5.66907743901 0.490005493164 0.275240941282 -0.03125 9.0 1.0 1.0 2.5 0.0 0.0 
3046 28.3455260713 -4.65777096997 5.9502087845 5.66907743901 356.960006714 0.275240941282 -0.03125 9.0 1.0 1.0 2.5 0.0 0.0 
3046 28.3455260713 -4.65777096997 5.9502087845 5.66907743901 355.470001221 0.275240941282 -0.03125 9.0 1.0 1.0 2.5 0.0 0.0 
3046 28.3455260713 -4.65777096997 5.9502087845 5.66907743901 355.419998169 0.275240941282 -0.03125 9.0 1.0 1.0 2.5 0.0 0.0 
3046 28.3455260713 -4.65777096997 5.9502087845 5.66907743901 354.419998169 0.275240941282 -0.03125 9.0 1.0 1.0 2.5 0.0 0.0 
3046 28.3455260713 -4.65777096997 5.9502087845 5.66907743901 358.169998169 0.275240941282 -0.03125 9.0 1.0 1.0 2.5 0.0 0.0 
3046 28.3455260713 -4.65777096997 5.9502087845 5.66907743901 0.669998168945 0.275240941282 -0.03125 9.0 1.0 1.0 2.5 0.0 0.0 
3046 28.3455260713 -4.65777096997 5.9502087845 5.66907743901 359.38999939 0.275240941282 -0.03125 9.0 1.0 1.0 2.5 0.0 0.0 
3046 28.3455260713 -4.65777096997 5.9502087845 5.66907743901 355.380004883 0.275240941282 -0.03125 9.0 1.0 1.0 2.5 0.0 0.0 
3046 28.3455260713 -4.65777096997 5.9502087845 5.66907743901 350.630004883 0.275240941282 -0.03125 9.0 1.0 1.0 2.5 0.0 0.0 
3046 28.3455260713 -4.65777096997 5.9502087845 5.66907743901 349.630004883 0.275240941282 -0.03125 9.0 1.0 1.0 2.5 0.0 0.0 
3046 28.3455260713 -4.65777096997 5.9502087845 5.66907743901 350.690002441 0.275240941282 -0.03125 9.0 1.0 1.0 2.5 0.0 0.0 
3046 28.3455260713 -4.65777096997 5.9502087845 5.66907743901 352.910003662 0.275240941282 -0.03125 9.0 1.0 1.0 2.5 0.0 0.0 
3046 28.3455260713 -4.65777096997 5.9502087845 5.66907743901 352.880004883 0.275240941282 -0.03125 9.0 1.0 1.0 2.5 0.0 0.0 
3046 28.3455260713 -4.65777096997 5.9502087845 5.66907743901 353.580001831 0.275240941282 -0.03125 9.0 1.0 1.0 2.5 0.0 0.0 
3046 28.3455260713 -4.65777096997 5.9502087845 5.66907743901 355.75 0.275240941282 -0.03125 9.0 1.0 1.0 2.5 0.0 0.0 
3046 28.3455260713 -4.65777096997 5.9502087845 5.66907743901 357.11000061 0.275240941282 -0.03125 9.0 1.0 1.0 2.5 0.0 0.0 
3046 28.3455260713 -4.65777096997 5.9502087845 5.66907743901 356.38999939 0.275240941282 -0.03125 9.0 1.0 1.0 2.5 0.0 0.0 
3046 28.3455260713 -4.65777096997 5.9502087845 5.66907743901 353.970001221 0.275240941282 -0.03125 9.0 1.0 1.0 2.5 0.0 0.0 
3046 28.3455260713 -4.65777096997 5.9502087845 5.66907743901 351.419998169 0.275240941282 -0.03125 9.0 1.0 1.0 2.5 0.0 0.0 
3046 28.3455260713 -4.65777096997 5.9502087845 5.66907743901 351.600006104 0.275240941282 -0.03125 9.0 1.0 1.0 2.5 0.0 0.0 
3046 28.3455260713 -4.65777096997 5.9502087845 5.66907743901 352.199996948 0.275240941282 -0.03125 9.0 1.0 1.0 2.5 0.0 0.0 
3046 28.3455260713 -4.65777096997 5.9502087845 5.66907743901 353.220001221 0.275240941282 -0.03125 9.0 1.0 1.0 2.5 0.0 0.0 
3046 28.3455260713 -4.65777096997 5.9502087845 5.66907743901 355.029998779 0.275240941282 -0.03125 9.0 1.0 1.0 2.5 0.0 0.0 
3046 28.3455260713 -4.65777096997 5.9502087845 5.66907743901 356.479995728 0.275240941282 -0.03125 9.0 1.0 1.0 2.5 0.0 0.0 
3046 28.3455260713 -4.65777096997 5.9502087845 5.66907743901 356.320007324 0.275240941282 -0.03125 9.0 1.0 1.0 2.5 0.0 0.0 
3046 28.3455260713 -4.65777096997 5.9502087845 5.66907743901 354.320007324 0.275240941282 -0.03125 9.0 1.0 1.0 2.5 0.0 0.0 
3046 28.3455260713 -4.65777096997 5.9502087845 5.66907743901 353.330001831 0.275240941282 -0.03125 9.0 1.0 1.0 2.5 0.0 0.0 
3046 28.3455260713 -4.65777096997 5.9502087845 5.66907743901 351.949996948 0.275240941282 -0.03125 9.0 1.0 1.0 2.5 0.0 0.0 
3046 28.3455260713 -4.65777096997 5.9502087845 5.66907743901 351.809997559 0.275240941282 -0.03125 9.0 1.0 1.0 2.5 0.0 0.0 
3046 28.3455260713 -4.65777096997 5.9502087845 5.66907743901 352.399993896 0.275240941282 -0.03125 9.0 1.0 1.0 2.5 0.0 0.0 
3046 28.3455260713 -4.65777096997 5.9502087845 5.66907743901 353.089996338 0.275240941282 -0.03125 9.0 1.0 1.0 2.5 0.0 0.0 
3046 28.3455260713 -4.65777096997 5.9502087845 5.66907743901 354.380004883 0.275240941282 -0.03125 9.0 1.0 1.0 2.5 0.0 0.0 
3046 28.3455260713 -4.65777096997 5.9502087845 5.66907743901 356.619995117 0.275240941282 -0.03125 9.0 1.0 1.0 2.5 0.0 0.0 
3046 28.3455260713 -4.65777096997 5.9502087845 5.66907743901 356.279998779 0.275240941282 -0.03125 9.0 1.0 1.0 2.5 0.0 0.0 
3046 28.3455260713 -4.65777096997 5.9502087845 5.66907743901 354.630004883 0.275240941282 -0.03125 9.0 1.0 1.0 2.5 0.0 0.0 
3046 28.3455260713 -4.65777096997 5.9502087845 5.66907743901 352.919998169 0.275240941282 -0.03125 9.0 1.0 1.0 2.5 0.0 0.0 
3046 28.3455260713 -4.65777096997 5.9502087845 5.66907743901 352.089996338 0.275240941282 -0.03125 9.0 1.0 1.0 2.5 0.0 0.0 
3046 28.3455260713 -4.65777096997 5.9502087845 5.66907743901 352.169998169 0.275240941282 -0.03125 9.0 1.0 1.0 2.5 0.0 0.0 
3046 28.3455260713 -4.65777096997 5.9502087845 5.66907743901 352.770004272 0.275240941282 -0.03125 9.0 1.0 1.0 2.5 0.0 0.0 
3046 28.3455260713 -4.65777096997 5.9502087845 5.66907743901 353.5 0.275240941282 -0.03125 9.0 1.0 1.0 2.5 0.0 0.0 
3046 28.3455260713 -4.65777096997 5.9502087845 5.66907743901 354.809997559 0.275240941282 -0.03125 9.0 1.0 1.0 2.5 0.0 0.0 
3046 28.3455260713 -4.65777096997 5.9502087845 5.66907743901 355.5 0.275240941282 -0.03125 9.0 1.0 1.0 2.5 0.0 0.0 
3046 28.3455260713 -4.65777096997 5.9502087845 5.66907743901 356.460006714 0.275240941282 -0.03125 9.0 1.0 1.0 2.5 0.0 0.0 
3046 28.3455260713 -4.65777096997 5.9502087845 5.66907743901 355.690002441 0.275240941282 -0.03125 9.0 1.0 1.0 2.5 0.0 0.0 
3046 28.3455260713 -4.65777096997 5.9502087845 5.66907743901 354.100006104 0.275240941282 -0.03125 9.0 1.0 1.0 2.5 0.0 0.0 
3046 28.3455260713 -4.65777096997 5.9502087845 5.66907743901 352.770004272 0.275240941282 -0.03125 9.0 1.0 1.0 2.5 0.0 0.0 
3046 28.3455260713 -4.65777096997 5.9502087845 5.66907743901 352.270004272 0.275240941282 -0.03125 9.0 1.0 1.0 2.5 0.0 0.0 
3046 28.3455260713 -4.65777096997 5.9502087845 5.66907743901 352.309997559 0.275240941282 -0.03125 9.0 1.0 1.0 2.5 0.0 0.0 
3046 28.3455260713 -4.65777096997 5.9502087845 5.66907743901 352.740005493 0.275240941282 -0.03125 9.0 1.0 1.0 2.5 0.0 0.0 
3046 28.3455260713 -4.65777096997 5.9502087845 5.66907743901 353.339996338 0.275240941282 -0.03125 9.0 1.0 1.0 2.5 0.0 0.0 
3046 28.3455260713 -4.65777096997 5.9502087845 5.66907743901 354.509994507 0.275240941282 -0.03125 9.0 1.0 1.0 2.5 0.0 0.0 
3046 28.3455260713 -4.65777096997 5.9502087845 5.66907743901 355.13999939 0.275240941282 -0.03125 9.0 1.0 1.0 2.5 0.0 0.0 
3046 28.3455260713 -4.65777096997 5.9502087845 5.66907743901 356.220001221 0.275240941282 -0.03125 9.0 1.0 1.0 2.5 0.0 0.0 
3046 28.3455260713 -4.65777096997 5.9502087845 5.66907743901 356.149993896 0.275240941282 -0.03125 9.0 1.0 1.0 2.5 0.0 0.0 
3046 28.3455260713 -4.65777096997 5.9502087845 5.66907743901 355.169998169 0.275240941282 -0.03125 9.0 1.0 1.0 2.5 0.0 0.0 
3046 28.3455260713 -4.65777096997 5.9502087845 5.66907743901 353.740005493 0.275240941282 -0.03125 9.0 1.0 1.0 2.5 0.0 0.0 
3046 28.3455260713 -4.65777096997 5.9502087845 5.66907743901 352.740005493 0.275240941282 -0.03125 9.0 1.0 1.0 2.5 0.0 0.0 
3046 28.3455260713 -4.65777096997 5.9502087845 5.66907743901 352.460006714 0.275240941282 -0.03125 9.0 1.0 1.0 2.5 0.0 0.0 
3046 28.3455260713 -4.65777096997 5.9502087845 5.66907743901 352.720001221 0.275240941282 -0.03125 9.0 1.0 1.0 2.5 0.0 0.0 
3046 28.3455260713 -4.65777096997 5.9502087845 5.66907743901 353.419998169 0.275240941282 -0.03125 9.0 1.0 1.0 2.5 0.0 0.0 
3046 28.3455260713 -4.65777096997 5.9502087845 5.66907743901 353.929992676 0.275240941282 -0.03125 9.0 1.0 1.0 2.5 0.0 0.0 
3046 28.3455260713 -4.65777096997 5.9502087845 5.66907743901 354.789993286 0.275240941282 -0.03125 9.0 1.0 1.0 2.5 0.0 0.0 
3046 28.3455260713 -4.65777096997 5.9502087845 5.66907743901 355.919998169 0.275240941282 -0.03125 9.0 1.0 1.0 2.5 0.0 0.0 
3046 28.3455260713 -4.65777096997 5.9502087845 5.66907743901 356.009994507 0.275240941282 -0.03125 9.0 1.0 1.0 2.5 0.0 0.0 
3046 28.3455260713 -4.65777096997 5.9502087845 5.66907743901 355.36000061 0.275240941282 -0.03125 9.0 1.0 1.0 2.5 0.0 0.0 
3046 28.3455260713 -4.65777096997 5.9502087845 5.66907743901 354.130004883 0.275240941282 -0.03125 9.0 1.0 1.0 2.5 0.0 0.0 
3046 28.3455260713 -4.65777096997 5.9502087845 5.66907743901 353.089996338 0.275240941282 -0.03125 9.0 1.0 1.0 2.5 0.0 0.0 
3046 28.3455260713 -4.65777096997 5.9502087845 5.66907743901 352.619995117 0.275240941282 -0.03125 9.0 1.0 1.0 2.5 0.0 0.0 
3046 28.3455260713 -4.65777096997 5.9502087845 5.66907743901 352.740005493 0.275240941282 -0.03125 9.0 1.0 1.0 2.5 0.0 0.0 
3046 28.3455260713 -4.65777096997 5.9502087845 5.66907743901 352.949996948 0.275240941282 -0.03125 9.0 1.0 1.0 2.5 0.0 0.0 
3046 28.3455260713 -4.65777096997 5.9502087845 5.66907743901 353.929992676 0.275240941282 -0.03125 9.0 1.0 1.0 2.5 0.0 0.0 
3046 28.3455260713 -4.65777096997 5.9502087845 5.66907743901 354.960006714 0.275240941282 -0.03125 9.0 1.0 1.0 2.5 0.0 0.0 
3046 28.3455260713 -4.65777096997 5.9502087845 5.66907743901 355.210006714 0.275240941282 -0.03125 9.0 1.0 1.0 2.5 0.0 0.0 
3046 28.3455260713 -4.65777096997 5.9502087845 5.66907743901 355.729995728 0.275240941282 -0.03125 9.0 1.0 1.0 2.5 0.0 0.0 
3046 28.3455260713 -4.65777096997 5.9502087845 5.66907743901 355.020004272 0.275240941282 -0.03125 9.0 1.0 1.0 2.5 0.0 0.0 
3046 28.3455260713 -4.65777096997 5.9502087845 5.66907743901 354.470001221 0.275240941282 -0.03125 9.0 1.0 1.0 2.5 0.0 0.0 
3046 28.3455260713 -4.65777096997 5.9502087845 5.66907743901 353.429992676 0.275240941282 -0.03125 9.0 1.0 1.0 2.5 0.0 0.0 
3046 28.3455260713 -4.65777096997 5.9502087845 5.66907743901 352.86000061 0.275240941282 -0.03125 9.0 1.0 1.0 2.5 0.0 0.0 
3046 28.3455260713 -4.65777096997 5.9502087845 5.66907743901 352.809997559 0.275240941282 -0.03125 9.0 1.0 1.0 2.5 0.0 0.0 
3046 28.3455260713 -4.65777096997 5.9502087845 5.66907743901 353.330001831 0.275240941282 -0.03125 9.0 1.0 1.0 2.5 0.0 0.0 
3046 28.3455260713 -4.65777096997 5.9502087845 5.66907743901 354.13999939 0.275240941282 -0.03125 9.0 1.0 1.0 2.5 0.0 0.0 
3046 28.3455260713 -4.65777096997 5.9502087845 5.66907743901 355.050003052 0.275240941282 -0.03125 9.0 1.0 1.0 2.5 0.0 0.0 
3046 28.3455260713 -4.65777096997 5.9502087845 5.66907743901 355.509994507 0.275240941282 -0.03125 9.0 1.0 1.0 2.5 0.0 0.0 
3046 28.3455260713 -4.65777096997 5.9502087845 5.66907743901 355.470001221 0.275240941282 -0.03125 9.0 1.0 1.0 2.5 0.0 0.0 
3046 28.3455260713 -4.65777096997 5.9502087845 5.66907743901 354.729995728 0.275240941282 -0.03125 9.0 1.0 1.0 2.5 0.0 0.0 
3046 28.3455260713 -4.65777096997 5.9502087845 5.66907743901 353.779998779 0.275240941282 -0.03125 9.0 1.0 1.0 2.5 0.0 0.0 
3046 28.3455260713 -4.65777096997 5.9502087845 5.66907743901 353.380004883 0.275240941282 -0.03125 9.0 1.0 1.0 2.5 0.0 0.0 
3046 28.3455260713 -4.65777096997 5.9502087845 5.66907743901 352.940002441 0.275240941282 -0.03125 9.0 1.0 1.0 2.5 0.0 0.0 
3046 28.3455260713 -4.65777096997 5.9502087845 5.66907743901 352.949996948 0.275240941282 -0.03125 9.0 1.0 1.0 2.5 0.0 0.0 
