# visionSample, x, y, visX, visY, angle, rawDist, rawAngle, distM, distC, angleC, angleM, distRSquared, angleRSquared
3 10.2564801787 3.3207678156 1.58363170036 -0.657799479569 136.659999847 0.151074639157 -4.5 9.0 1.0 1.0 2.5 0.0 0.0 
3 10.2314081021 3.34442761452 1.58363170036 -0.657799479569 136.650001526 0.151074639157 -4.5 9.0 1.0 1.0 2.5 0.0 0.0 
3 9.99360135731 3.56891747886 1.58363170036 -0.657799479569 136.240001678 0.151074639157 -4.5 9.0 1.0 1.0 2.5 0.0 0.0 
3 9.19811009326 4.42009612636 1.58363170036 -0.657799479569 122.549999237 0.151074639157 -4.5 9.0 1.0 1.0 2.5 0.0 0.0 
7 9.34865456606 5.71359851892 9.65972644923 5.53904943622 106.620002747 0.251513636433 0.65625 9.0 1.0 1.0 2.5 0.0 0.0 
7 9.41143057529 6.95557051189 9.89344261543 5.63095074738 86.5999984741 0.251513636433 0.65625 9.0 1.0 1.0 2.5 0.0 0.0 
7 9.43170956577 7.29690459874 9.89344261543 5.63095074738 81.0800018311 0.251513636433 0.65625 9.0 1.0 1.0 2.5 0.0 0.0 
7 10.0447114747 8.92288476059 9.89344261543 5.63095074738 57.4300003052 0.251513636433 0.65625 9.0 1.0 1.0 2.5 0.0 0.0 
7 10.4638278712 9.50610698994 9.89344261543 5.63095074738 44.7299957275 0.251513636433 0.65625 9.0 1.0 1.0 2.5 0.0 0.0 
7 11.6445173142 10.3245630859 9.89344261543 5.63095074738 18.0500030518 0.251513636433 0.65625 9.0 1.0 1.0 2.5 0.0 0.0 
7 13.2637586806 10.5524148498 9.89344261543 5.63095074738 352.190002441 0.251513636433 0.65625 9.0 1.0 1.0 2.5 0.0 0.0 
7 13.6625219954 10.4977201826 9.89344261543 5.63095074738 342.130004883 0.251513636433 0.65625 9.0 1.0 1.0 2.5 0.0 0.0 
7 15.2925497224 9.91521522061 9.89344261543 5.63095074738 327.86000061 0.251513636433 0.65625 9.0 1.0 1.0 2.5 0.0 0.0 
7 16.0531956297 9.46503252742 9.89344261543 5.63095074738 318.770004272 0.251513636433 0.65625 9.0 1.0 1.0 2.5 0.0 0.0 
7 18.1523515721 7.76326355855 9.89344261543 5.63095074738 320.070007324 0.251513636433 0.65625 9.0 1.0 1.0 2.5 0.0 0.0 
7 18.8781189488 7.1440488936 9.89344261543 5.63095074738 321.210006714 0.251513636433 0.65625 9.0 1.0 1.0 2.5 0.0 0.0 
7 20.4526103809 5.95526113517 9.89344261543 5.63095074738 326.339996338 0.251513636433 0.65625 9.0 1.0 1.0 2.5 0.0 0.0 
7 22.1426145714 4.84247407594 9.89344261543 5.63095074738 328.059997559 0.251513636433 0.65625 9.0 1.0 1.0 2.5 0.0 0.0 
7 22.9900959862 4.31393506544 9.89344261543 5.63095074738 326.210006714 0.251513636433 0.65625 9.0 1.0 1.0 2.5 0.0 0.0 
7 24.5962389178 3.19368211265 9.89344261543 5.63095074738 319.5 0.251513636433 0.65625 9.0 1.0 1.0 2.5 0.0 0.0 
7 25.9884174319 1.89879331004 9.89344261543 5.63095074738 304.669998169 0.251513636433 0.65625 9.0 1.0 1.0 2.5 0.0 0.0 
7 26.5396744846 1.16237514336 9.89344261543 5.63095074738 295.309997559 0.251513636433 0.65625 9.0 1.0 1.0 2.5 0.0 0.0 
7 27.2257196185 -0.473356758471 9.89344261543 5.63095074738 273.699996948 0.251513636433 0.65625 9.0 1.0 1.0 2.5 0.0 0.0 
7 27.2416241035 -2.20752125702 9.89344261543 5.63095074738 248.919998169 0.251513636433 0.65625 9.0 1.0 1.0 2.5 0.0 0.0 
7 26.9743656595 -3.03815308475 9.89344261543 5.63095074738 236.709999084 0.251513636433 0.65625 9.0 1.0 1.0 2.5 0.0 0.0 
7 25.626674535 -4.59448767736 9.89344261543 5.63095074738 212.470001221 0.251513636433 0.65625 9.0 1.0 1.0 2.5 0.0 0.0 
7 24.3312037868 -5.27674955634 9.89344261543 5.63095074738 202.680000305 0.251513636433 0.65625 9.0 1.0 1.0 2.5 0.0 0.0 
7 23.9744451555 -5.42583862493 9.89344261543 5.63095074738 202.340000153 0.251513636433 0.65625 9.0 1.0 1.0 2.5 0.0 0.0 
7 22.5512584693 -6.02852293239 9.89344261543 5.63095074738 208.450000763 0.251513636433 0.65625 9.0 1.0 1.0 2.5 0.0 0.0 
7 21.4043573033 -6.69137336308 9.89344261543 5.63095074738 222.86000061 0.251513636433 0.65625 9.0 1.0 1.0 2.5 0.0 0.0 
7 20.6175667779 -7.48037066668 9.89344261543 5.63095074738 243.970001221 0.251513636433 0.65625 9.0 1.0 1.0 2.5 0.0 0.0 
7 20.3767789995 -7.9118304667 9.89344261543 5.63095074738 255.5 0.251513636433 0.65625 9.0 1.0 1.0 2.5 0.0 0.0 
7 20.2033054051 -8.68102420713 9.89344261543 5.63095074738 283.970001221 0.251513636433 0.65625 9.0 1.0 1.0 2.5 0.0 0.0 
7 20.4452623324 -9.27700116569 9.89344261543 5.63095074738 327.169998169 0.251513636433 0.65625 9.0 1.0 1.0 2.5 0.0 0.0 
7 21.2511262881 -9.71586201211 9.89344261543 5.63095074738 7.16999816895 0.251513636433 0.65625 9.0 1.0 1.0 2.5 0.0 0.0 
7 22.1420567904 -9.55561152917 9.89344261543 5.63095074738 27.7200012207 0.251513636433 0.65625 9.0 1.0 1.0 2.5 0.0 0.0 
7 23.116325306 -8.98554597385 9.89344261543 5.63095074738 31.6999969482 0.251513636433 0.65625 9.0 1.0 1.0 2.5 0.0 0.0 
7 24.2526962872 -8.33100778352 9.89344261543 5.63095074738 22.7700042725 0.251513636433 0.65625 9.0 1.0 1.0 2.5 0.0 0.0 
7 24.9261100789 -8.03703666873 9.89344261543 5.63095074738 1.08999633789 0.251513636433 0.65625 9.0 1.0 1.0 2.5 0.0 0.0 
7 23.3499791875 -8.03798403555 9.89344261543 5.63095074738 347.259994507 0.251513636433 0.65625 9.0 1.0 1.0 2.5 0.0 0.0 
7 22.0070821549 -7.72193540996 9.89344261543 5.63095074738 334.850006104 0.251513636433 0.65625 9.0 1.0 1.0 2.5 0.0 0.0 
7 22.98916895 -8.29671628655 9.89344261543 5.63095074738 314.919998169 0.251513636433 0.65625 9.0 1.0 1.0 2.5 0.0 0.0 
7 23.2543005551 -8.5625893315 9.89344261543 5.63095074738 306.870002747 0.251513636433 0.65625 9.0 1.0 1.0 2.5 0.0 0.0 
7 23.7262489788 -9.2278147517 9.89344261543 5.63095074738 297.910003662 0.251513636433 0.65625 9.0 1.0 1.0 2.5 0.0 0.0 
7 24.1820477555 -10.0859777517 9.89344261543 5.63095074738 299.540000916 0.251513636433 0.65625 9.0 1.0 1.0 2.5 0.0 0.0 
7 24.8583428266 -11.1652930364 9.89344261543 5.63095074738 308.119995117 0.251513636433 0.65625 9.0 1.0 1.0 2.5 0.0 0.0 
7 25.9232089066 -12.198913967 9.89344261543 5.63095074738 357.770004272 0.251513636433 0.65625 9.0 1.0 1.0 2.5 0.0 0.0 
7 28.0084533075 -12.4427500481 9.89344261543 5.63095074738 17.3300018311 0.251513636433 0.65625 9.0 1.0 1.0 2.5 0.0 0.0 
7 29.3892592215 -11.9891456558 9.89344261543 5.63095074738 22.9799957275 0.251513636433 0.65625 9.0 1.0 1.0 2.5 0.0 0.0 
7 30.8404121344 -11.3903162051 9.89344261543 5.63095074738 18.2899932861 0.251513636433 0.65625 9.0 1.0 1.0 2.5 0.0 0.0 
7 31.6674908126 -11.1026103426 9.89344261543 5.63095074738 14.6300048828 0.251513636433 0.65625 9.0 1.0 1.0 2.5 0.0 0.0 
7 34.4047505205 -10.4958029807 9.89344261543 5.63095074738 6.61000061035 0.251513636433 0.65625 9.0 1.0 1.0 2.5 0.0 0.0 
7 35.33630011 -10.3769969401 9.89344261543 5.63095074738 4.91999816895 0.251513636433 0.65625 9.0 1.0 1.0 2.5 0.0 0.0 
7 38.3862996074 -10.3503046165 9.89344261543 5.63095074738 350.649993896 0.251513636433 0.65625 9.0 1.0 1.0 2.5 0.0 0.0 
7 40.4463775798 -10.8046333633 9.89344261543 5.63095074738 342.649993896 0.251513636433 0.65625 9.0 1.0 1.0 2.5 0.0 0.0 
7 42.3724286819 -11.4999895942 9.89344261543 5.63095074738 336.369995117 0.251513636433 0.65625 9.0 1.0 1.0 2.5 0.0 0.0 
7 43.9666526159 -12.2050614216 9.89344261543 5.63095074738 340.300003052 0.251513636433 0.65625 9.0 1.0 1.0 2.5 0.0 0.0 
7 45.5320572381 -12.7342464621 9.89344261543 5.63095074738 349.039993286 0.251513636433 0.65625 9.0 1.0 1.0 2.5 0.0 0.0 
7 47.7382291363 -12.9921893331 9.89344261543 5.63095074738 1.21000671387 0.251513636433 0.65625 9.0 1.0 1.0 2.5 0.0 0.0 
7 49.1776656881 -12.7839192197 9.89344261543 5.63095074738 16.7299957275 0.251513636433 0.65625 9.0 1.0 1.0 2.5 0.0 0.0 
7 50.3146334065 -12.4166421307 9.89344261543 5.63095074738 29.5299987793 0.251513636433 0.65625 9.0 1.0 1.0 2.5 0.0 0.0 
7 51.0362915338 -11.9744842676 9.89344261543 5.63095074738 45.9499969482 0.251513636433 0.65625 9.0 1.0 1.0 2.5 0.0 0.0 
7 51.1456543999 -11.8526636835 9.89344261543 5.63095074738 61.1699981689 0.251513636433 0.65625 9.0 1.0 1.0 2.5 0.0 0.0 
7 51.0722153473 -12.5331557574 9.89344261543 5.63095074738 100.849998474 0.251513636433 0.65625 9.0 1.0 1.0 2.5 0.0 0.0 
7 51.4489099237 -13.6145926161 9.89344261543 5.63095074738 123.400001526 0.251513636433 0.65625 9.0 1.0 1.0 2.5 0.0 0.0 
7 52.252088575 -14.7713079872 9.89344261543 5.63095074738 134.040000916 0.251513636433 0.65625 9.0 1.0 1.0 2.5 0.0 0.0 
7 52.701507782 -15.2575553759 9.89344261543 5.63095074738 131.069999695 0.251513636433 0.65625 9.0 1.0 1.0 2.5 0.0 0.0 
7 52.3591126988 -14.8264775367 9.89344261543 5.63095074738 124.439998627 0.251513636433 0.65625 9.0 1.0 1.0 2.5 0.0 0.0 
7 52.1753274978 -14.5662212057 9.89344261543 5.63095074738 122.549999237 0.251513636433 0.65625 9.0 1.0 1.0 2.5 0.0 0.0 
7 52.0198244278 -14.3261622301 9.89344261543 5.63095074738 129.63999939 0.251513636433 0.65625 9.0 1.0 1.0 2.5 0.0 0.0 
7 52.309277048 -14.6440589835 9.89344261543 5.63095074738 139.470001221 0.251513636433 0.65625 9.0 1.0 1.0 2.5 0.0 0.0 
7 53.053760083 -15.2264211558 9.89344261543 5.63095074738 147.540000916 0.251513636433 0.65625 9.0 1.0 1.0 2.5 0.0 0.0 
7 54.2054229453 -15.9342061877 9.89344261543 5.63095074738 136.970001221 0.251513636433 0.65625 9.0 1.0 1.0 2.5 0.0 0.0 
7 54.5768769692 -16.2502265622 9.89344261543 5.63095074738 129.5 0.251513636433 0.65625 9.0 1.0 1.0 2.5 0.0 0.0 
7 54.8790591138 -16.661915169 9.89344261543 5.63095074738 119.790000916 0.251513636433 0.65625 9.0 1.0 1.0 2.5 0.0 0.0 
7 55.0426934992 -16.9859940691 9.89344261543 5.63095074738 113.629997253 0.251513636433 0.65625 9.0 1.0 1.0 2.5 0.0 0.0 
7 55.0735285959 -17.0558929217 9.89344261543 5.63095074738 115.13999939 0.251513636433 0.65625 9.0 1.0 1.0 2.5 0.0 0.0 
7 55.0743197901 -17.0575800237 9.89344261543 5.63095074738 115.150001526 0.251513636433 0.65625 9.0 1.0 1.0 2.5 0.0 0.0 
7 55.0731341028 -17.0550488528 9.89344261543 5.63095074738 115.150001526 0.251513636433 0.65625 9.0 1.0 1.0 2.5 0.0 0.0 
7 55.0027865188 -16.9069271412 9.89344261543 5.63095074738 118.709999084 0.251513636433 0.65625 9.0 1.0 1.0 2.5 0.0 0.0 
7 54.8647872003 -16.6468877713 9.89344261543 5.63095074738 122.520000458 0.251513636433 0.65625 9.0 1.0 1.0 2.5 0.0 0.0 
7 54.0796826439 -15.5833623882 9.89344261543 5.63095074738 137.759998322 0.251513636433 0.65625 9.0 1.0 1.0 2.5 0.0 0.0 
7 53.6096740597 -15.1770641119 9.89344261543 5.63095074738 147.209999084 0.251513636433 0.65625 9.0 1.0 1.0 2.5 0.0 0.0 
7 52.4019070895 -14.367145678 9.89344261543 5.63095074738 151.420000076 0.251513636433 0.65625 9.0 1.0 1.0 2.5 0.0 0.0 
7 51.0294330631 -13.6206068015 9.89344261543 5.63095074738 152.0 0.251513636433 0.65625 9.0 1.0 1.0 2.5 0.0 0.0 
7 49.498275465 -12.7610919024 9.89344261543 5.63095074738 145.279998779 0.251513636433 0.65625 9.0 1.0 1.0 2.5 0.0 0.0 
7 47.9742276982 -11.676074788 9.89344261543 5.63095074738 140.990001678 0.251513636433 0.65625 9.0 1.0 1.0 2.5 0.0 0.0 
7 47.2194517627 -11.0551940107 9.89344261543 5.63095074738 139.439998627 0.251513636433 0.65625 9.0 1.0 1.0 2.5 0.0 0.0 
7 44.9966264787 -9.170416088 9.89344261543 5.63095074738 142.979999542 0.251513636433 0.65625 9.0 1.0 1.0 2.5 0.0 0.0 
7 43.4482684914 -8.05646778847 9.89344261543 5.63095074738 154.180000305 0.251513636433 0.65625 9.0 1.0 1.0 2.5 0.0 0.0 
7 41.6747491652 -7.27914110486 9.89344261543 5.63095074738 170.279999733 0.251513636433 0.65625 9.0 1.0 1.0 2.5 0.0 0.0 
7 40.7181166517 -7.08173819086 9.89344261543 5.63095074738 177.180000067 0.251513636433 0.65625 9.0 1.0 1.0 2.5 0.0 0.0 
7 38.7093554907 -7.05036122844 9.89344261543 5.63095074738 187.25 0.251513636433 0.65625 9.0 1.0 1.0 2.5 0.0 0.0 
7 36.6508045805 -7.33728146875 9.89344261543 5.63095074738 192.390000343 0.251513636433 0.65625 9.0 1.0 1.0 2.5 0.0 0.0 
7 33.4915200224 -8.09961543689 9.89344261543 5.63095074738 194.949999809 0.251513636433 0.65625 9.0 1.0 1.0 2.5 0.0 0.0 
7 31.3353397527 -8.68140510583 9.89344261543 5.63095074738 195.470000267 0.251513636433 0.65625 9.0 1.0 1.0 2.5 0.0 0.0 
7 30.2541124476 -8.98372932514 9.89344261543 5.63095074738 196.440000534 0.251513636433 0.65625 9.0 1.0 1.0 2.5 0.0 0.0 
7 30.0494747666 -9.04411274317 9.89344261543 5.63095074738 196.739999771 0.251513636433 0.65625 9.0 1.0 1.0 2.5 0.0 0.0 
7 30.1318024269 -9.02024751638 9.89344261543 5.63095074738 194.609999657 0.251513636433 0.65625 9.0 1.0 1.0 2.5 0.0 0.0 
7 30.4742788901 -8.93444450762 9.89344261543 5.63095074738 192.770000458 0.251513636433 0.65625 9.0 1.0 1.0 2.5 0.0 0.0 
7 31.1138060142 -8.78091819802 9.89344261543 5.63095074738 198.670000076 0.251513636433 0.65625 9.0 1.0 1.0 2.5 0.0 0.0 
7 31.8824434206 -8.49290184885 9.89344261543 5.63095074738 210.239999771 0.251513636433 0.65625 9.0 1.0 1.0 2.5 0.0 0.0 
7 32.8017492946 -7.91180064377 9.89344261543 5.63095074738 225.189998627 0.251513636433 0.65625 9.0 1.0 1.0 2.5 0.0 0.0 
7 33.6128646059 -6.91572778845 9.89344261543 5.63095074738 242.880001068 0.251513636433 0.65625 9.0 1.0 1.0 2.5 0.0 0.0 
7 34.2091426502 -4.66714310324 9.89344261543 5.63095074738 269.410003662 0.251513636433 0.65625 9.0 1.0 1.0 2.5 0.0 0.0 
7 34.1927431184 -3.81049275334 9.89344261543 5.63095074738 278.919998169 0.251513636433 0.65625 9.0 1.0 1.0 2.5 0.0 0.0 
7 33.5794797715 -1.09128220811 9.89344261543 5.63095074738 291.25 0.251513636433 0.65625 9.0 1.0 1.0 2.5 0.0 0.0 
7 32.851293266 0.784560415575 9.89344261543 5.63095074738 294.379997253 0.251513636433 0.65625 9.0 1.0 1.0 2.5 0.0 0.0 
7 31.9614591788 2.71837297009 9.89344261543 5.63095074738 296.86000061 0.251513636433 0.65625 9.0 1.0 1.0 2.5 0.0 0.0 
7 31.4715096935 3.6963167816 9.89344261543 5.63095074738 297.650001526 0.251513636433 0.65625 9.0 1.0 1.0 2.5 0.0 0.0 
7 30.5088861065 5.51855532965 9.89344261543 5.63095074738 300.989997864 0.251513636433 0.65625 9.0 1.0 1.0 2.5 0.0 0.0 
7 29.447168802 7.20779837745 9.89344261543 5.63095074738 311.039993286 0.251513636433 0.65625 9.0 1.0 1.0 2.5 0.0 0.0 
7 28.8288598658 7.9570496858 9.89344261543 5.63095074738 317.690002441 0.251513636433 0.65625 9.0 1.0 1.0 2.5 0.0 0.0 
7 27.3342687688 9.07217507419 9.89344261543 5.63095074738 333.220001221 0.251513636433 0.65625 9.0 1.0 1.0 2.5 0.0 0.0 
7 25.6294521499 9.7025054193 9.89344261543 5.63095074738 350.919998169 0.251513636433 0.65625 9.0 1.0 1.0 2.5 0.0 0.0 
7 23.8822220112 9.79417878598 9.89344261543 5.63095074738 2.64999389648 0.251513636433 0.65625 9.0 1.0 1.0 2.5 0.0 0.0 
7 21.9624086752 9.65905238532 9.89344261543 5.63095074738 6.27000427246 0.251513636433 0.65625 9.0 1.0 1.0 2.5 0.0 0.0 
7 20.0856287145 9.41870941465 9.89344261543 5.63095074738 11.8399963379 0.251513636433 0.65625 9.0 1.0 1.0 2.5 0.0 0.0 
7 17.3767587018 9.03232371562 9.89344261543 5.63095074738 19.6100006104 0.251513636433 0.65625 9.0 1.0 1.0 2.5 0.0 0.0 
7 15.8772108972 7.94823729776 9.89344261543 5.63095074738 42.3000030518 0.251513636433 0.65625 9.0 1.0 1.0 2.5 0.0 0.0 
7 14.728492653 6.81174547027 9.89344261543 5.63095074738 60.9899978638 0.251513636433 0.65625 9.0 1.0 1.0 2.5 0.0 0.0 
7 14.0754500026 5.32976829424 9.89344261543 5.63095074738 81.2699966431 0.251513636433 0.65625 9.0 1.0 1.0 2.5 0.0 0.0 
7 13.9850475755 4.52406869782 9.89344261543 5.63095074738 90.6900024414 0.251513636433 0.65625 9.0 1.0 1.0 2.5 0.0 0.0 
7 14.0645501366 3.4313894536 9.89344261543 5.63095074738 96.1800003052 0.251513636433 0.65625 9.0 1.0 1.0 2.5 0.0 0.0 
7 14.0927667655 2.75880754344 9.89344261543 5.63095074738 74.2600021362 0.251513636433 0.65625 9.0 1.0 1.0 2.5 0.0 0.0 
7 14.0497252279 2.56063447677 9.89344261543 5.63095074738 59.9800033569 0.251513636433 0.65625 9.0 1.0 1.0 2.5 0.0 0.0 
7 13.7543955134 2.14500455326 9.89344261543 5.63095074738 38.3699951172 0.251513636433 0.65625 9.0 1.0 1.0 2.5 0.0 0.0 
7 12.6635568153 1.34738309695 9.89344261543 5.63095074738 35.8699951172 0.251513636433 0.65625 9.0 1.0 1.0 2.5 0.0 0.0 
7 12.4293388213 1.18321638309 9.89344261543 5.63095074738 37.7599945068 0.251513636433 0.65625 9.0 1.0 1.0 2.5 0.0 0.0 
7 12.1692862297 0.973567778629 9.89344261543 5.63095074738 50.0899963379 0.251513636433 0.65625 9.0 1.0 1.0 2.5 0.0 0.0 
7 12.0158619983 0.800927444538 9.89344261543 5.63095074738 58.8000030518 0.251513636433 0.65625 9.0 1.0 1.0 2.5 0.0 0.0 
7 11.6596081964 -0.0656815631401 9.89344261543 5.63095074738 90.7600021362 0.251513636433 0.65625 9.0 1.0 1.0 2.5 0.0 0.0 
7 11.6633907593 -0.213274545895 9.89344261543 5.63095074738 116.209999084 0.251513636433 0.65625 9.0 1.0 1.0 2.5 0.0 0.0 
7 11.6821860518 -0.246479101157 9.89344261543 5.63095074738 127.330001831 0.251513636433 0.65625 9.0 1.0 1.0 2.5 0.0 0.0 
7 12.5664259089 -0.497311934964 9.89344261543 5.63095074738 187.170000076 0.251513636433 0.65625 9.0 1.0 1.0 2.5 0.0 0.0 
7 13.055512501 -0.392489901096 9.89344261543 5.63095074738 195.840000153 0.251513636433 0.65625 9.0 1.0 1.0 2.5 0.0 0.0 
7 13.3386507888 -0.338223762114 9.89344261543 5.63095074738 173.400000095 0.251513636433 0.65625 9.0 1.0 1.0 2.5 0.0 0.0 
7 13.445333797 -0.347649430368 9.89344261543 5.63095074738 170.319999695 0.251513636433 0.65625 9.0 1.0 1.0 2.5 0.0 0.0 
12 13.701374091 -0.396115846738 9.89344261543 5.63095074738 165.430000305 0.327870614735 2.59375 9.0 1.0 1.0 2.5 0.0 0.0 
18 13.8860493533 -0.436108780059 9.89344261543 5.63095074738 176.380000114 0.316684119961 0.375 9.0 1.0 1.0 2.5 0.0 0.0 
18 13.9977323914 -0.439646327897 9.89344261543 5.63095074738 183.880000114 0.316684119961 0.375 9.0 1.0 1.0 2.5 0.0 0.0 
18 14.151649076 -0.418183039604 9.89344261543 5.63095074738 192.0 0.316684119961 0.375 9.0 1.0 1.0 2.5 0.0 0.0 
18 14.1972726131 -0.408771723466 9.89344261543 5.63095074738 189.340000153 0.316684119961 0.375 9.0 1.0 1.0 2.5 0.0 0.0 
18 14.2602661198 -0.402928098199 9.89344261543 5.63095074738 178.860000014 0.316684119961 0.375 9.0 1.0 1.0 2.5 0.0 0.0 
23 14.3298211609 -0.409009365803 9.89344261543 5.63095074738 171.140000343 0.261182975336 -1.03125 9.0 1.0 1.0 2.5 0.0 0.0 
28 14.4452441088 -0.430361952096 9.89344261543 5.63095074738 168.619999886 0.260050100878 0.4375 9.0 1.0 1.0 2.5 0.0 0.0 
35 14.6253199511 -0.465874209052 9.89344261543 5.63095074738 170.510000229 0.252383662801 0.5625 9.0 1.0 1.0 2.5 0.0 0.0 
42 14.9548593594 -0.517167608681 9.89344261543 5.63095074738 173.78000021 0.249278138584 -0.40625 9.0 1.0 1.0 2.5 0.0 0.0 
47 15.528296897 -0.578449863154 9.89344261543 5.63095074738 175.099999905 0.226897998696 -1.875 9.0 1.0 1.0 2.5 0.0 0.0 
48 15.7334361181 -0.59619627407 9.89344261543 5.63095074738 175.369999886 0.227536144712 -1.875 9.0 1.0 1.0 2.5 0.0 0.0 
48 15.5384521473 -0.579974937695 9.89344261543 5.63095074738 174.769999981 0.227536144712 -1.875 9.0 1.0 1.0 2.5 0.0 0.0 
49 15.4447450292 -0.571359400399 9.89344261543 5.63095074738 174.5 0.234455149737 -1.6875 9.0 1.0 1.0 2.5 0.0 0.0 
49 15.7787894258 -0.601629356804 9.89344261543 5.63095074738 174.96999979 0.234455149737 -1.6875 9.0 1.0 1.0 2.5 0.0 0.0 
49 16.0210521593 -0.622672628625 9.89344261543 5.63095074738 174.820000172 0.234455149737 -1.6875 9.0 1.0 1.0 2.5 0.0 0.0 
49 16.24481478 -0.641310085116 9.89344261543 5.63095074738 175.650000095 0.234455149737 -1.6875 9.0 1.0 1.0 2.5 0.0 0.0 
49 16.1853680443 -0.636650120612 9.89344261543 5.63095074738 175.420000076 0.234455149737 -1.6875 9.0 1.0 1.0 2.5 0.0 0.0 
49 16.0451205808 -0.625535251816 9.89344261543 5.63095074738 175.769999981 0.234455149737 -1.6875 9.0 1.0 1.0 2.5 0.0 0.0 
49 15.9819367677 -0.620867929997 9.89344261543 5.63095074738 175.880000114 0.234455149737 -1.6875 9.0 1.0 1.0 2.5 0.0 0.0 
49 15.9763609806 -0.620466296253 9.89344261543 5.63095074738 175.900000095 0.234455149737 -1.6875 9.0 1.0 1.0 2.5 0.0 0.0 
49 15.9763609806 -0.620466296253 9.89344261543 5.63095074738 175.900000095 0.234455149737 -1.6875 9.0 1.0 1.0 2.5 0.0 0.0 
49 15.9587038786 -0.619200619473 9.89344261543 5.63095074738 175.900000095 0.234455149737 -1.6875 9.0 1.0 1.0 2.5 0.0 0.0 
49 15.4150937146 -0.57964610755 9.89344261543 5.63095074738 175.019999981 0.234455149737 -1.6875 9.0 1.0 1.0 2.5 0.0 0.0 
56 14.6117218489 -0.481259774671 9.89344261543 5.63095074738 166.43999958 0.208870706273 0.25 9.0 1.0 1.0 2.5 0.0 0.0 
58 13.6645296758 -0.230788389544 9.89344261543 5.63095074738 153.530000687 0.225509097672 1.03125 9.0 1.0 1.0 2.5 0.0 0.0 
58 13.6041943914 -0.236198569048 9.89344261543 5.63095074738 135.099998474 0.225509097672 1.03125 9.0 1.0 1.0 2.5 0.0 0.0 
58 13.9044050824 -0.55127640708 9.89344261543 5.63095074738 124.470001221 0.225509097672 1.03125 9.0 1.0 1.0 2.5 0.0 0.0 
58 14.3163619296 -1.20102802907 9.89344261543 5.63095074738 111.040000916 0.225509097672 1.03125 9.0 1.0 1.0 2.5 0.0 0.0 
58 14.5220198932 -1.68933385314 9.89344261543 5.63095074738 102.779998779 0.225509097672 1.03125 9.0 1.0 1.0 2.5 0.0 0.0 
58 14.658477899 -2.93281467883 9.89344261543 5.63095074738 87.1800003052 0.225509097672 1.03125 9.0 1.0 1.0 2.5 0.0 0.0 
58 14.6247866497 -3.61678901136 9.89344261543 5.63095074738 83.6299972534 0.225509097672 1.03125 9.0 1.0 1.0 2.5 0.0 0.0 
58 14.4539222554 -5.0901763598 9.89344261543 5.63095074738 83.9599990845 0.225509097672 1.03125 9.0 1.0 1.0 2.5 0.0 0.0 
58 14.3690743505 -6.35557591267 9.89344261543 5.63095074738 92.0299987793 0.225509097672 1.03125 9.0 1.0 1.0 2.5 0.0 0.0 
58 14.5332003795 -7.73500543353 9.89344261543 5.63095074738 109.569999695 0.225509097672 1.03125 9.0 1.0 1.0 2.5 0.0 0.0 
58 15.0633194431 -9.06127636781 9.89344261543 5.63095074738 127.060001373 0.225509097672 1.03125 9.0 1.0 1.0 2.5 0.0 0.0 
58 15.4598977971 -9.63141877372 9.89344261543 5.63095074738 136.36000061 0.225509097672 1.03125 9.0 1.0 1.0 2.5 0.0 0.0 
58 16.664987554 -10.6829269848 9.89344261543 5.63095074738 150.180000305 0.225509097672 1.03125 9.0 1.0 1.0 2.5 0.0 0.0 
58 17.423115706 -11.0838609381 9.89344261543 5.63095074738 160.260000229 0.225509097672 1.03125 9.0 1.0 1.0 2.5 0.0 0.0 
58 19.1346071361 -11.6612006651 9.89344261543 5.63095074738 167.909999847 0.225509097672 1.03125 9.0 1.0 1.0 2.5 0.0 0.0 
58 21.0543375198 -12.0556923833 9.89344261543 5.63095074738 171.510000229 0.225509097672 1.03125 9.0 1.0 1.0 2.5 0.0 0.0 
58 23.1040522321 -12.3246828162 9.89344261543 5.63095074738 173.96999979 0.225509097672 1.03125 9.0 1.0 1.0 2.5 0.0 0.0 
58 25.2522905785 -12.5271916827 9.89344261543 5.63095074738 175.510000229 0.225509097672 1.03125 9.0 1.0 1.0 2.5 0.0 0.0 
58 26.3650483293 -12.6145721994 9.89344261543 5.63095074738 175.78000021 0.225509097672 1.03125 9.0 1.0 1.0 2.5 0.0 0.0 
58 29.7597962649 -12.8301100426 9.89344261543 5.63095074738 177.059999943 0.225509097672 1.03125 9.0 1.0 1.0 2.5 0.0 0.0 
58 30.9155326654 -12.8878378047 9.89344261543 5.63095074738 177.49000001 0.225509097672 1.03125 9.0 1.0 1.0 2.5 0.0 0.0 
58 33.2593953628 -12.9886324636 9.89344261543 5.63095074738 177.890000105 0.225509097672 1.03125 9.0 1.0 1.0 2.5 0.0 0.0 
58 35.6299562636 -13.0746267009 9.89344261543 5.63095074738 178.080000043 0.225509097672 1.03125 9.0 1.0 1.0 2.5 0.0 0.0 
58 38.9558531204 -13.1940039503 9.89344261543 5.63095074738 177.25 0.225509097672 1.03125 9.0 1.0 1.0 2.5 0.0 0.0 
58 40.8868082915 -13.2887615366 9.89344261543 5.63095074738 176.839999914 0.225509097672 1.03125 9.0 1.0 1.0 2.5 0.0 0.0 
58 42.3260891227 -13.3810969802 9.89344261543 5.63095074738 175.289999962 0.225509097672 1.03125 9.0 1.0 1.0 2.5 0.0 0.0 
58 42.553595424 -13.3997310808 9.89344261543 5.63095074738 174.610000134 0.225509097672 1.03125 9.0 1.0 1.0 2.5 0.0 0.0 
58 42.4114554622 -13.3737340327 9.89344261543 5.63095074738 168.079999924 0.225509097672 1.03125 9.0 1.0 1.0 2.5 0.0 0.0 
58 42.1866085549 -13.302791709 9.89344261543 5.63095074738 159.11000061 0.225509097672 1.03125 9.0 1.0 1.0 2.5 0.0 0.0 
58 41.4297594918 -12.9239404492 9.89344261543 5.63095074738 146.159999847 0.225509097672 1.03125 9.0 1.0 1.0 2.5 0.0 0.0 
58 40.4344275256 -12.1426982593 9.89344261543 5.63095074738 134.080001831 0.225509097672 1.03125 9.0 1.0 1.0 2.5 0.0 0.0 
58 39.3951494018 -11.0426348928 9.89344261543 5.63095074738 129.450000763 0.225509097672 1.03125 9.0 1.0 1.0 2.5 0.0 0.0 
58 38.8700069616 -10.4142263168 9.89344261543 5.63095074738 127.970001221 0.225509097672 1.03125 9.0 1.0 1.0 2.5 0.0 0.0 
58 37.675335698 -8.79198470112 9.89344261543 5.63095074738 128.200000763 0.225509097672 1.03125 9.0 1.0 1.0 2.5 0.0 0.0 
58 37.4926866277 -8.59680328967 9.89344261543 5.63095074738 140.369998932 0.225509097672 1.03125 9.0 1.0 1.0 2.5 0.0 0.0 
58 37.3199076612 -8.45342196034 9.89344261543 5.63095074738 137.5 0.225509097672 1.03125 9.0 1.0 1.0 2.5 0.0 0.0 
58 37.0058140598 -8.11769152615 9.89344261543 5.63095074738 126.659999847 0.225509097672 1.03125 9.0 1.0 1.0 2.5 0.0 0.0 
58 36.8594492393 -7.90404629809 9.89344261543 5.63095074738 125.169998169 0.225509097672 1.03125 9.0 1.0 1.0 2.5 0.0 0.0 
58 36.7265045446 -7.74749741845 9.89344261543 5.63095074738 137.540000916 0.225509097672 1.03125 9.0 1.0 1.0 2.5 0.0 0.0 
58 36.771715984 -7.77106687835 9.89344261543 5.63095074738 148.399999619 0.225509097672 1.03125 9.0 1.0 1.0 2.5 0.0 0.0 
58 37.0979404619 -7.98364713727 9.89344261543 5.63095074738 145.830001831 0.225509097672 1.03125 9.0 1.0 1.0 2.5 0.0 0.0 
58 37.6652703187 -8.36207084078 9.89344261543 5.63095074738 151.120000839 0.225509097672 1.03125 9.0 1.0 1.0 2.5 0.0 0.0 
58 38.0866395162 -8.57290556788 9.89344261543 5.63095074738 155.319999695 0.225509097672 1.03125 9.0 1.0 1.0 2.5 0.0 0.0 
58 38.1103515682 -8.58378253918 9.89344261543 5.63095074738 156.170000076 0.225509097672 1.03125 9.0 1.0 1.0 2.5 0.0 0.0 
58 38.0600082733 -8.56170735222 9.89344261543 5.63095074738 156.579999924 0.225509097672 1.03125 9.0 1.0 1.0 2.5 0.0 0.0 
58 38.0429134384 -8.55429132923 9.89344261543 5.63095074738 156.879999161 0.225509097672 1.03125 9.0 1.0 1.0 2.5 0.0 0.0 
58 38.2407231881 -8.63474896813 9.89344261543 5.63095074738 151.549999237 0.225509097672 1.03125 9.0 1.0 1.0 2.5 0.0 0.0 
58 37.912651427 -8.43760458101 9.89344261543 5.63095074738 144.299999237 0.225509097672 1.03125 9.0 1.0 1.0 2.5 0.0 0.0 
58 38.1934751124 -8.67208408122 9.89344261543 5.63095074738 134.080001831 0.225509097672 1.03125 9.0 1.0 1.0 2.5 0.0 0.0 
58 38.4734316895 -9.00070218477 9.89344261543 5.63095074738 121.900001526 0.225509097672 1.03125 9.0 1.0 1.0 2.5 0.0 0.0 
58 38.7385115426 -9.46778111303 9.89344261543 5.63095074738 123.580001831 0.225509097672 1.03125 9.0 1.0 1.0 2.5 0.0 0.0 
58 38.4961561206 -9.16714624857 9.89344261543 5.63095074738 136.840000153 0.225509097672 1.03125 9.0 1.0 1.0 2.5 0.0 0.0 
58 38.570160829 -9.20647113574 9.89344261543 5.63095074738 152.350000381 0.225509097672 1.03125 9.0 1.0 1.0 2.5 0.0 0.0 
58 39.1768344689 -9.44714310403 9.89344261543 5.63095074738 166.140000343 0.225509097672 1.03125 9.0 1.0 1.0 2.5 0.0 0.0 
58 40.2848634868 -9.61464608717 9.89344261543 5.63095074738 178.0 0.225509097672 1.03125 9.0 1.0 1.0 2.5 0.0 0.0 
58 40.6005192775 -9.62566903027 9.89344261543 5.63095074738 181.149999976 0.225509097672 1.03125 9.0 1.0 1.0 2.5 0.0 0.0 
58 41.9093400639 -9.60766130706 9.89344261543 5.63095074738 177.5 0.225509097672 1.03125 9.0 1.0 1.0 2.5 0.0 0.0 
58 42.8916777764 -9.76320927782 9.89344261543 5.63095074738 160.309999466 0.225509097672 1.03125 9.0 1.0 1.0 2.5 0.0 0.0 
58 44.0111632482 -10.2367474671 9.89344261543 5.63095074738 146.13999939 0.225509097672 1.03125 9.0 1.0 1.0 2.5 0.0 0.0 
58 45.1220331271 -10.9958270076 9.89344261543 5.63095074738 143.299999237 0.225509097672 1.03125 9.0 1.0 1.0 2.5 0.0 0.0 
58 45.9613634836 -11.5964757821 9.89344261543 5.63095074738 147.830001831 0.225509097672 1.03125 9.0 1.0 1.0 2.5 0.0 0.0 
58 48.4177315024 -12.8287784728 9.89344261543 5.63095074738 156.739999771 0.225509097672 1.03125 9.0 1.0 1.0 2.5 0.0 0.0 
58 49.9716161709 -13.553747781 9.89344261543 5.63095074738 150.850000381 0.225509097672 1.03125 9.0 1.0 1.0 2.5 0.0 0.0 
58 51.4258367234 -14.4527744141 9.89344261543 5.63095074738 144.240001678 0.225509097672 1.03125 9.0 1.0 1.0 2.5 0.0 0.0 
58 52.7430370418 -15.4791637036 9.89344261543 5.63095074738 137.63999939 0.225509097672 1.03125 9.0 1.0 1.0 2.5 0.0 0.0 
58 53.898347646 -16.5268479997 9.89344261543 5.63095074738 140.090000153 0.225509097672 1.03125 9.0 1.0 1.0 2.5 0.0 0.0 
58 55.0579619231 -17.4605748353 9.89344261543 5.63095074738 149.829999924 0.225509097672 1.03125 9.0 1.0 1.0 2.5 0.0 0.0 
58 56.1451641926 -18.0590394767 9.89344261543 5.63095074738 161.63999939 0.225509097672 1.03125 9.0 1.0 1.0 2.5 0.0 0.0 
58 56.4782542753 -18.1640874945 9.89344261543 5.63095074738 165.430000305 0.225509097672 1.03125 9.0 1.0 1.0 2.5 0.0 0.0 
58 56.4355598048 -18.147502842 9.89344261543 5.63095074738 158.0 0.225509097672 1.03125 9.0 1.0 1.0 2.5 0.0 0.0 
58 56.0312776572 -17.9759419039 9.89344261543 5.63095074738 148.309999466 0.225509097672 1.03125 9.0 1.0 1.0 2.5 0.0 0.0 
58 56.3069105899 -18.2095955707 9.89344261543 5.63095074738 131.040000916 0.225509097672 1.03125 9.0 1.0 1.0 2.5 0.0 0.0 
58 56.6409139062 -18.6648647876 9.89344261543 5.63095074738 119.939998627 0.225509097672 1.03125 9.0 1.0 1.0 2.5 0.0 0.0 
58 56.9944781603 -19.3694249349 9.89344261543 5.63095074738 110.25 0.225509097672 1.03125 9.0 1.0 1.0 2.5 0.0 0.0 
58 57.0645989034 -19.5708914483 9.89344261543 5.63095074738 108.910003662 0.225509097672 1.03125 9.0 1.0 1.0 2.5 0.0 0.0 
58 57.0645989034 -19.5708914483 9.89344261543 5.63095074738 108.989997864 0.225509097672 1.03125 9.0 1.0 1.0 2.5 0.0 0.0 
58 57.0730754848 -19.5955636718 9.89344261543 5.63095074738 108.970001221 0.225509097672 1.03125 9.0 1.0 1.0 2.5 0.0 0.0 
58 57.0764075424 -19.6052556532 9.89344261543 5.63095074738 108.980003357 0.225509097672 1.03125 9.0 1.0 1.0 2.5 0.0 0.0 
58 57.0791343166 -19.6131852686 9.89344261543 5.63095074738 108.970001221 0.225509097672 1.03125 9.0 1.0 1.0 2.5 0.0 0.0 
58 57.0806486785 -19.6175907868 9.89344261543 5.63095074738 108.959999084 0.225509097672 1.03125 9.0 1.0 1.0 2.5 0.0 0.0 
58 57.0630819263 -19.5664868283 9.89344261543 5.63095074738 109.010002136 0.225509097672 1.03125 9.0 1.0 1.0 2.5 0.0 0.0 
58 57.0838183703 -19.626353213 9.89344261543 5.63095074738 109.029998779 0.225509097672 1.03125 9.0 1.0 1.0 2.5 0.0 0.0 
58 57.0816060073 -19.6202172287 9.89344261543 5.63095074738 108.629997253 0.225509097672 1.03125 9.0 1.0 1.0 2.5 0.0 0.0 
58 57.1052050771 -19.6899351538 9.89344261543 5.63095074738 108.86000061 0.225509097672 1.03125 9.0 1.0 1.0 2.5 0.0 0.0 
58 57.0896409118 -19.6450392311 9.89344261543 5.63095074738 108.739997864 0.225509097672 1.03125 9.0 1.0 1.0 2.5 0.0 0.0 
58 57.0350121139 -19.4825422702 9.89344261543 5.63095074738 108.260002136 0.225509097672 1.03125 9.0 1.0 1.0 2.5 0.0 0.0 
58 57.2326107646 -20.0756632009 9.89344261543 5.63095074738 109.150001526 0.225509097672 1.03125 9.0 1.0 1.0 2.5 0.0 0.0 
58 57.3167211963 -20.3196544348 9.89344261543 5.63095074738 109.38999939 0.225509097672 1.03125 9.0 1.0 1.0 2.5 0.0 0.0 
58 57.3536969044 -20.4162573942 9.89344261543 5.63095074738 111.209999084 0.225509097672 1.03125 9.0 1.0 1.0 2.5 0.0 0.0 
58 57.4555067296 -20.6705447868 9.89344261543 5.63095074738 112.279998779 0.225509097672 1.03125 9.0 1.0 1.0 2.5 0.0 0.0 
58 57.4538375676 -20.6541683917 9.89344261543 5.63095074738 110.819999695 0.225509097672 1.03125 9.0 1.0 1.0 2.5 0.0 0.0 
58 57.4373194255 -20.6135991843 9.89344261543 5.63095074738 110.529998779 0.225509097672 1.03125 9.0 1.0 1.0 2.5 0.0 0.0 
58 57.7064248511 -21.3385799535 9.89344261543 5.63095074738 110.489997864 0.225509097672 1.03125 9.0 1.0 1.0 2.5 0.0 0.0 
58 57.7484564024 -21.4511809352 9.89344261543 5.63095074738 111.0 0.225509097672 1.03125 9.0 1.0 1.0 2.5 0.0 0.0 
58 57.8631420314 -21.7474674535 9.89344261543 5.63095074738 111.519996643 0.225509097672 1.03125 9.0 1.0 1.0 2.5 0.0 0.0 
58 57.8651408702 -21.7526882184 9.89344261543 5.63095074738 111.430000305 0.225509097672 1.03125 9.0 1.0 1.0 2.5 0.0 0.0 
58 57.8685319654 -21.7613662297 9.89344261543 5.63095074738 111.470001221 0.225509097672 1.03125 9.0 1.0 1.0 2.5 0.0 0.0 
58 57.8549021714 -21.7266797885 9.89344261543 5.63095074738 111.449996948 0.225509097672 1.03125 9.0 1.0 1.0 2.5 0.0 0.0 
58 57.8900708801 -21.8179693488 9.89344261543 5.63095074738 111.220001221 0.225509097672 1.03125 9.0 1.0 1.0 2.5 0.0 0.0 
58 57.9136935157 -21.8787601671 9.89344261543 5.63095074738 111.660003662 0.225509097672 1.03125 9.0 1.0 1.0 2.5 0.0 0.0 
58 57.9136935157 -21.8787601671 9.89344261543 5.63095074738 111.669998169 0.225509097672 1.03125 9.0 1.0 1.0 2.5 0.0 0.0 
58 57.9136935157 -21.8787601671 9.89344261543 5.63095074738 111.669998169 0.225509097672 1.03125 9.0 1.0 1.0 2.5 0.0 0.0 
58 57.8032693608 -21.6018174523 9.89344261543 5.63095074738 112.309997559 0.225509097672 1.03125 9.0 1.0 1.0 2.5 0.0 0.0 
58 57.2898390785 -20.5463684311 9.89344261543 5.63095074738 122.099998474 0.225509097672 1.03125 9.0 1.0 1.0 2.5 0.0 0.0 
58 56.7155250669 -19.7596736293 9.89344261543 5.63095074738 138.159999847 0.225509097672 1.03125 9.0 1.0 1.0 2.5 0.0 0.0 
58 56.4425203608 -19.4967591817 9.89344261543 5.63095074738 141.490001678 0.225509097672 1.03125 9.0 1.0 1.0 2.5 0.0 0.0 
58 56.3733295688 -19.4349629438 9.89344261543 5.63095074738 153.079999924 0.225509097672 1.03125 9.0 1.0 1.0 2.5 0.0 0.0 
58 56.8277877816 -19.6570368876 9.89344261543 5.63095074738 154.659999847 0.225509097672 1.03125 9.0 1.0 1.0 2.5 0.0 0.0 
58 57.5179016631 -20.0014909229 9.89344261543 5.63095074738 149.61000061 0.225509097672 1.03125 9.0 1.0 1.0 2.5 0.0 0.0 
58 58.0229357509 -20.3561998979 9.89344261543 5.63095074738 134.040000916 0.225509097672 1.03125 9.0 1.0 1.0 2.5 0.0 0.0 
58 58.5191255595 -21.0395079149 9.89344261543 5.63095074738 119.840000153 0.225509097672 1.03125 9.0 1.0 1.0 2.5 0.0 0.0 
58 58.9153691291 -21.8922027521 9.89344261543 5.63095074738 109.11000061 0.225509097672 1.03125 9.0 1.0 1.0 2.5 0.0 0.0 
58 59.0003737085 -22.1288951289 9.89344261543 5.63095074738 116.279998779 0.225509097672 1.03125 9.0 1.0 1.0 2.5 0.0 0.0 
58 59.1616750127 -22.4394444829 9.89344261543 5.63095074738 128.990001678 0.225509097672 1.03125 9.0 1.0 1.0 2.5 0.0 0.0 
58 59.1787836736 -22.4603564251 9.89344261543 5.63095074738 128.060001373 0.225509097672 1.03125 9.0 1.0 1.0 2.5 0.0 0.0 
58 59.1879681677 -22.472098043 9.89344261543 5.63095074738 127.430000305 0.225509097672 1.03125 9.0 1.0 1.0 2.5 0.0 0.0 
58 59.2117852439 -22.5031474843 9.89344261543 5.63095074738 123.930000305 0.225509097672 1.03125 9.0 1.0 1.0 2.5 0.0 0.0 
58 59.3522331097 -22.7388876994 9.89344261543 5.63095074738 113.470001221 0.225509097672 1.03125 9.0 1.0 1.0 2.5 0.0 0.0 
58 59.3578036219 -22.7517051167 9.89344261543 5.63095074738 113.559997559 0.225509097672 1.03125 9.0 1.0 1.0 2.5 0.0 0.0 
58 59.3563139769 -22.7482889547 9.89344261543 5.63095074738 113.559997559 0.225509097672 1.03125 9.0 1.0 1.0 2.5 0.0 0.0 
58 59.3603437247 -22.7566954517 9.89344261543 5.63095074738 113.870002747 0.225509097672 1.03125 9.0 1.0 1.0 2.5 0.0 0.0 
58 59.4003046805 -22.8470105349 9.89344261543 5.63095074738 113.699996948 0.225509097672 1.03125 9.0 1.0 1.0 2.5 0.0 0.0 
58 59.4014281713 -22.8495699188 9.89344261543 5.63095074738 113.709999084 0.225509097672 1.03125 9.0 1.0 1.0 2.5 0.0 0.0 
58 59.3924368193 -22.8290963512 9.89344261543 5.63095074738 113.699996948 0.225509097672 1.03125 9.0 1.0 1.0 2.5 0.0 0.0 
58 59.3864448682 -22.8154463035 9.89344261543 5.63095074738 114.029998779 0.225509097672 1.03125 9.0 1.0 1.0 2.5 0.0 0.0 
58 59.3860703712 -22.8145931755 9.89344261543 5.63095074738 114.690002441 0.225509097672 1.03125 9.0 1.0 1.0 2.5 0.0 0.0 
58 59.3654281004 -22.7697342832 9.89344261543 5.63095074738 114.349998474 0.225509097672 1.03125 9.0 1.0 1.0 2.5 0.0 0.0 
58 59.3657399784 -22.7706150789 9.89344261543 5.63095074738 113.5 0.225509097672 1.03125 9.0 1.0 1.0 2.5 0.0 0.0 
58 59.3657399784 -22.7706150789 9.89344261543 5.63095074738 113.5 0.225509097672 1.03125 9.0 1.0 1.0 2.5 0.0 0.0 
58 59.3657399784 -22.7706150789 9.89344261543 5.63095074738 113.5 0.225509097672 1.03125 9.0 1.0 1.0 2.5 0.0 0.0 
58 59.3657399784 -22.7706150789 9.89344261543 5.63095074738 113.489997864 0.225509097672 1.03125 9.0 1.0 1.0 2.5 0.0 0.0 
58 59.3657399784 -22.7706150789 9.89344261543 5.63095074738 113.489997864 0.225509097672 1.03125 9.0 1.0 1.0 2.5 0.0 0.0 
58 59.3498784915 -22.7338249922 9.89344261543 5.63095074738 116.049999237 0.225509097672 1.03125 9.0 1.0 1.0 2.5 0.0 0.0 
58 59.263669973 -22.5478583658 9.89344261543 5.63095074738 113.940002441 0.225509097672 1.03125 9.0 1.0 1.0 2.5 0.0 0.0 
58 59.2180039248 -22.4561195268 9.89344261543 5.63095074738 117.130001068 0.225509097672 1.03125 9.0 1.0 1.0 2.5 0.0 0.0 
58 59.0592837998 -22.1448630331 9.89344261543 5.63095074738 117.810001373 0.225509097672 1.03125 9.0 1.0 1.0 2.5 0.0 0.0 
58 58.7400269173 -21.5786792651 9.89344261543 5.63095074738 127.490001678 0.225509097672 1.03125 9.0 1.0 1.0 2.5 0.0 0.0 
58 58.3281707713 -21.1632253212 9.89344261543 5.63095074738 145.349998474 0.225509097672 1.03125 9.0 1.0 1.0 2.5 0.0 0.0 
58 58.1511187978 -21.040857165 9.89344261543 5.63095074738 150.059999466 0.225509097672 1.03125 9.0 1.0 1.0 2.5 0.0 0.0 
58 58.1511187978 -21.040857165 9.89344261543 5.63095074738 150.059999466 0.225509097672 1.03125 9.0 1.0 1.0 2.5 0.0 0.0 
58 58.1511187978 -21.040857165 9.89344261543 5.63095074738 150.059999466 0.225509097672 1.03125 9.0 1.0 1.0 2.5 0.0 0.0 
58 58.1511187978 -21.040857165 9.89344261543 5.63095074738 150.059999466 0.225509097672 1.03125 9.0 1.0 1.0 2.5 0.0 0.0 
58 58.1511187978 -21.040857165 9.89344261543 5.63095074738 150.059999466 0.225509097672 1.03125 9.0 1.0 1.0 2.5 0.0 0.0 
58 58.1511187978 -21.040857165 9.89344261543 5.63095074738 150.059999466 0.225509097672 1.03125 9.0 1.0 1.0 2.5 0.0 0.0 
58 58.1511187978 -21.040857165 9.89344261543 5.63095074738 150.059999466 0.225509097672 1.03125 9.0 1.0 1.0 2.5 0.0 0.0 
58 58.1511187978 -21.040857165 9.89344261543 5.63095074738 150.059999466 0.225509097672 1.03125 9.0 1.0 1.0 2.5 0.0 0.0 
58 58.1511187978 -21.040857165 9.89344261543 5.63095074738 150.059999466 0.225509097672 1.03125 9.0 1.0 1.0 2.5 0.0 0.0 
58 58.1511187978 -21.040857165 9.89344261543 5.63095074738 150.059999466 0.225509097672 1.03125 9.0 1.0 1.0 2.5 0.0 0.0 
58 58.1511187978 -21.040857165 9.89344261543 5.63095074738 150.059999466 0.225509097672 1.03125 9.0 1.0 1.0 2.5 0.0 0.0 
58 58.1511187978 -21.040857165 9.89344261543 5.63095074738 150.059999466 0.225509097672 1.03125 9.0 1.0 1.0 2.5 0.0 0.0 
58 58.1511187978 -21.040857165 9.89344261543 5.63095074738 150.059999466 0.225509097672 1.03125 9.0 1.0 1.0 2.5 0.0 0.0 
58 58.1511187978 -21.040857165 9.89344261543 5.63095074738 150.059999466 0.225509097672 1.03125 9.0 1.0 1.0 2.5 0.0 0.0 
58 58.1511187978 -21.040857165 9.89344261543 5.63095074738 150.059999466 0.225509097672 1.03125 9.0 1.0 1.0 2.5 0.0 0.0 
58 58.1511187978 -21.040857165 9.89344261543 5.63095074738 150.059999466 0.225509097672 1.03125 9.0 1.0 1.0 2.5 0.0 0.0 
58 58.1511187978 -21.040857165 9.89344261543 5.63095074738 150.059999466 0.225509097672 1.03125 9.0 1.0 1.0 2.5 0.0 0.0 
58 58.1511187978 -21.040857165 9.89344261543 5.63095074738 150.059999466 0.225509097672 1.03125 9.0 1.0 1.0 2.5 0.0 0.0 
58 58.1511187978 -21.040857165 9.89344261543 5.63095074738 150.059999466 0.225509097672 1.03125 9.0 1.0 1.0 2.5 0.0 0.0 
58 0.0126396492274 0.0486985306785 10.076611744 2.9742032981 75.5199966431 0.225509097672 1.03125 9.0 1.0 1.0 2.5 0.0 0.0 
58 -0.0465817926009 -0.180424938778 10.076611744 2.9742032981 75.5100021362 0.225509097672 1.03125 9.0 1.0 1.0 2.5 0.0 0.0 
58 -0.0652809717177 -0.247759005403 10.076611744 2.9742032981 74.5400009155 0.225509097672 1.03125 9.0 1.0 1.0 2.5 0.0 0.0 
58 -0.121745530163 -0.452548335938 10.076611744 2.9742032981 71.7799987793 0.225509097672 1.03125 9.0 1.0 1.0 2.5 0.0 0.0 
58 -0.165330962499 -0.587288219471 10.076611744 2.9742032981 69.8000030518 0.225509097672 1.03125 9.0 1.0 1.0 2.5 0.0 0.0 
58 -0.305556240437 -0.960558792241 10.076611744 2.9742032981 69.8199996948 0.225509097672 1.03125 9.0 1.0 1.0 2.5 0.0 0.0 
58 -0.559235335099 -1.68789244633 10.076611744 2.9742032981 76.5599975586 0.225509097672 1.03125 9.0 1.0 1.0 2.5 0.0 0.0 
58 -0.774993097887 -2.71144593694 10.076611744 2.9742032981 87.9599990845 0.225509097672 1.03125 9.0 1.0 1.0 2.5 0.0 0.0 
58 -0.809546210378 -3.2299887644 10.076611744 2.9742032981 94.0599975586 0.225509097672 1.03125 9.0 1.0 1.0 2.5 0.0 0.0 
58 -0.636485997455 -4.81496389469 10.076611744 2.9742032981 96.4000015259 0.225509097672 1.03125 9.0 1.0 1.0 2.5 0.0 0.0 
58 -0.497183432522 -6.17538823257 10.076611744 2.9742032981 93.6200027466 0.225509097672 1.03125 9.0 1.0 1.0 2.5 0.0 0.0 
58 -0.430739779423 -7.66080220302 10.076611744 2.9742032981 92.9700012207 0.225509097672 1.03125 9.0 1.0 1.0 2.5 0.0 0.0 
58 -0.32643593301 -9.22306332955 10.076611744 2.9742032981 100.199996948 0.225509097672 1.03125 9.0 1.0 1.0 2.5 0.0 0.0 
58 0.00949617727616 -10.8411735412 10.076611744 2.9742032981 111.480003357 0.225509097672 1.03125 9.0 1.0 1.0 2.5 0.0 0.0 
58 0.682243170844 -12.4581052393 10.076611744 2.9742032981 118.839996338 0.225509097672 1.03125 9.0 1.0 1.0 2.5 0.0 0.0 
58 1.61527539522 -14.0855611758 10.076611744 2.9742032981 121.61000061 0.225509097672 1.03125 9.0 1.0 1.0 2.5 0.0 0.0 
58 2.63620652795 -15.6985404349 10.076611744 2.9742032981 130.309997559 0.225509097672 1.03125 9.0 1.0 1.0 2.5 0.0 0.0 
58 4.0682520481 -16.7635118331 10.076611744 2.9742032981 163.449996948 0.225509097672 1.03125 9.0 1.0 1.0 2.5 0.0 0.0 
58 5.57056683617 -17.2512721249 10.076611744 2.9742032981 171.259994507 0.225509097672 1.03125 9.0 1.0 1.0 2.5 0.0 0.0 
58 6.2906188636 -17.3831330094 10.076611744 2.9742032981 -178.570007324 0.225509097672 1.03125 9.0 1.0 1.0 2.5 0.0 0.0 
58 7.70370924783 -17.2753446887 10.076611744 2.9742032981 -154.960006714 0.225509097672 1.03125 9.0 1.0 1.0 2.5 0.0 0.0 
58 8.71032463794 -16.7757748045 10.076611744 2.9742032981 -139.910003662 0.225509097672 1.03125 9.0 1.0 1.0 2.5 0.0 0.0 
58 8.9247905736 -16.581260095 10.076611744 2.9742032981 -128.460006714 0.225509097672 1.03125 9.0 1.0 1.0 2.5 0.0 0.0 
58 9.09660497418 -16.3658943699 10.076611744 2.9742032981 -122.629997253 0.225509097672 1.03125 9.0 1.0 1.0 2.5 0.0 0.0 
58 9.09023875917 -16.375087257 10.076611744 2.9742032981 -128.899993896 0.225509097672 1.03125 9.0 1.0 1.0 2.5 0.0 0.0 
58 9.31820861821 -16.1145850474 10.076611744 2.9742032981 -139.550003052 0.225509097672 1.03125 9.0 1.0 1.0 2.5 0.0 0.0 
58 9.79167269474 -15.7328468653 10.076611744 2.9742032981 -153.800003052 0.225509097672 1.03125 9.0 1.0 1.0 2.5 0.0 0.0 
58 10.4323105495 -15.4610598583 10.076611744 2.9742032981 -174.740005493 0.225509097672 1.03125 9.0 1.0 1.0 2.5 0.0 0.0 
58 11.4014910294 -15.4574180584 10.076611744 2.9742032981 163.029998779 0.225509097672 1.03125 9.0 1.0 1.0 2.5 0.0 0.0 
58 12.5751200715 -16.0002336412 10.076611744 2.9742032981 144.759994507 0.225509097672 1.03125 9.0 1.0 1.0 2.5 0.0 0.0 
58 13.5909667283 -16.8291272929 10.076611744 2.9742032981 148.779998779 0.225509097672 1.03125 9.0 1.0 1.0 2.5 0.0 0.0 
58 14.3076093924 -17.2030284131 10.076611744 2.9742032981 -178.039993286 0.225509097672 1.03125 9.0 1.0 1.0 2.5 0.0 0.0 
58 14.903037301 -17.1495930285 10.076611744 2.9742032981 -153.059997559 0.225509097672 1.03125 9.0 1.0 1.0 2.5 0.0 0.0 
58 15.5533816072 -16.7957178304 10.076611744 2.9742032981 -148.059997559 0.225509097672 1.03125 9.0 1.0 1.0 2.5 0.0 0.0 
58 15.5928971987 -16.7710456884 10.076611744 2.9742032981 -150.309997559 0.225509097672 1.03125 9.0 1.0 1.0 2.5 0.0 0.0 
58 15.3540152959 -16.9030336413 10.076611744 2.9742032981 -155.539993286 0.225509097672 1.03125 9.0 1.0 1.0 2.5 0.0 0.0 
58 14.5373625795 -17.2650777083 10.076611744 2.9742032981 -162.119995117 0.225509097672 1.03125 9.0 1.0 1.0 2.5 0.0 0.0 
58 14.324513089 -17.3327941577 10.076611744 2.9742032981 -171.13999939 0.225509097672 1.03125 9.0 1.0 1.0 2.5 0.0 0.0 
58 14.2840441517 -17.3393279307 10.076611744 2.9742032981 -172.339996338 0.225509097672 1.03125 9.0 1.0 1.0 2.5 0.0 0.0 
58 13.7578235074 -17.4109370113 10.076611744 2.9742032981 -174.080001831 0.225509097672 1.03125 9.0 1.0 1.0 2.5 0.0 0.0 
58 13.6643425236 -17.4216843838 10.076611744 2.9742032981 -178.279998779 0.225509097672 1.03125 9.0 1.0 1.0 2.5 0.0 0.0 
58 13.7508969492 -17.4248518243 10.076611744 2.9742032981 169.940002441 0.225509097672 1.03125 9.0 1.0 1.0 2.5 0.0 0.0 
58 14.1336456211 -17.5123133299 10.076611744 2.9742032981 152.679992676 0.225509097672 1.03125 9.0 1.0 1.0 2.5 0.0 0.0 
58 14.4928732649 -17.7431562511 10.076611744 2.9742032981 140.520004272 0.225509097672 1.03125 9.0 1.0 1.0 2.5 0.0 0.0 
58 15.0942224216 -18.3585392347 10.076611744 2.9742032981 125.290000916 0.225509097672 1.03125 9.0 1.0 1.0 2.5 0.0 0.0 
58 15.6967111801 -19.3758470898 10.076611744 2.9742032981 114.680000305 0.225509097672 1.03125 9.0 1.0 1.0 2.5 0.0 0.0 
58 15.9641236966 -19.9747415871 10.076611744 2.9742032981 113.019996643 0.225509097672 1.03125 9.0 1.0 1.0 2.5 0.0 0.0 
58 16.5382925068 -21.2905768224 10.076611744 2.9742032981 118.050003052 0.225509097672 1.03125 9.0 1.0 1.0 2.5 0.0 0.0 
58 17.251565336 -22.5673164889 10.076611744 2.9742032981 128.009994507 0.225509097672 1.03125 9.0 1.0 1.0 2.5 0.0 0.0 
58 17.7726257792 -23.2111898433 10.076611744 2.9742032981 143.220001221 0.225509097672 1.03125 9.0 1.0 1.0 2.5 0.0 0.0 
58 18.2898368106 -23.5897789686 10.076611744 2.9742032981 157.630004883 0.225509097672 1.03125 9.0 1.0 1.0 2.5 0.0 0.0 
58 18.6857511665 -23.773631708 10.076611744 2.9742032981 168.490005493 0.225509097672 1.03125 9.0 1.0 1.0 2.5 0.0 0.0 
58 19.7046830604 -23.9335338866 10.076611744 2.9742032981 -178.0 0.225509097672 1.03125 9.0 1.0 1.0 2.5 0.0 0.0 
58 20.2718837727 -23.9193043494 10.076611744 2.9742032981 -178.490005493 0.225509097672 1.03125 9.0 1.0 1.0 2.5 0.0 0.0 
58 21.5936460332 -23.8989799795 10.076611744 2.9742032981 178.169998169 0.225509097672 1.03125 9.0 1.0 1.0 2.5 0.0 0.0 
58 22.9432341115 -23.9304117541 10.076611744 2.9742032981 -178.600006104 0.225509097672 1.03125 9.0 1.0 1.0 2.5 0.0 0.0 
58 23.2001267225 -23.9199665867 10.076611744 2.9742032981 -173.850006104 0.225509097672 1.03125 9.0 1.0 1.0 2.5 0.0 0.0 
58 23.706472805 -23.8380768316 10.076611744 2.9742032981 -164.600006104 0.225509097672 1.03125 9.0 1.0 1.0 2.5 0.0 0.0 
58 24.9630967007 -23.2899897517 10.076611744 2.9742032981 -144.38999939 0.225509097672 1.03125 9.0 1.0 1.0 2.5 0.0 0.0 
58 25.4438500659 -22.9192760786 10.076611744 2.9742032981 -136.220001221 0.225509097672 1.03125 9.0 1.0 1.0 2.5 0.0 0.0 
58 26.3359827893 -21.8469308153 10.076611744 2.9742032981 -120.169998169 0.225509097672 1.03125 9.0 1.0 1.0 2.5 0.0 0.0 
58 26.6304860673 -21.3084320291 10.076611744 2.9742032981 -114.739997864 0.225509097672 1.03125 9.0 1.0 1.0 2.5 0.0 0.0 
58 26.9924382287 -20.4885448113 10.076611744 2.9742032981 -116.720001221 0.225509097672 1.03125 9.0 1.0 1.0 2.5 0.0 0.0 
58 27.1604687269 -20.1792150659 10.076611744 2.9742032981 -124.550003052 0.225509097672 1.03125 9.0 1.0 1.0 2.5 0.0 0.0 
58 28.2217967605 -19.194952858 10.076611744 2.9742032981 -150.899993896 0.225509097672 1.03125 9.0 1.0 1.0 2.5 0.0 0.0 
58 29.263909213 -18.6173820031 10.076611744 2.9742032981 -150.619995117 0.225509097672 1.03125 9.0 1.0 1.0 2.5 0.0 0.0 
58 29.7605665582 -18.3430394637 10.076611744 2.9742032981 -147.529998779 0.225509097672 1.03125 9.0 1.0 1.0 2.5 0.0 0.0 
58 30.6405452068 -17.7516388546 10.076611744 2.9742032981 -136.449996948 0.225509097672 1.03125 9.0 1.0 1.0 2.5 0.0 0.0 
58 31.4994780165 -16.9325875025 10.076611744 2.9742032981 -125.629997253 0.225509097672 1.03125 9.0 1.0 1.0 2.5 0.0 0.0 
58 32.1972602817 -15.8902617869 10.076611744 2.9742032981 -109.5 0.225509097672 1.03125 9.0 1.0 1.0 2.5 0.0 0.0 
58 32.447465841 -14.5001333169 10.076611744 2.9742032981 -70.0899963379 0.225509097672 1.03125 9.0 1.0 1.0 2.5 0.0 0.0 
58 32.3505347064 -14.2724613079 10.076611744 2.9742032981 -56.7999992371 0.225509097672 1.03125 9.0 1.0 1.0 2.5 0.0 0.0 
58 31.831880505 -13.7286965242 10.076611744 2.9742032981 -24.9799995422 0.225509097672 1.03125 9.0 1.0 1.0 2.5 0.0 0.0 
61 30.8640433469 -13.3992701198 10.076611744 2.9742032981 -1.20000004768 0.306339425872 0.5 9.0 1.0 1.0 2.5 0.0 0.0 
61 30.5719370019 -13.3850235182 10.076611744 2.9742032981 1.0 0.306339425872 0.5 9.0 1.0 1.0 2.5 0.0 0.0 
61 30.2999519957 -13.3851510302 10.076611744 2.9742032981 -11.7899999619 0.306339425872 0.5 9.0 1.0 1.0 2.5 0.0 0.0 
62 30.1855772614 -13.3564336927 10.076611744 2.9742032981 -29.2099990845 0.218209577649 1.15625 9.0 1.0 1.0 2.5 0.0 0.0 
62 30.0940995634 -13.3047454191 10.076611744 2.9742032981 -35.1100006104 0.218209577649 1.15625 9.0 1.0 1.0 2.5 0.0 0.0 
62 30.0827297051 -13.2966191991 10.076611744 2.9742032981 -30.9099998474 0.218209577649 1.15625 9.0 1.0 1.0 2.5 0.0 0.0 
62 30.0811669695 -13.2955958931 10.076611744 2.9742032981 -22.7099990845 0.218209577649 1.15625 9.0 1.0 1.0 2.5 0.0 0.0 
62 30.0619290586 -13.2885145655 10.076611744 2.9742032981 -19.8500003815 0.218209577649 1.15625 9.0 1.0 1.0 2.5 0.0 0.0 
62 29.9060653271 -13.2318533336 10.076611744 2.9742032981 -20.7299995422 0.218209577649 1.15625 9.0 1.0 1.0 2.5 0.0 0.0 
62 29.756974059 -13.1756841865 10.076611744 2.9742032981 -20.5900001526 0.218209577649 1.15625 9.0 1.0 1.0 2.5 0.0 0.0 
62 29.8278768574 -13.2014957482 10.076611744 2.9742032981 -17.2800006866 0.218209577649 1.15625 9.0 1.0 1.0 2.5 0.0 0.0 
62 29.8510647074 -13.2085026884 10.076611744 2.9742032981 -15.1999998093 0.218209577649 1.15625 9.0 1.0 1.0 2.5 0.0 0.0 
62 29.8700608419 -13.2131736067 10.076611744 2.9742032981 -12.0799999237 0.218209577649 1.15625 9.0 1.0 1.0 2.5 0.0 0.0 
62 29.8746170552 -13.2141445534 10.076611744 2.9742032981 -11.8599996567 0.218209577649 1.15625 9.0 1.0 1.0 2.5 0.0 0.0 
62 29.8746170552 -13.2141445534 10.076611744 2.9742032981 -12.0500001907 0.218209577649 1.15625 9.0 1.0 1.0 2.5 0.0 0.0 
65 29.8746170552 -13.2141445534 10.076611744 2.9742032981 -12.0600004196 0.152371057221 -0.15625 9.0 1.0 1.0 2.5 0.0 0.0 
71 29.8682390255 -13.2127820452 10.076611744 2.9742032981 -12.0699996948 0.152609341032 -0.15625 9.0 1.0 1.0 2.5 0.0 0.0 
76 30.0340607269 -13.2482403326 10.076611744 2.9742032981 -12.1800003052 0.155797263431 -0.09375 9.0 1.0 1.0 2.5 0.0 0.0 
84 31.1374386475 -13.5088266964 10.076611744 2.9742032981 -16.3999996185 0.20048818161 0.78125 9.0 1.0 1.0 2.5 0.0 0.0 
89 32.1464313628 -13.8240427244 10.076611744 2.9742032981 -23.8500003815 0.265656963776 1.875 9.0 1.0 1.0 2.5 0.0 0.0 
89 33.1073348007 -14.2735114869 10.076611744 2.9742032981 -35.9799995422 0.265656963776 1.875 9.0 1.0 1.0 2.5 0.0 0.0 
89 33.207210655 -14.3337571093 10.076611744 2.9742032981 -53.5400009155 0.265656963776 1.875 9.0 1.0 1.0 2.5 0.0 0.0 
89 33.0430431817 -14.0678953625 10.076611744 2.9742032981 -68.0899963379 0.265656963776 1.875 9.0 1.0 1.0 2.5 0.0 0.0 
89 32.3477224338 -7.64790681859 10.076611744 2.9742032981 -64.8600006104 0.265656963776 1.875 9.0 1.0 1.0 2.5 0.0 0.0 
89 31.7121118404 -6.39211752395 10.076611744 2.9742032981 -52.0999984741 0.265656963776 1.875 9.0 1.0 1.0 2.5 0.0 0.0 
89 31.2736246862 -5.79549602456 10.076611744 2.9742032981 -46.0800018311 0.265656963776 1.875 9.0 1.0 1.0 2.5 0.0 0.0 
89 30.2018480579 -4.73171156108 10.076611744 2.9742032981 -35.4399986267 0.265656963776 1.875 9.0 1.0 1.0 2.5 0.0 0.0 
89 29.5760772303 -4.26209107034 10.076611744 2.9742032981 -29.1200008392 0.265656963776 1.875 9.0 1.0 1.0 2.5 0.0 0.0 
89 28.2415633808 -3.5668853183 10.076611744 2.9742032981 -17.7999992371 0.265656963776 1.875 9.0 1.0 1.0 2.5 0.0 0.0 
89 26.7171229662 -3.1410136377 10.076611744 2.9742032981 -6.53000020981 0.265656963776 1.875 9.0 1.0 1.0 2.5 0.0 0.0 
89 25.0001173964 -3.07339500052 10.076611744 2.9742032981 4.28999996185 0.265656963776 1.875 9.0 1.0 1.0 2.5 0.0 0.0 
89 23.1640814518 -3.30798709722 10.076611744 2.9742032981 11.279999733 0.265656963776 1.875 9.0 1.0 1.0 2.5 0.0 0.0 
89 21.3041041509 -3.70784376996 10.076611744 2.9742032981 11.8999996185 0.265656963776 1.875 9.0 1.0 1.0 2.5 0.0 0.0 
89 18.3370182485 -4.24589820981 10.076611744 2.9742032981 8.65999984741 0.265656963776 1.875 9.0 1.0 1.0 2.5 0.0 0.0 
89 17.3534712313 -4.39048092595 10.076611744 2.9742032981 7.32000017166 0.265656963776 1.875 9.0 1.0 1.0 2.5 0.0 0.0 
89 15.3193872871 -4.57236672783 10.076611744 2.9742032981 0.119999997318 0.265656963776 1.875 9.0 1.0 1.0 2.5 0.0 0.0 
89 13.2277968853 -4.44912181662 10.076611744 2.9742032981 -8.51000022888 0.265656963776 1.875 9.0 1.0 1.0 2.5 0.0 0.0 
89 11.1207721322 -4.04793619662 10.076611744 2.9742032981 -14.9499998093 0.265656963776 1.875 9.0 1.0 1.0 2.5 0.0 0.0 
89 10.0715469281 -3.7774388112 10.076611744 2.9742032981 -16.6299991608 0.265656963776 1.875 9.0 1.0 1.0 2.5 0.0 0.0 
89 8.01565722277 -3.15398415716 10.076611744 2.9742032981 -17.9899997711 0.265656963776 1.875 9.0 1.0 1.0 2.5 0.0 0.0 
89 5.90404728841 -2.48342336191 10.076611744 2.9742032981 -15.3900003433 0.265656963776 1.875 9.0 1.0 1.0 2.5 0.0 0.0 
89 3.77480190128 -1.90603678268 10.076611744 2.9742032981 -14.1199998856 0.265656963776 1.875 9.0 1.0 1.0 2.5 0.0 0.0 
89 1.58780604536 -1.34996919009 10.076611744 2.9742032981 -14.9300003052 0.265656963776 1.875 9.0 1.0 1.0 2.5 0.0 0.0 
89 -0.624165790037 -0.756820927946 10.076611744 2.9742032981 -15.5600004196 0.265656963776 1.875 9.0 1.0 1.0 2.5 0.0 0.0 
89 -1.72914051985 -0.44945484599 10.076611744 2.9742032981 -15.6700000763 0.265656963776 1.875 9.0 1.0 1.0 2.5 0.0 0.0 
89 -5.0615938539 0.472164248821 10.076611744 2.9742032981 -15.3100004196 0.265656963776 1.875 9.0 1.0 1.0 2.5 0.0 0.0 
89 -7.29320060451 1.09926219529 10.076611744 2.9742032981 -16.7399997711 0.265656963776 1.875 9.0 1.0 1.0 2.5 0.0 0.0 
89 -9.49502245631 1.79344676585 10.076611744 2.9742032981 -18.6200008392 0.265656963776 1.875 9.0 1.0 1.0 2.5 0.0 0.0 
89 -11.4886525257 2.48804098912 10.076611744 2.9742032981 -22.3600006104 0.265656963776 1.875 9.0 1.0 1.0 2.5 0.0 0.0 
89 -12.6946986011 3.31365584975 10.076611744 2.9742032981 -65.1500015259 0.265656963776 1.875 9.0 1.0 1.0 2.5 0.0 0.0 
89 -12.8471317205 3.78487561743 10.076611744 2.9742032981 -77.7399978638 0.265656963776 1.875 9.0 1.0 1.0 2.5 0.0 0.0 
89 -12.9657912076 4.29766148805 10.076611744 2.9742032981 -68.2300033569 0.265656963776 1.875 9.0 1.0 1.0 2.5 0.0 0.0 
89 -13.0044223075 4.40047884891 10.076611744 2.9742032981 -65.0800018311 0.265656963776 1.875 9.0 1.0 1.0 2.5 0.0 0.0 
89 -13.004818567 4.40132208894 10.076611744 2.9742032981 -65.1299972534 0.265656963776 1.875 9.0 1.0 1.0 2.5 0.0 0.0 
89 -13.004818567 4.40132208894 10.076611744 2.9742032981 -65.1200027466 0.265656963776 1.875 9.0 1.0 1.0 2.5 0.0 0.0 
89 -13.004818567 4.40132208894 10.076611744 2.9742032981 -65.1200027466 0.265656963776 1.875 9.0 1.0 1.0 2.5 0.0 0.0 
89 -13.004818567 4.40132208894 10.076611744 2.9742032981 -65.1200027466 0.265656963776 1.875 9.0 1.0 1.0 2.5 0.0 0.0 
89 -13.0052105534 4.40216732383 10.076611744 2.9742032981 -65.1399993896 0.265656963776 1.875 9.0 1.0 1.0 2.5 0.0 0.0 
89 -13.0052105534 4.40216732383 10.076611744 2.9742032981 -65.1299972534 0.265656963776 1.875 9.0 1.0 1.0 2.5 0.0 0.0 
89 -13.004818862 4.40132195219 10.076611744 2.9742032981 -65.1200027466 0.265656963776 1.875 9.0 1.0 1.0 2.5 0.0 0.0 
89 -13.004818862 4.40132195219 10.076611744 2.9742032981 -65.1100006104 0.265656963776 1.875 9.0 1.0 1.0 2.5 0.0 0.0 
89 -13.004818862 4.40132195219 10.076611744 2.9742032981 -65.0999984741 0.265656963776 1.875 9.0 1.0 1.0 2.5 0.0 0.0 
89 -12.9938349815 4.37765920895 10.076611744 2.9742032981 -65.0999984741 0.265656963776 1.875 9.0 1.0 1.0 2.5 0.0 0.0 
89 -12.9188628596 4.21626687765 10.076611744 2.9742032981 -65.7900009155 0.265656963776 1.875 9.0 1.0 1.0 2.5 0.0 0.0 
89 -13.0501842555 4.51576680514 10.076611744 2.9742032981 -66.6800003052 0.265656963776 1.875 9.0 1.0 1.0 2.5 0.0 0.0 
89 -13.0905815609 4.60894217291 10.076611744 2.9742032981 -65.9300003052 0.265656963776 1.875 9.0 1.0 1.0 2.5 0.0 0.0 
89 -13.1051370622 4.64019433284 10.076611744 2.9742032981 -65.3300018311 0.265656963776 1.875 9.0 1.0 1.0 2.5 0.0 0.0 
89 -13.102407474 4.63427106863 10.076611744 2.9742032981 -65.2600021362 0.265656963776 1.875 9.0 1.0 1.0 2.5 0.0 0.0 
89 -13.0610933896 4.54456688594 10.076611744 2.9742032981 -65.2600021362 0.265656963776 1.875 9.0 1.0 1.0 2.5 0.0 0.0 
89 -13.1452164254 4.72430674337 10.076611744 2.9742032981 -64.7600021362 0.265656963776 1.875 9.0 1.0 1.0 2.5 0.0 0.0 
89 -13.1468180744 4.72767184904 10.076611744 2.9742032981 -64.4800033569 0.265656963776 1.875 9.0 1.0 1.0 2.5 0.0 0.0 
89 -13.148026248 4.73019237353 10.076611744 2.9742032981 -64.6699981689 0.265656963776 1.875 9.0 1.0 1.0 2.5 0.0 0.0 
89 -13.1496851315 4.73353015822 10.076611744 2.9742032981 -64.7200012207 0.265656963776 1.875 9.0 1.0 1.0 2.5 0.0 0.0 
89 -13.1318207911 4.69559972776 10.076611744 2.9742032981 -65.0500030518 0.265656963776 1.875 9.0 1.0 1.0 2.5 0.0 0.0 
89 -13.0338377546 4.48428623018 10.076611744 2.9742032981 -65.4199981689 0.265656963776 1.875 9.0 1.0 1.0 2.5 0.0 0.0 
89 -13.049791462 4.50445830129 10.076611744 2.9742032981 -60.9799995422 0.265656963776 1.875 9.0 1.0 1.0 2.5 0.0 0.0 
89 -13.254810203 4.8690976986 10.076611744 2.9742032981 -59.6699981689 0.265656963776 1.875 9.0 1.0 1.0 2.5 0.0 0.0 
89 -13.2766134291 4.90814201267 10.076611744 2.9742032981 -61.8600006104 0.265656963776 1.875 9.0 1.0 1.0 2.5 0.0 0.0 
89 -13.3984242965 5.13142781508 10.076611744 2.9742032981 -61.4000015259 0.265656963776 1.875 9.0 1.0 1.0 2.5 0.0 0.0 
89 -13.5090663779 5.33427856162 10.076611744 2.9742032981 -61.3499984741 0.265656963776 1.875 9.0 1.0 1.0 2.5 0.0 0.0 
89 -13.5867455846 5.47657327893 10.076611744 2.9742032981 -61.4500007629 0.265656963776 1.875 9.0 1.0 1.0 2.5 0.0 0.0 
89 -13.5947611584 5.49130443565 10.076611744 2.9742032981 -61.4099998474 0.265656963776 1.875 9.0 1.0 1.0 2.5 0.0 0.0 
89 -13.5285985298 5.37032182881 10.076611744 2.9742032981 -60.6199989319 0.265656963776 1.875 9.0 1.0 1.0 2.5 0.0 0.0 
89 -13.2324325564 4.88879222997 10.076611744 2.9742032981 -54.4199981689 0.265656963776 1.875 9.0 1.0 1.0 2.5 0.0 0.0 
89 -12.8576637363 4.41114790111 10.076611744 2.9742032981 -43.8100013733 0.265656963776 1.875 9.0 1.0 1.0 2.5 0.0 0.0 
89 -12.2956084669 3.87567434579 10.076611744 2.9742032981 -37.4399986267 0.265656963776 1.875 9.0 1.0 1.0 2.5 0.0 0.0 
89 -11.3715823098 3.28364062781 10.076611744 2.9742032981 -23.2999992371 0.265656963776 1.875 9.0 1.0 1.0 2.5 0.0 0.0 
89 -10.2229953515 2.81665586193 10.076611744 2.9742032981 -15.4899997711 0.265656963776 1.875 9.0 1.0 1.0 2.5 0.0 0.0 
89 -8.81896289617 2.44739858739 10.076611744 2.9742032981 -9.51000022888 0.265656963776 1.875 9.0 1.0 1.0 2.5 0.0 0.0 
89 -8.08080420795 2.31481582898 10.076611744 2.9742032981 -7.13000011444 0.265656963776 1.875 9.0 1.0 1.0 2.5 0.0 0.0 
89 -6.59614129708 2.14761197137 10.076611744 2.9742032981 -4.26999998093 0.265656963776 1.875 9.0 1.0 1.0 2.5 0.0 0.0 
89 -5.15055807906 2.0689040962 10.076611744 2.9742032981 -1.55999994278 0.265656963776 1.875 9.0 1.0 1.0 2.5 0.0 0.0 
89 -4.43242114586 2.05178897678 10.076611744 2.9742032981 -0.879999995232 0.265656963776 1.875 9.0 1.0 1.0 2.5 0.0 0.0 
89 -2.99116079161 2.03672078851 10.076611744 2.9742032981 -0.140000000596 0.265656963776 1.875 9.0 1.0 1.0 2.5 0.0 0.0 
89 -1.91411242859 2.03727643651 10.076611744 2.9742032981 0.540000021458 0.265656963776 1.875 9.0 1.0 1.0 2.5 0.0 0.0 
89 -0.135624498018 2.05847260275 10.076611744 2.9742032981 1.10000002384 0.265656963776 1.875 9.0 1.0 1.0 2.5 0.0 0.0 
89 1.25039866896 2.0896530973 10.076611744 2.9742032981 1.57000005245 0.265656963776 1.875 9.0 1.0 1.0 2.5 0.0 0.0 
89 2.61293277168 2.12840268339 10.076611744 2.9742032981 1.25999999046 0.265656963776 1.875 9.0 1.0 1.0 2.5 0.0 0.0 
89 4.98662760917 2.14684831585 10.076611744 2.9742032981 -1.20000004768 0.265656963776 1.875 9.0 1.0 1.0 2.5 0.0 0.0 
89 5.87810947381 2.13004033621 10.076611744 2.9742032981 -1.46000003815 0.265656963776 1.875 9.0 1.0 1.0 2.5 0.0 0.0 
89 7.68224301443 2.08430993218 10.076611744 2.9742032981 -1.85000002384 0.265656963776 1.875 9.0 1.0 1.0 2.5 0.0 0.0 
89 9.50532561112 1.98788121554 10.076611744 2.9742032981 -6.82999992371 0.265656963776 1.875 9.0 1.0 1.0 2.5 0.0 0.0 
89 10.4448277322 1.85874084582 10.076611744 2.9742032981 -10.6899995804 0.265656963776 1.875 9.0 1.0 1.0 2.5 0.0 0.0 
89 12.3870976463 1.43121039385 10.076611744 2.9742032981 -15.4899997711 0.265656963776 1.875 9.0 1.0 1.0 2.5 0.0 0.0 
89 14.3441052818 0.820299237625 10.076611744 2.9742032981 -19.8999996185 0.265656963776 1.875 9.0 1.0 1.0 2.5 0.0 0.0 
89 15.7916721332 0.268377556819 10.076611744 2.9742032981 -23.5100002289 0.265656963776 1.875 9.0 1.0 1.0 2.5 0.0 0.0 
89 16.835291207 -0.16253329964 10.076611744 2.9742032981 -20.0400009155 0.265656963776 1.875 9.0 1.0 1.0 2.5 0.0 0.0 
89 18.0525371166 -0.567016953997 10.076611744 2.9742032981 -15.7899999619 0.265656963776 1.875 9.0 1.0 1.0 2.5 0.0 0.0 
89 19.5209731981 -0.938274686748 10.076611744 2.9742032981 -11.6899995804 0.265656963776 1.875 9.0 1.0 1.0 2.5 0.0 0.0 
89 20.7576016959 -1.17253391236 10.076611744 2.9742032981 -7.30000019073 0.265656963776 1.875 9.0 1.0 1.0 2.5 0.0 0.0 
89 22.9909023454 -1.45816758421 10.076611744 2.9742032981 -3.97000002861 0.265656963776 1.875 9.0 1.0 1.0 2.5 0.0 0.0 
89 23.9132985413 -1.52955439329 10.076611744 2.9742032981 -1.88999998569 0.265656963776 1.875 9.0 1.0 1.0 2.5 0.0 0.0 
89 25.7137405677 -1.53774710041 10.076611744 2.9742032981 5.23999977112 0.265656963776 1.875 9.0 1.0 1.0 2.5 0.0 0.0 
89 27.2991322505 -1.27910829109 10.076611744 2.9742032981 18.1299991608 0.265656963776 1.875 9.0 1.0 1.0 2.5 0.0 0.0 
89 27.6306374435 -1.15539274688 10.076611744 2.9742032981 35.7200012207 0.265656963776 1.875 9.0 1.0 1.0 2.5 0.0 0.0 
89 27.5987866608 -1.18691771873 10.076611744 2.9742032981 46.1500015259 0.265656963776 1.875 9.0 1.0 1.0 2.5 0.0 0.0 
89 27.260738562 -1.59579374976 10.076611744 2.9742032981 55.9700012207 0.265656963776 1.875 9.0 1.0 1.0 2.5 0.0 0.0 
89 26.8766494952 -2.27091109563 10.076611744 2.9742032981 67.9700012207 0.265656963776 1.875 9.0 1.0 1.0 2.5 0.0 0.0 
89 26.664532183 -2.95846591795 10.076611744 2.9742032981 80.4899978638 0.265656963776 1.875 9.0 1.0 1.0 2.5 0.0 0.0 
89 26.5832549471 -3.48795177549 10.076611744 2.9742032981 78.4100036621 0.265656963776 1.875 9.0 1.0 1.0 2.5 0.0 0.0 
92 26.3104057669 -4.36533169779 10.076611744 2.9742032981 65.6999969482 0.363082260812 -3.46875 9.0 1.0 1.0 2.5 0.0 0.0 
97 25.9154207788 -5.24397245086 10.076611744 2.9742032981 67.0199966431 0.280845697681 -1.9375 9.0 1.0 1.0 2.5 0.0 0.0 
98 25.6431348077 -5.8884328603 10.076611744 2.9742032981 70.0599975586 0.267123899215 -2.0625 9.0 1.0 1.0 2.5 0.0 0.0 
98 25.5300071775 -6.18621841345 10.076611744 2.9742032981 65.2200012207 0.267123899215 -2.0625 9.0 1.0 1.0 2.5 0.0 0.0 
98 25.1737359404 -6.92968404053 10.076611744 2.9742032981 61.6800003052 0.267123899215 -2.0625 9.0 1.0 1.0 2.5 0.0 0.0 
100 24.9062223829 -7.41628399586 10.076611744 2.9742032981 60.75 0.251488183451 -1.59375 9.0 1.0 1.0 2.5 0.0 0.0 
100 24.5391772457 -8.07782038955 10.076611744 2.9742032981 61.6599998474 0.251488183451 -1.59375 9.0 1.0 1.0 2.5 0.0 0.0 
100 24.5206890809 -8.11230892987 10.076611744 2.9742032981 62.4399986267 0.251488183451 -1.59375 9.0 1.0 1.0 2.5 0.0 0.0 
100 24.5112255152 -8.13049144825 10.076611744 2.9742032981 63.9300003052 0.251488183451 -1.59375 9.0 1.0 1.0 2.5 0.0 0.0 
100 24.5235115197 -8.10538524022 10.076611744 2.9742032981 64.1200027466 0.251488183451 -1.59375 9.0 1.0 1.0 2.5 0.0 0.0 
100 24.528782808 -8.09448030836 10.076611744 2.9742032981 64.1500015259 0.251488183451 -1.59375 9.0 1.0 1.0 2.5 0.0 0.0 
100 24.5283759834 -8.09531850242 10.076611744 2.9742032981 64.1200027466 0.251488183451 -1.59375 9.0 1.0 1.0 2.5 0.0 0.0 
100 24.5381438069 -8.07624621396 10.076611744 2.9742032981 61.1199989319 0.251488183451 -1.59375 9.0 1.0 1.0 2.5 0.0 0.0 
103 24.7837214713 -7.70410474312 10.076611744 2.9742032981 49.7700004578 0.147616632216 -0.59375 9.0 1.0 1.0 2.5 0.0 0.0 
103 25.0108969546 -7.42657758033 10.076611744 2.9742032981 45.3899993896 0.147616632216 -0.59375 9.0 1.0 1.0 2.5 0.0 0.0 
103 25.6763729961 -6.78382451336 10.076611744 2.9742032981 35.4199981689 0.147616632216 -0.59375 9.0 1.0 1.0 2.5 0.0 0.0 
103 26.5239989089 -6.20873577827 10.076611744 2.9742032981 22.8099994659 0.147616632216 -0.59375 9.0 1.0 1.0 2.5 0.0 0.0 
103 27.1832514146 -5.94365193814 10.076611744 2.9742032981 6.51999998093 0.147616632216 -0.59375 9.0 1.0 1.0 2.5 0.0 0.0 
103 27.7827501386 -5.93402322534 10.076611744 2.9742032981 -24.8199996948 0.147616632216 -0.59375 9.0 1.0 1.0 2.5 0.0 0.0 
103 28.4114068188 -6.22892727153 10.076611744 2.9742032981 -39.6100006104 0.147616632216 -0.59375 9.0 1.0 1.0 2.5 0.0 0.0 
103 29.2421103505 -7.17687064214 10.076611744 2.9742032981 -62.0200004578 0.147616632216 -0.59375 9.0 1.0 1.0 2.5 0.0 0.0 
103 29.4064682566 -7.48624338601 10.076611744 2.9742032981 -70.0999984741 0.147616632216 -0.59375 9.0 1.0 1.0 2.5 0.0 0.0 
103 29.9372041009 -9.32037603379 10.076611744 2.9742032981 -83.6699981689 0.147616632216 -0.59375 9.0 1.0 1.0 2.5 0.0 0.0 
103 30.0375676906 -10.5859227399 10.076611744 2.9742032981 -89.9899978638 0.147616632216 -0.59375 9.0 1.0 1.0 2.5 0.0 0.0 
103 30.0460166709 -11.2762199074 10.076611744 2.9742032981 -93.5199966431 0.147616632216 -0.59375 9.0 1.0 1.0 2.5 0.0 0.0 
103 29.9628809034 -12.1942510981 10.076611744 2.9742032981 -110.989997864 0.147616632216 -0.59375 9.0 1.0 1.0 2.5 0.0 0.0 
103 29.8589104818 -12.5185410477 10.076611744 2.9742032981 -125.419998169 0.147616632216 -0.59375 9.0 1.0 1.0 2.5 0.0 0.0 
103 29.814673686 -12.6681658556 10.076611744 2.9742032981 -156.690002441 0.147616632216 -0.59375 9.0 1.0 1.0 2.5 0.0 0.0 
103 30.3996895467 -12.5271857628 10.076611744 2.9742032981 -176.190002441 0.147616632216 -0.59375 9.0 1.0 1.0 2.5 0.0 0.0 
103 30.9385982424 -12.5143528758 10.076611744 2.9742032981 174.520004272 0.147616632216 -0.59375 9.0 1.0 1.0 2.5 0.0 0.0 
103 31.8308753121 -12.6191034454 10.076611744 2.9742032981 168.539993286 0.147616632216 -0.59375 9.0 1.0 1.0 2.5 0.0 0.0 
103 32.4185857581 -12.7566265956 10.076611744 2.9742032981 164.830001831 0.147616632216 -0.59375 9.0 1.0 1.0 2.5 0.0 0.0 
103 32.8597153446 -12.887626215 10.076611744 2.9742032981 161.0 0.147616632216 -0.59375 9.0 1.0 1.0 2.5 0.0 0.0 
103 32.990225924 -12.9321360349 10.076611744 2.9742032981 162.619995117 0.147616632216 -0.59375 9.0 1.0 1.0 2.5 0.0 0.0 
103 32.9172217985 -12.9096151052 10.076611744 2.9742032981 163.179992676 0.147616632216 -0.59375 9.0 1.0 1.0 2.5 0.0 0.0 
103 32.5984680725 -12.8145899907 10.076611744 2.9742032981 163.979995728 0.147616632216 -0.59375 9.0 1.0 1.0 2.5 0.0 0.0 
103 32.3796656062 -12.7528916072 10.076611744 2.9742032981 164.660003662 0.147616632216 -0.59375 9.0 1.0 1.0 2.5 0.0 0.0 
103 32.2430029475 -12.7157532694 10.076611744 2.9742032981 165.059997559 0.147616632216 -0.59375 9.0 1.0 1.0 2.5 0.0 0.0 
103 32.1664422224 -12.6954978074 10.076611744 2.9742032981 165.320007324 0.147616632216 -0.59375 9.0 1.0 1.0 2.5 0.0 0.0 
103 32.1556263968 -12.6926657099 10.076611744 2.9742032981 165.429992676 0.147616632216 -0.59375 9.0 1.0 1.0 2.5 0.0 0.0 
103 32.1366902055 -12.6877421047 10.076611744 2.9742032981 165.479995728 0.147616632216 -0.59375 9.0 1.0 1.0 2.5 0.0 0.0 
103 32.1475136518 -12.6905449342 10.076611744 2.9742032981 165.559997559 0.147616632216 -0.59375 9.0 1.0 1.0 2.5 0.0 0.0 
103 32.14300229 -12.6893832554 10.076611744 2.9742032981 165.88999939 0.147616632216 -0.59375 9.0 1.0 1.0 2.5 0.0 0.0 
103 32.145715207 -12.690056142 10.076611744 2.9742032981 165.990005493 0.147616632216 -0.59375 9.0 1.0 1.0 2.5 0.0 0.0 
103 32.145715207 -12.690056142 10.076611744 2.9742032981 165.990005493 0.147616632216 -0.59375 9.0 1.0 1.0 2.5 0.0 0.0 
103 32.145715207 -12.690056142 10.076611744 2.9742032981 165.990005493 0.147616632216 -0.59375 9.0 1.0 1.0 2.5 0.0 0.0 
103 32.0878598088 -12.6756204484 10.076611744 2.9742032981 165.970001221 0.147616632216 -0.59375 9.0 1.0 1.0 2.5 0.0 0.0 
103 32.0300050796 -12.661182072 10.076611744 2.9742032981 166.009994507 0.147616632216 -0.59375 9.0 1.0 1.0 2.5 0.0 0.0 
103 31.9612355704 -12.6443079091 10.076611744 2.9742032981 166.440002441 0.147616632216 -0.59375 9.0 1.0 1.0 2.5 0.0 0.0 
103 31.7337867315 -12.589933226 10.076611744 2.9742032981 166.630004883 0.147616632216 -0.59375 9.0 1.0 1.0 2.5 0.0 0.0 
103 31.6177622133 -12.5623496207 10.076611744 2.9742032981 166.699996948 0.147616632216 -0.59375 9.0 1.0 1.0 2.5 0.0 0.0 
103 31.5134769652 -12.5377552776 10.076611744 2.9742032981 166.779998779 0.147616632216 -0.59375 9.0 1.0 1.0 2.5 0.0 0.0 
103 31.4726577433 -12.5281822202 10.076611744 2.9742032981 166.850006104 0.147616632216 -0.59375 9.0 1.0 1.0 2.5 0.0 0.0 
103 31.3402012642 -12.4972117086 10.076611744 2.9742032981 166.740005493 0.147616632216 -0.59375 9.0 1.0 1.0 2.5 0.0 0.0 
103 31.2341195341 -12.472116999 10.076611744 2.9742032981 166.570007324 0.147616632216 -0.59375 9.0 1.0 1.0 2.5 0.0 0.0 
103 31.0900378114 -12.4376748729 10.076611744 2.9742032981 166.509994507 0.147616632216 -0.59375 9.0 1.0 1.0 2.5 0.0 0.0 
103 30.7302338711 -12.3518996424 10.076611744 2.9742032981 166.820007324 0.147616632216 -0.59375 9.0 1.0 1.0 2.5 0.0 0.0 
103 30.3373174654 -12.260407868 10.076611744 2.9742032981 167.289993286 0.147616632216 -0.59375 9.0 1.0 1.0 2.5 0.0 0.0 
103 30.0219005945 -12.189443782 10.076611744 2.9742032981 167.559997559 0.147616632216 -0.59375 9.0 1.0 1.0 2.5 0.0 0.0 
103 29.7544407927 -12.1302982699 10.076611744 2.9742032981 167.470001221 0.147616632216 -0.59375 9.0 1.0 1.0 2.5 0.0 0.0 
103 29.6352917882 -12.1038302678 10.076611744 2.9742032981 167.559997559 0.147616632216 -0.59375 9.0 1.0 1.0 2.5 0.0 0.0 
103 29.3941919252 -12.0506190612 10.076611744 2.9742032981 167.619995117 0.147616632216 -0.59375 9.0 1.0 1.0 2.5 0.0 0.0 
103 29.1538355776 -11.9983691758 10.076611744 2.9742032981 168.059997559 0.147616632216 -0.59375 9.0 1.0 1.0 2.5 0.0 0.0 
103 28.9633109868 -11.9581367634 10.076611744 2.9742032981 168.399993896 0.147616632216 -0.59375 9.0 1.0 1.0 2.5 0.0 0.0 
103 28.7678491792 -11.9187834601 10.076611744 2.9742032981 169.190002441 0.147616632216 -0.59375 9.0 1.0 1.0 2.5 0.0 0.0 
103 28.65802059 -11.8978572003 10.076611744 2.9742032981 169.61000061 0.147616632216 -0.59375 9.0 1.0 1.0 2.5 0.0 0.0 
103 28.6085309213 -11.8887976235 10.076611744 2.9742032981 170.399993896 0.147616632216 -0.59375 9.0 1.0 1.0 2.5 0.0 0.0 
103 28.6002620413 -11.887406303 10.076611744 2.9742032981 171.410003662 0.147616632216 -0.59375 9.0 1.0 1.0 2.5 0.0 0.0 
103 28.6011832468 -11.8875457867 10.076611744 2.9742032981 171.380004883 0.147616632216 -0.59375 9.0 1.0 1.0 2.5 0.0 0.0 
103 28.575270418 -11.8846951611 10.076611744 2.9742032981 -175.449996948 0.147616632216 -0.59375 9.0 1.0 1.0 2.5 0.0 0.0 
103 28.5333054368 -11.8924310594 10.076611744 2.9742032981 -161.520004272 0.147616632216 -0.59375 9.0 1.0 1.0 2.5 0.0 0.0 
103 28.4347454655 -11.9318715519 10.076611744 2.9742032981 -155.339996338 0.147616632216 -0.59375 9.0 1.0 1.0 2.5 0.0 0.0 
103 28.2842020272 -12.0036183713 10.076611744 2.9742032981 -153.330001831 0.147616632216 -0.59375 9.0 1.0 1.0 2.5 0.0 0.0 
103 28.2592581836 -12.0162304373 10.076611744 2.9742032981 -152.229995728 0.147616632216 -0.59375 9.0 1.0 1.0 2.5 0.0 0.0 
103 28.1487734684 -12.0743677133 10.076611744 2.9742032981 -151.559997559 0.147616632216 -0.59375 9.0 1.0 1.0 2.5 0.0 0.0 
103 28.1151785773 -12.0925505208 10.076611744 2.9742032981 -151.36000061 0.147616632216 -0.59375 9.0 1.0 1.0 2.5 0.0 0.0 
103 28.0669486538 -12.118925593 10.076611744 2.9742032981 -151.350006104 0.147616632216 -0.59375 9.0 1.0 1.0 2.5 0.0 0.0 
103 27.9532851636 -12.1809956554 10.076611744 2.9742032981 -152.339996338 0.147616632216 -0.59375 9.0 1.0 1.0 2.5 0.0 0.0 
103 27.9327386407 -12.1919695895 10.076611744 2.9742032981 -154.86000061 0.147616632216 -0.59375 9.0 1.0 1.0 2.5 0.0 0.0 
103 27.8956015774 -12.2093313872 10.076611744 2.9742032981 -154.710006714 0.147616632216 -0.59375 9.0 1.0 1.0 2.5 0.0 0.0 
103 27.5821294124 -12.3571916852 10.076611744 2.9742032981 -157.050003052 0.147616632216 -0.59375 9.0 1.0 1.0 2.5 0.0 0.0 
103 27.674379645 -12.3194357324 10.076611744 2.9742032981 -157.130004883 0.147616632216 -0.59375 9.0 1.0 1.0 2.5 0.0 0.0 
103 27.3658617784 -12.4510348803 10.076611744 2.9742032981 -157.990005493 0.147616632216 -0.59375 9.0 1.0 1.0 2.5 0.0 0.0 
103 27.3585026821 -12.4579689806 10.076611744 2.9742032981 -160.880004883 0.147616632216 -0.59375 9.0 1.0 1.0 2.5 0.0 0.0 
103 27.4668804399 -12.4179781631 10.076611744 2.9742032981 -158.059997559 0.147616632216 -0.59375 9.0 1.0 1.0 2.5 0.0 0.0 
103 27.3988030602 -12.445965513 10.076611744 2.9742032981 -157.880004883 0.147616632216 -0.59375 9.0 1.0 1.0 2.5 0.0 0.0 
103 27.2049214478 -12.5257175704 10.076611744 2.9742032981 -162.080001831 0.147616632216 -0.59375 9.0 1.0 1.0 2.5 0.0 0.0 
103 27.2754382591 -12.5015988342 10.076611744 2.9742032981 -162.710006714 0.147616632216 -0.59375 9.0 1.0 1.0 2.5 0.0 0.0 
103 27.2900670191 -12.4951651719 10.076611744 2.9742032981 -171.029998779 0.147616632216 -0.59375 9.0 1.0 1.0 2.5 0.0 0.0 
103 26.8552235433 -12.5561535264 10.076611744 2.9742032981 177.270004272 0.147616632216 -0.59375 9.0 1.0 1.0 2.5 0.0 0.0 
103 26.7621066272 -12.5536663861 10.076611744 2.9742032981 173.770004272 0.147616632216 -0.59375 9.0 1.0 1.0 2.5 0.0 0.0 
103 26.8658135024 -12.5651875813 10.076611744 2.9742032981 175.660003662 0.147616632216 -0.59375 9.0 1.0 1.0 2.5 0.0 0.0 
103 26.9196534811 -12.5697895849 10.076611744 2.9742032981 177.720001221 0.147616632216 -0.59375 9.0 1.0 1.0 2.5 0.0 0.0 
103 26.9848358591 -12.5716421256 10.076611744 2.9742032981 179.0 0.147616632216 -0.59375 9.0 1.0 1.0 2.5 0.0 0.0 
103 26.805818159 -12.5556183354 10.076611744 2.9742032981 171.320007324 0.147616632216 -0.59375 9.0 1.0 1.0 2.5 0.0 0.0 
103 26.7962967792 -12.5559643417 10.076611744 2.9742032981 170.690002441 0.147616632216 -0.59375 9.0 1.0 1.0 2.5 0.0 0.0 
103 26.8753208229 -12.5691457491 10.076611744 2.9742032981 175.770004272 0.147616632216 -0.59375 9.0 1.0 1.0 2.5 0.0 0.0 
103 26.4067899003 -12.5381702691 10.076611744 2.9742032981 176.61000061 0.147616632216 -0.59375 9.0 1.0 1.0 2.5 0.0 0.0 
103 26.5555235343 -12.5482176441 10.076611744 2.9742032981 175.809997559 0.147616632216 -0.59375 9.0 1.0 1.0 2.5 0.0 0.0 
103 26.7766829987 -12.5643304113 10.076611744 2.9742032981 175.699996948 0.147616632216 -0.59375 9.0 1.0 1.0 2.5 0.0 0.0 
103 27.0758311624 -12.5870415051 10.076611744 2.9742032981 175.520004272 0.147616632216 -0.59375 9.0 1.0 1.0 2.5 0.0 0.0 
103 27.167791417 -12.594205033 10.076611744 2.9742032981 175.300003052 0.147616632216 -0.59375 9.0 1.0 1.0 2.5 0.0 0.0 
103 27.1754225579 -12.5925188528 10.076611744 2.9742032981 173.669998169 0.147616632216 -0.59375 9.0 1.0 1.0 2.5 0.0 0.0 
103 26.5864735469 -12.5272209704 10.076611744 2.9742032981 172.820007324 0.147616632216 -0.59375 9.0 1.0 1.0 2.5 0.0 0.0 
103 26.2352258298 -12.4762923189 10.076611744 2.9742032981 170.080001831 0.147616632216 -0.59375 9.0 1.0 1.0 2.5 0.0 0.0 
103 26.212416466 -12.4714579356 10.076611744 2.9742032981 172.919998169 0.147616632216 -0.59375 9.0 1.0 1.0 2.5 0.0 0.0 
103 26.2958208461 -12.4800234801 10.076611744 2.9742032981 175.279998779 0.147616632216 -0.59375 9.0 1.0 1.0 2.5 0.0 0.0 
103 26.3691541288 -12.4863281492 10.076611744 2.9742032981 173.970001221 0.147616632216 -0.59375 9.0 1.0 1.0 2.5 0.0 0.0 
103 26.4145586289 -12.4910862935 10.076611744 2.9742032981 171.380004883 0.147616632216 -0.59375 9.0 1.0 1.0 2.5 0.0 0.0 
103 26.4145586289 -12.4910862935 10.076611744 2.9742032981 166.009994507 0.147616632216 -0.59375 9.0 1.0 1.0 2.5 0.0 0.0 
103 26.4145586289 -12.4910862935 10.076611744 2.9742032981 163.210006714 0.147616632216 -0.59375 9.0 1.0 1.0 2.5 0.0 0.0 
103 26.4145586289 -12.4910862935 10.076611744 2.9742032981 157.850006104 0.147616632216 -0.59375 9.0 1.0 1.0 2.5 0.0 0.0 
103 26.4145586289 -12.4910862935 10.076611744 2.9742032981 156.070007324 0.147616632216 -0.59375 9.0 1.0 1.0 2.5 0.0 0.0 
103 26.4145586289 -12.4910862935 10.076611744 2.9742032981 156.580001831 0.147616632216 -0.59375 9.0 1.0 1.0 2.5 0.0 0.0 
103 26.4145586289 -12.4910862935 10.076611744 2.9742032981 157.330001831 0.147616632216 -0.59375 9.0 1.0 1.0 2.5 0.0 0.0 
103 26.4145586289 -12.4910862935 10.076611744 2.9742032981 157.759994507 0.147616632216 -0.59375 9.0 1.0 1.0 2.5 0.0 0.0 
103 26.4145586289 -12.4910862935 10.076611744 2.9742032981 158.380004883 0.147616632216 -0.59375 9.0 1.0 1.0 2.5 0.0 0.0 
103 26.4145586289 -12.4910862935 10.076611744 2.9742032981 159.0 0.147616632216 -0.59375 9.0 1.0 1.0 2.5 0.0 0.0 
103 26.4145586289 -12.4910862935 10.076611744 2.9742032981 160.229995728 0.147616632216 -0.59375 9.0 1.0 1.0 2.5 0.0 0.0 
103 26.4145586289 -12.4910862935 10.076611744 2.9742032981 161.600006104 0.147616632216 -0.59375 9.0 1.0 1.0 2.5 0.0 0.0 
103 26.4145586289 -12.4910862935 10.076611744 2.9742032981 163.199996948 0.147616632216 -0.59375 9.0 1.0 1.0 2.5 0.0 0.0 
103 26.4145586289 -12.4910862935 10.076611744 2.9742032981 166.520004272 0.147616632216 -0.59375 9.0 1.0 1.0 2.5 0.0 0.0 
103 26.4145586289 -12.4910862935 10.076611744 2.9742032981 168.800003052 0.147616632216 -0.59375 9.0 1.0 1.0 2.5 0.0 0.0 
103 26.4145586289 -12.4910862935 10.076611744 2.9742032981 175.779998779 0.147616632216 -0.59375 9.0 1.0 1.0 2.5 0.0 0.0 
103 26.4145586289 -12.4910862935 10.076611744 2.9742032981 175.660003662 0.147616632216 -0.59375 9.0 1.0 1.0 2.5 0.0 0.0 
103 26.4145586289 -12.4910862935 10.076611744 2.9742032981 174.979995728 0.147616632216 -0.59375 9.0 1.0 1.0 2.5 0.0 0.0 
103 26.4145586289 -12.4910862935 10.076611744 2.9742032981 -177.940002441 0.147616632216 -0.59375 9.0 1.0 1.0 2.5 0.0 0.0 
103 26.4145586289 -12.4910862935 10.076611744 2.9742032981 -165.990005493 0.147616632216 -0.59375 9.0 1.0 1.0 2.5 0.0 0.0 
103 26.4145586289 -12.4910862935 10.076611744 2.9742032981 -166.490005493 0.147616632216 -0.59375 9.0 1.0 1.0 2.5 0.0 0.0 
103 26.4145586289 -12.4910862935 10.076611744 2.9742032981 -169.910003662 0.147616632216 -0.59375 9.0 1.0 1.0 2.5 0.0 0.0 
103 26.4145586289 -12.4910862935 10.076611744 2.9742032981 -168.220001221 0.147616632216 -0.59375 9.0 1.0 1.0 2.5 0.0 0.0 
103 26.4145586289 -12.4910862935 10.076611744 2.9742032981 -172.070007324 0.147616632216 -0.59375 9.0 1.0 1.0 2.5 0.0 0.0 
103 26.4145586289 -12.4910862935 10.076611744 2.9742032981 -176.710006714 0.147616632216 -0.59375 9.0 1.0 1.0 2.5 0.0 0.0 
103 26.4145586289 -12.4910862935 10.076611744 2.9742032981 177.570007324 0.147616632216 -0.59375 9.0 1.0 1.0 2.5 0.0 0.0 
103 26.4145586289 -12.4910862935 10.076611744 2.9742032981 -178.100006104 0.147616632216 -0.59375 9.0 1.0 1.0 2.5 0.0 0.0 
103 26.4145586289 -12.4910862935 10.076611744 2.9742032981 -172.050003052 0.147616632216 -0.59375 9.0 1.0 1.0 2.5 0.0 0.0 
103 26.4145586289 -12.4910862935 10.076611744 2.9742032981 -172.550003052 0.147616632216 -0.59375 9.0 1.0 1.0 2.5 0.0 0.0 
103 26.4145586289 -12.4910862935 10.076611744 2.9742032981 -173.369995117 0.147616632216 -0.59375 9.0 1.0 1.0 2.5 0.0 0.0 
103 26.4145586289 -12.4910862935 10.076611744 2.9742032981 -166.800003052 0.147616632216 -0.59375 9.0 1.0 1.0 2.5 0.0 0.0 
103 26.4145586289 -12.4910862935 10.076611744 2.9742032981 -166.11000061 0.147616632216 -0.59375 9.0 1.0 1.0 2.5 0.0 0.0 
103 26.4145586289 -12.4910862935 10.076611744 2.9742032981 -170.320007324 0.147616632216 -0.59375 9.0 1.0 1.0 2.5 0.0 0.0 
103 26.4145586289 -12.4910862935 10.076611744 2.9742032981 -178.100006104 0.147616632216 -0.59375 9.0 1.0 1.0 2.5 0.0 0.0 
103 26.4145586289 -12.4910862935 10.076611744 2.9742032981 -179.580001831 0.147616632216 -0.59375 9.0 1.0 1.0 2.5 0.0 0.0 
103 26.4145586289 -12.4910862935 10.076611744 2.9742032981 178.25 0.147616632216 -0.59375 9.0 1.0 1.0 2.5 0.0 0.0 
103 26.4145586289 -12.4910862935 10.076611744 2.9742032981 175.100006104 0.147616632216 -0.59375 9.0 1.0 1.0 2.5 0.0 0.0 
103 26.4145586289 -12.4910862935 10.076611744 2.9742032981 172.759994507 0.147616632216 -0.59375 9.0 1.0 1.0 2.5 0.0 0.0 
103 26.4145586289 -12.4910862935 10.076611744 2.9742032981 171.130004883 0.147616632216 -0.59375 9.0 1.0 1.0 2.5 0.0 0.0 
103 26.4145586289 -12.4910862935 10.076611744 2.9742032981 171.449996948 0.147616632216 -0.59375 9.0 1.0 1.0 2.5 0.0 0.0 
103 26.4145586289 -12.4910862935 10.076611744 2.9742032981 173.699996948 0.147616632216 -0.59375 9.0 1.0 1.0 2.5 0.0 0.0 
103 26.4145586289 -12.4910862935 10.076611744 2.9742032981 176.789993286 0.147616632216 -0.59375 9.0 1.0 1.0 2.5 0.0 0.0 
103 26.4145586289 -12.4910862935 10.076611744 2.9742032981 178.36000061 0.147616632216 -0.59375 9.0 1.0 1.0 2.5 0.0 0.0 
103 26.4145586289 -12.4910862935 10.076611744 2.9742032981 176.88999939 0.147616632216 -0.59375 9.0 1.0 1.0 2.5 0.0 0.0 
103 26.4145586289 -12.4910862935 10.076611744 2.9742032981 174.399993896 0.147616632216 -0.59375 9.0 1.0 1.0 2.5 0.0 0.0 
103 26.4145586289 -12.4910862935 10.076611744 2.9742032981 173.309997559 0.147616632216 -0.59375 9.0 1.0 1.0 2.5 0.0 0.0 
103 26.4145586289 -12.4910862935 10.076611744 2.9742032981 175.039993286 0.147616632216 -0.59375 9.0 1.0 1.0 2.5 0.0 0.0 
103 26.4145586289 -12.4910862935 10.076611744 2.9742032981 178.169998169 0.147616632216 -0.59375 9.0 1.0 1.0 2.5 0.0 0.0 
103 26.4145586289 -12.4910862935 10.076611744 2.9742032981 -179.830001831 0.147616632216 -0.59375 9.0 1.0 1.0 2.5 0.0 0.0 
103 26.4145586289 -12.4910862935 10.076611744 2.9742032981 -179.979995728 0.147616632216 -0.59375 9.0 1.0 1.0 2.5 0.0 0.0 
103 26.4145586289 -12.4910862935 10.076611744 2.9742032981 177.910003662 0.147616632216 -0.59375 9.0 1.0 1.0 2.5 0.0 0.0 
103 26.4145586289 -12.4910862935 10.076611744 2.9742032981 175.419998169 0.147616632216 -0.59375 9.0 1.0 1.0 2.5 0.0 0.0 
103 26.4145586289 -12.4910862935 10.076611744 2.9742032981 173.429992676 0.147616632216 -0.59375 9.0 1.0 1.0 2.5 0.0 0.0 
103 26.4145586289 -12.4910862935 10.076611744 2.9742032981 171.199996948 0.147616632216 -0.59375 9.0 1.0 1.0 2.5 0.0 0.0 
103 26.4145586289 -12.4910862935 10.076611744 2.9742032981 172.429992676 0.147616632216 -0.59375 9.0 1.0 1.0 2.5 0.0 0.0 
103 26.4145586289 -12.4910862935 10.076611744 2.9742032981 176.0 0.147616632216 -0.59375 9.0 1.0 1.0 2.5 0.0 0.0 
103 26.4145586289 -12.4910862935 10.076611744 2.9742032981 -179.580001831 0.147616632216 -0.59375 9.0 1.0 1.0 2.5 0.0 0.0 
103 26.4145586289 -12.4910862935 10.076611744 2.9742032981 -179.740005493 0.147616632216 -0.59375 9.0 1.0 1.0 2.5 0.0 0.0 
103 26.4145586289 -12.4910862935 10.076611744 2.9742032981 175.850006104 0.147616632216 -0.59375 9.0 1.0 1.0 2.5 0.0 0.0 
103 26.4145586289 -12.4910862935 10.076611744 2.9742032981 174.020004272 0.147616632216 -0.59375 9.0 1.0 1.0 2.5 0.0 0.0 
103 26.4145586289 -12.4910862935 10.076611744 2.9742032981 171.539993286 0.147616632216 -0.59375 9.0 1.0 1.0 2.5 0.0 0.0 
103 26.4145586289 -12.4910862935 10.076611744 2.9742032981 172.559997559 0.147616632216 -0.59375 9.0 1.0 1.0 2.5 0.0 0.0 
103 26.4145586289 -12.4910862935 10.076611744 2.9742032981 174.720001221 0.147616632216 -0.59375 9.0 1.0 1.0 2.5 0.0 0.0 
103 26.4145586289 -12.4910862935 10.076611744 2.9742032981 177.589996338 0.147616632216 -0.59375 9.0 1.0 1.0 2.5 0.0 0.0 
