# visionSample, x, y, visX, visY, angle, rawDist, rawAngle, distM, distC, angleC, angleM, distRSquared, angleRSquared
61 10.241641508 3.10877727931 7.17322069349 0.0907839045736 140.189998627 0.23312620206 -1.28125 9.0 1.0 1.0 2.5 0.0 0.0 
61 10.2352037651 3.11415031766 7.17322069349 0.0907839045736 140.310001373 0.23312620206 -1.28125 9.0 1.0 1.0 2.5 0.0 0.0 
61 10.2352037651 3.11415031766 7.17322069349 0.0907839045736 140.319999695 0.23312620206 -1.28125 9.0 1.0 1.0 2.5 0.0 0.0 
61 10.2352037651 3.11415031766 7.17322069349 0.0907839045736 140.319999695 0.23312620206 -1.28125 9.0 1.0 1.0 2.5 0.0 0.0 
61 10.2352037651 3.11415031766 7.17322069349 0.0907839045736 140.319999695 0.23312620206 -1.28125 9.0 1.0 1.0 2.5 0.0 0.0 
61 10.2352037651 3.11415031766 7.17322069349 0.0907839045736 140.319999695 0.23312620206 -1.28125 9.0 1.0 1.0 2.5 0.0 0.0 
61 10.2294672726 3.11890946396 7.17322069349 0.0907839045736 140.220001221 0.23312620206 -1.28125 9.0 1.0 1.0 2.5 0.0 0.0 
61 10.489460249 2.89829993101 7.17322069349 0.0907839045736 135.150001526 0.23312620206 -1.28125 9.0 1.0 1.0 2.5 0.0 0.0 
61 10.4457836798 2.94421164273 7.17322069349 0.0907839045736 133.700000763 0.23312620206 -1.28125 9.0 1.0 1.0 2.5 0.0 0.0 
61 10.2845206652 3.11228494081 7.17322069349 0.0907839045736 131.790000916 0.23312620206 -1.28125 9.0 1.0 1.0 2.5 0.0 0.0 
61 9.786370565 3.69111814394 7.17322069349 0.0907839045736 123.919998169 0.23312620206 -1.28125 9.0 1.0 1.0 2.5 0.0 0.0 
61 9.484303715 4.16376843445 7.17322069349 0.0907839045736 108.080001831 0.23312620206 -1.28125 9.0 1.0 1.0 2.5 0.0 0.0 
61 9.46004870446 4.14082960219 7.17322069349 0.0907839045736 84.9499969482 0.23312620206 -1.28125 9.0 1.0 1.0 2.5 0.0 0.0 
61 9.45761155376 4.12509908401 7.17322069349 0.0907839045736 79.6800003052 0.23312620206 -1.28125 9.0 1.0 1.0 2.5 0.0 0.0 
61 9.44483683803 4.04036473445 7.17322069349 0.0907839045736 87.5100021362 0.23312620206 -1.28125 9.0 1.0 1.0 2.5 0.0 0.0 
61 9.44644208089 4.00043663888 7.17322069349 0.0907839045736 102.900001526 0.23312620206 -1.28125 9.0 1.0 1.0 2.5 0.0 0.0 
61 9.61658843893 3.62893204008 7.17322069349 0.0907839045736 121.569999695 0.23312620206 -1.28125 9.0 1.0 1.0 2.5 0.0 0.0 
61 9.76014719942 3.40676262936 7.17322069349 0.0907839045736 129.770000458 0.23312620206 -1.28125 9.0 1.0 1.0 2.5 0.0 0.0 
64 10.108032135 3.00362950394 7.17322069349 0.0907839045736 137.580001831 0.220540545696 -0.09375 9.0 1.0 1.0 2.5 0.0 0.0 
65 10.4281049054 2.7189692417 7.17322069349 0.0907839045736 144.090000153 0.218143111129 -0.625 9.0 1.0 1.0 2.5 0.0 0.0 
65 10.1877230988 2.8906045719 7.17322069349 0.0907839045736 141.400001526 0.218143111129 -0.625 9.0 1.0 1.0 2.5 0.0 0.0 
66 9.4151638614 3.52321636138 7.17322069349 0.0907839045736 136.400001526 0.262042414893 -1.875 9.0 1.0 1.0 2.5 0.0 0.0 
71 8.65991448932 4.25886145218 7.17322069349 0.0907839045736 131.560001373 0.288252673585 0.125 9.0 1.0 1.0 2.5 0.0 0.0 
81 7.75957548679 5.31966163733 7.17322069349 0.0907839045736 137.799999237 0.439748465456 1.84375 9.0 1.0 1.0 2.5 0.0 0.0 
83 7.65025596036 5.41091642729 7.17322069349 0.0907839045736 155.86000061 0.455223150456 1.09375 9.0 1.0 1.0 2.5 0.0 0.0 
83 7.4662332755 5.48763489842 7.17322069349 0.0907839045736 177.099999905 0.455223150456 1.09375 9.0 1.0 1.0 2.5 0.0 0.0 
83 7.18004324348 5.47898119813 7.17322069349 0.0907839045736 199.600000381 0.455223150456 1.09375 9.0 1.0 1.0 2.5 0.0 0.0 
83 6.88161680707 5.37103266956 7.17322069349 0.0907839045736 201.069999695 0.455223150456 1.09375 9.0 1.0 1.0 2.5 0.0 0.0 
83 6.78305512019 5.33147105486 7.17322069349 0.0907839045736 194.979999542 0.455223150456 1.09375 9.0 1.0 1.0 2.5 0.0 0.0 
83 6.69066304102 5.30561645639 7.17322069349 0.0907839045736 180.209999993 0.455223150456 1.09375 9.0 1.0 1.0 2.5 0.0 0.0 
83 7.06005016424 5.29262157842 7.17322069349 0.0907839045736 173.659999847 0.455223150456 1.09375 9.0 1.0 1.0 2.5 0.0 0.0 
83 7.71600168391 5.25652128432 7.17322069349 0.0907839045736 171.050000191 0.455223150456 1.09375 9.0 1.0 1.0 2.5 0.0 0.0 
83 8.05999457216 5.16002444892 7.17322069349 0.0907839045736 170.229999542 0.455223150456 1.09375 9.0 1.0 1.0 2.5 0.0 0.0 
83 8.66117703056 5.04992621136 7.17322069349 0.0907839045736 168.5 0.455223150456 1.09375 9.0 1.0 1.0 2.5 0.0 0.0 
83 9.03513169633 4.95696909632 7.17322069349 0.0907839045736 151.38999939 0.455223150456 1.09375 9.0 1.0 1.0 2.5 0.0 0.0 
83 9.2256070493 4.83593524472 7.17322069349 0.0907839045736 128.509998322 0.455223150456 1.09375 9.0 1.0 1.0 2.5 0.0 0.0 
83 9.38385057312 4.63021883839 7.17322069349 0.0907839045736 116.430000305 0.455223150456 1.09375 9.0 1.0 1.0 2.5 0.0 0.0 
83 9.44023661644 4.51077067381 7.17322069349 0.0907839045736 110.319999695 0.455223150456 1.09375 9.0 1.0 1.0 2.5 0.0 0.0 
83 9.4762862937 4.42088644858 7.17322069349 0.0907839045736 124.369998932 0.455223150456 1.09375 9.0 1.0 1.0 2.5 0.0 0.0 
83 9.51571665705 4.37049874253 7.17322069349 0.0907839045736 147.150001526 0.455223150456 1.09375 9.0 1.0 1.0 2.5 0.0 0.0 
83 9.59533125084 4.32435998246 7.17322069349 0.0907839045736 156.280000687 0.455223150456 1.09375 9.0 1.0 1.0 2.5 0.0 0.0 
83 9.64728928181 4.30132895014 7.17322069349 0.0907839045736 153.38999939 0.455223150456 1.09375 9.0 1.0 1.0 2.5 0.0 0.0 
83 9.714933114 4.26055637667 7.17322069349 0.0907839045736 139.080001831 0.455223150456 1.09375 9.0 1.0 1.0 2.5 0.0 0.0 
85 9.75967142765 4.21455159507 7.17322069349 0.0907839045736 127.169998169 0.246667824364 -1.0 9.0 1.0 1.0 2.5 0.0 0.0 
88 9.83914957885 4.09518934289 7.17322069349 0.0907839045736 119.63999939 0.243096825495 1.0625 9.0 1.0 1.0 2.5 0.0 0.0 
88 9.95026787706 3.90007888772 7.17322069349 0.0907839045736 119.209999084 0.243096825495 1.0625 9.0 1.0 1.0 2.5 0.0 0.0 
88 10.1319306797 3.57680980289 7.17322069349 0.0907839045736 122.119998932 0.243096825495 1.0625 9.0 1.0 1.0 2.5 0.0 0.0 
88 10.3374538665 3.25387236978 7.17322069349 0.0907839045736 130.080001831 0.243096825495 1.0625 9.0 1.0 1.0 2.5 0.0 0.0 
88 10.4381132555 3.12569394304 7.17322069349 0.0907839045736 133.099998474 0.243096825495 1.0625 9.0 1.0 1.0 2.5 0.0 0.0 
88 10.417132213 3.13603363086 7.17322069349 0.0907839045736 139.060001373 0.243096825495 1.0625 9.0 1.0 1.0 2.5 0.0 0.0 
88 10.2796585455 3.25760274964 7.17322069349 0.0907839045736 135.5 0.243096825495 1.0625 9.0 1.0 1.0 2.5 0.0 0.0 
88 10.1769653658 3.35910199005 7.17322069349 0.0907839045736 130.990001678 0.243096825495 1.0625 9.0 1.0 1.0 2.5 0.0 0.0 
88 10.1089522363 3.44066321549 7.17322069349 0.0907839045736 127.220001221 0.243096825495 1.0625 9.0 1.0 1.0 2.5 0.0 0.0 
88 10.0809740713 3.47791092326 7.17322069349 0.0907839045736 127.169998169 0.243096825495 1.0625 9.0 1.0 1.0 2.5 0.0 0.0 
94 9.9381583257 3.66426976375 7.17322069349 0.0907839045736 127.439998627 0.213886250975 1.09375 9.0 1.0 1.0 2.5 0.0 0.0 
100 9.70344803107 3.9738783425 7.17322069349 0.0907839045736 126.61000061 0.231600648275 1.125 9.0 1.0 1.0 2.5 0.0 0.0 
105 9.19951040794 4.61075143734 7.17322069349 0.0907839045736 126.409999847 0.249750374376 1.21875 9.0 1.0 1.0 2.5 0.0 0.0 
111 8.83732675719 5.00304227559 8.66445228923 5.17556249011 127.240001678 0.278743005032 1.09375 9.0 1.0 1.0 2.5 0.0 0.0 
117 8.63775749814 5.11088483054 8.58762839865 5.13248603984 129.270000458 0.282634769779 0.6875 9.0 1.0 1.0 2.5 0.0 0.0 
125 8.6432647602 5.10896335631 8.59410436972 5.1713968681 132.439998627 0.270084884813 -1.5625 9.0 1.0 1.0 2.5 0.0 0.0 
128 8.73295483502 5.07467690423 8.63663595305 5.17161535996 135.979999542 0.285346484026 -2.4375 9.0 1.0 1.0 2.5 0.0 0.0 
129 8.70979481019 5.20595351303 8.50085833121 5.49939705568 137.799999237 0.316278374606 -3.25 9.0 1.0 1.0 2.5 0.0 0.0 
129 8.99864221027 4.94611703151 8.50085833121 5.49939705568 138.229999542 0.316278374606 -3.25 9.0 1.0 1.0 2.5 0.0 0.0 
129 9.14710845108 4.81303042126 8.50085833121 5.49939705568 137.599998474 0.316278374606 -3.25 9.0 1.0 1.0 2.5 0.0 0.0 
129 9.30754642879 4.66542198101 8.50085833121 5.49939705568 135.540000916 0.316278374606 -3.25 9.0 1.0 1.0 2.5 0.0 0.0 
129 9.23613322655 4.73498169724 8.50085833121 5.49939705568 136.790000916 0.316278374606 -3.25 9.0 1.0 1.0 2.5 0.0 0.0 
129 9.20762772461 4.76178985194 8.50085833121 5.49939705568 137.86000061 0.316278374606 -3.25 9.0 1.0 1.0 2.5 0.0 0.0 
129 9.20487431725 4.76430141579 8.50085833121 5.49939705568 138.080001831 0.316278374606 -3.25 9.0 1.0 1.0 2.5 0.0 0.0 
129 9.20487431725 4.76430141579 8.50085833121 5.49939705568 137.990001678 0.316278374606 -3.25 9.0 1.0 1.0 2.5 0.0 0.0 
129 9.12317802268 4.83787312277 8.50085833121 5.49939705568 138.009998322 0.316278374606 -3.25 9.0 1.0 1.0 2.5 0.0 0.0 
129 8.44632964242 5.44932085018 8.50085833121 5.49939705568 135.740001678 0.316278374606 -3.25 9.0 1.0 1.0 2.5 0.0 0.0 
129 7.70636128527 6.19145069538 8.50085833121 5.49939705568 134.810001373 0.316278374606 -3.25 9.0 1.0 1.0 2.5 0.0 0.0 
129 7.27248790832 6.60554687021 8.50085833121 5.49939705568 143.939998627 0.316278374606 -3.25 9.0 1.0 1.0 2.5 0.0 0.0 
129 7.45491609659 6.51183952243 8.50085833121 5.49939705568 162.180000305 0.316278374606 -3.25 9.0 1.0 1.0 2.5 0.0 0.0 
129 8.07872482578 6.39653012172 8.50085833121 5.49939705568 179.060000002 0.316278374606 -3.25 9.0 1.0 1.0 2.5 0.0 0.0 
129 8.56828614716 6.40862405061 8.50085833121 5.49939705568 192.390000343 0.316278374606 -3.25 9.0 1.0 1.0 2.5 0.0 0.0 
129 9.82022242905 6.72914161391 8.50085833121 5.49939705568 202.430000305 0.316278374606 -3.25 9.0 1.0 1.0 2.5 0.0 0.0 
129 10.908262092 7.23402012413 8.50085833121 5.49939705568 206.959999084 0.316278374606 -3.25 9.0 1.0 1.0 2.5 0.0 0.0 
129 11.6195833603 7.55374852661 8.50085833121 5.49939705568 188.479999542 0.316278374606 -3.25 9.0 1.0 1.0 2.5 0.0 0.0 
129 11.9466351467 7.61709996545 8.50085833121 5.49939705568 174.820000172 0.316278374606 -3.25 9.0 1.0 1.0 2.5 0.0 0.0 
129 13.3338735474 7.35697201717 8.50085833121 5.49939705568 165.819999695 0.316278374606 -3.25 9.0 1.0 1.0 2.5 0.0 0.0 
129 15.2580137801 6.96578565345 8.50085833121 5.49939705568 173.090000153 0.316278374606 -3.25 9.0 1.0 1.0 2.5 0.0 0.0 
129 15.6034789643 6.92828505167 8.50085833121 5.49939705568 176.269999981 0.316278374606 -3.25 9.0 1.0 1.0 2.5 0.0 0.0 
129 15.7512447721 6.91605269179 8.50085833121 5.49939705568 183.779999971 0.316278374606 -3.25 9.0 1.0 1.0 2.5 0.0 0.0 
129 15.5653364637 6.90423429479 8.50085833121 5.49939705568 188.680000305 0.316278374606 -3.25 9.0 1.0 1.0 2.5 0.0 0.0 
129 16.0052822721 6.9789856157 8.50085833121 5.49939705568 191.590000153 0.316278374606 -3.25 9.0 1.0 1.0 2.5 0.0 0.0 
129 16.3754815441 7.03904390757 8.50085833121 5.49939705568 181.129999995 0.316278374606 -3.25 9.0 1.0 1.0 2.5 0.0 0.0 
129 16.5999240388 7.01509307893 8.50085833121 5.49939705568 172.880000114 0.316278374606 -3.25 9.0 1.0 1.0 2.5 0.0 0.0 
129 17.2445207801 6.96825488328 8.50085833121 5.49939705568 183.420000076 0.316278374606 -3.25 9.0 1.0 1.0 2.5 0.0 0.0 
129 17.5687353703 6.99270024272 8.50085833121 5.49939705568 187.329999924 0.316278374606 -3.25 9.0 1.0 1.0 2.5 0.0 0.0 
129 18.3627046042 7.09952528551 8.50085833121 5.49939705568 190.369999886 0.316278374606 -3.25 9.0 1.0 1.0 2.5 0.0 0.0 
129 19.0238221657 7.22345855143 8.50085833121 5.49939705568 192.149999619 0.316278374606 -3.25 9.0 1.0 1.0 2.5 0.0 0.0 
129 19.1058108526 7.24104521468 8.50085833121 5.49939705568 192.430000305 0.316278374606 -3.25 9.0 1.0 1.0 2.5 0.0 0.0 
129 19.788428493 7.37651097466 8.50085833121 5.49939705568 189.489999771 0.316278374606 -3.25 9.0 1.0 1.0 2.5 0.0 0.0 
129 20.3599674049 7.4664544815 8.50085833121 5.49939705568 189.529999733 0.316278374606 -3.25 9.0 1.0 1.0 2.5 0.0 0.0 
129 19.7058821334 7.36894128304 8.50085833121 5.49939705568 184.389999866 0.316278374606 -3.25 9.0 1.0 1.0 2.5 0.0 0.0 
129 18.9141159741 7.31360870611 8.50085833121 5.49939705568 183.579999924 0.316278374606 -3.25 9.0 1.0 1.0 2.5 0.0 0.0 
129 17.5962791175 7.19385877456 8.50085833121 5.49939705568 192.93999958 0.316278374606 -3.25 9.0 1.0 1.0 2.5 0.0 0.0 
129 17.1102290775 7.0889663847 8.50085833121 5.49939705568 203.969999313 0.316278374606 -3.25 9.0 1.0 1.0 2.5 0.0 0.0 
129 17.2993308912 7.18355994116 8.50085833121 5.49939705568 216.819999695 0.316278374606 -3.25 9.0 1.0 1.0 2.5 0.0 0.0 
129 17.8337953046 7.71475926933 8.50085833121 5.49939705568 231.599998474 0.316278374606 -3.25 9.0 1.0 1.0 2.5 0.0 0.0 
129 18.5045370794 8.63883047097 8.50085833121 5.49939705568 236.86000061 0.316278374606 -3.25 9.0 1.0 1.0 2.5 0.0 0.0 
129 19.2415569753 9.79209378767 8.50085833121 5.49939705568 237.13999939 0.316278374606 -3.25 9.0 1.0 1.0 2.5 0.0 0.0 
129 19.6433479981 10.3907910242 8.50085833121 5.49939705568 232.529998779 0.316278374606 -3.25 9.0 1.0 1.0 2.5 0.0 0.0 
129 19.6865393933 10.4567061392 8.50085833121 5.49939705568 221.680000305 0.316278374606 -3.25 9.0 1.0 1.0 2.5 0.0 0.0 
129 19.7865692072 10.5099504731 8.50085833121 5.49939705568 205.059999466 0.316278374606 -3.25 9.0 1.0 1.0 2.5 0.0 0.0 
129 19.8777211248 10.5525715759 8.50085833121 5.49939705568 195.75 0.316278374606 -3.25 9.0 1.0 1.0 2.5 0.0 0.0 
129 20.8562162184 10.7438748766 8.50085833121 5.49939705568 181.309999943 0.316278374606 -3.25 9.0 1.0 1.0 2.5 0.0 0.0 
129 22.1729274779 10.7558056623 8.50085833121 5.49939705568 176.279999971 0.316278374606 -3.25 9.0 1.0 1.0 2.5 0.0 0.0 
129 23.6962825165 10.6512801014 8.50085833121 5.49939705568 175.019999981 0.316278374606 -3.25 9.0 1.0 1.0 2.5 0.0 0.0 
129 24.0397822184 10.6222038999 8.50085833121 5.49939705568 176.74000001 0.316278374606 -3.25 9.0 1.0 1.0 2.5 0.0 0.0 
129 24.7334442342 10.6182943343 8.50085833121 5.49939705568 184.570000172 0.316278374606 -3.25 9.0 1.0 1.0 2.5 0.0 0.0 
129 26.7486050745 10.9801291717 8.50085833121 5.49939705568 194.260000229 0.316278374606 -3.25 9.0 1.0 1.0 2.5 0.0 0.0 
129 27.0673633048 11.0611426754 8.50085833121 5.49939705568 192.989999771 0.316278374606 -3.25 9.0 1.0 1.0 2.5 0.0 0.0 
129 28.0764796522 11.2449965094 8.50085833121 5.49939705568 183.920000076 0.316278374606 -3.25 9.0 1.0 1.0 2.5 0.0 0.0 
129 28.2653610066 11.2503848552 8.50085833121 5.49939705568 173.099999905 0.316278374606 -3.25 9.0 1.0 1.0 2.5 0.0 0.0 
129 28.7049023857 11.1607570384 8.50085833121 5.49939705568 164.579999924 0.316278374606 -3.25 9.0 1.0 1.0 2.5 0.0 0.0 
129 29.092704446 11.0529950193 8.50085833121 5.49939705568 165.180000305 0.316278374606 -3.25 9.0 1.0 1.0 2.5 0.0 0.0 
129 30.0625773099 10.795624411 8.50085833121 5.49939705568 163.020000458 0.316278374606 -3.25 9.0 1.0 1.0 2.5 0.0 0.0 
129 30.9170902218 10.5178004421 8.50085833121 5.49939705568 152.25 0.316278374606 -3.25 9.0 1.0 1.0 2.5 0.0 0.0 
129 31.6544968156 10.1235582915 8.50085833121 5.49939705568 138.919998169 0.316278374606 -3.25 9.0 1.0 1.0 2.5 0.0 0.0 
129 32.853601046 8.80759591251 8.50085833121 5.49939705568 123.229999542 0.316278374606 -3.25 9.0 1.0 1.0 2.5 0.0 0.0 
129 33.2917017001 8.10923447591 8.50085833121 5.49939705568 119.040000916 0.316278374606 -3.25 9.0 1.0 1.0 2.5 0.0 0.0 
129 34.0853890866 6.53491597183 8.50085833121 5.49939705568 114.150001526 0.316278374606 -3.25 9.0 1.0 1.0 2.5 0.0 0.0 
129 34.8405484028 4.79684963415 8.50085833121 5.49939705568 112.599998474 0.316278374606 -3.25 9.0 1.0 1.0 2.5 0.0 0.0 
129 35.4253034066 3.2873129874 8.50085833121 5.49939705568 106.559997559 0.316278374606 -3.25 9.0 1.0 1.0 2.5 0.0 0.0 
129 35.8084131343 1.59510287946 8.50085833121 5.49939705568 97.3300018311 0.316278374606 -3.25 9.0 1.0 1.0 2.5 0.0 0.0 
129 35.8598888262 -1.25349783168 8.50085833121 5.49939705568 84.2399978638 0.316278374606 -3.25 9.0 1.0 1.0 2.5 0.0 0.0 
129 35.6358515747 -2.94988794313 8.50085833121 5.49939705568 80.1600036621 0.316278374606 -3.25 9.0 1.0 1.0 2.5 0.0 0.0 
129 35.4494162106 -4.15576733389 8.50085833121 5.49939705568 86.1100006104 0.316278374606 -3.25 9.0 1.0 1.0 2.5 0.0 0.0 
129 35.4581906829 -4.78487016979 8.50085833121 5.49939705568 101.949996948 0.316278374606 -3.25 9.0 1.0 1.0 2.5 0.0 0.0 
129 35.7375324304 -5.48223624005 8.50085833121 5.49939705568 124.590000153 0.316278374606 -3.25 9.0 1.0 1.0 2.5 0.0 0.0 
129 36.5123947938 -6.36290735959 8.50085833121 5.49939705568 141.529998779 0.316278374606 -3.25 9.0 1.0 1.0 2.5 0.0 0.0 
129 37.6405987772 -7.09676246233 8.50085833121 5.49939705568 155.739999771 0.316278374606 -3.25 9.0 1.0 1.0 2.5 0.0 0.0 
129 38.9216146768 -7.53791276398 8.50085833121 5.49939705568 170.010000229 0.316278374606 -3.25 9.0 1.0 1.0 2.5 0.0 0.0 
129 40.3025612305 -7.73891904338 8.50085833121 5.49939705568 171.81000042 0.316278374606 -3.25 9.0 1.0 1.0 2.5 0.0 0.0 
129 41.8035153394 -7.98054151739 8.50085833121 5.49939705568 165.210000038 0.316278374606 -3.25 9.0 1.0 1.0 2.5 0.0 0.0 
129 43.4420505667 -8.44675789095 8.50085833121 5.49939705568 157.670000076 0.316278374606 -3.25 9.0 1.0 1.0 2.5 0.0 0.0 
129 44.6294387382 -8.9462339257 8.50085833121 5.49939705568 156.75 0.316278374606 -3.25 9.0 1.0 1.0 2.5 0.0 0.0 
129 46.6086353291 -9.73498169793 8.50085833121 5.49939705568 163.309999466 0.316278374606 -3.25 9.0 1.0 1.0 2.5 0.0 0.0 
129 48.3576251367 -10.1342219254 8.50085833121 5.49939705568 173.409999847 0.316278374606 -3.25 9.0 1.0 1.0 2.5 0.0 0.0 
129 50.8582750541 -10.3342637865 8.50085833121 5.49939705568 173.519999981 0.316278374606 -3.25 9.0 1.0 1.0 2.5 0.0 0.0 
129 51.9181619918 -10.4993096696 8.50085833121 5.49939705568 162.069999695 0.316278374606 -3.25 9.0 1.0 1.0 2.5 0.0 0.0 
129 53.7502290279 -11.213866659 8.50085833121 5.49939705568 149.569999695 0.316278374606 -3.25 9.0 1.0 1.0 2.5 0.0 0.0 
129 55.1479465992 -12.0971985935 8.50085833121 5.49939705568 148.129999161 0.316278374606 -3.25 9.0 1.0 1.0 2.5 0.0 0.0 
129 56.36546999 -12.8543192664 8.50085833121 5.49939705568 154.219999313 0.316278374606 -3.25 9.0 1.0 1.0 2.5 0.0 0.0 
129 56.6007097789 -12.9814598873 8.50085833121 5.49939705568 158.430000305 0.316278374606 -3.25 9.0 1.0 1.0 2.5 0.0 0.0 
129 56.7559065532 -13.0590158682 8.50085833121 5.49939705568 151.219999313 0.316278374606 -3.25 9.0 1.0 1.0 2.5 0.0 0.0 
129 56.8847355879 -13.1445470622 8.50085833121 5.49939705568 144.88999939 0.316278374606 -3.25 9.0 1.0 1.0 2.5 0.0 0.0 
129 57.003596332 -13.2281982768 8.50085833121 5.49939705568 144.229999542 0.316278374606 -3.25 9.0 1.0 1.0 2.5 0.0 0.0 
129 57.0149154849 -13.2363953899 8.50085833121 5.49939705568 143.869998932 0.316278374606 -3.25 9.0 1.0 1.0 2.5 0.0 0.0 
129 56.8391821551 -13.1073641361 8.50085833121 5.49939705568 141.799999237 0.316278374606 -3.25 9.0 1.0 1.0 2.5 0.0 0.0 
129 56.6298562072 -12.9380556519 8.50085833121 5.49939705568 140.209999084 0.316278374606 -3.25 9.0 1.0 1.0 2.5 0.0 0.0 
129 56.5033359011 -12.8277153631 8.50085833121 5.49939705568 149.579999924 0.316278374606 -3.25 9.0 1.0 1.0 2.5 0.0 0.0 
129 56.571628657 -12.8678145359 8.50085833121 5.49939705568 155.729999542 0.316278374606 -3.25 9.0 1.0 1.0 2.5 0.0 0.0 
129 57.4389084951 -13.1986644496 8.50085833121 5.49939705568 165.920000076 0.316278374606 -3.25 9.0 1.0 1.0 2.5 0.0 0.0 
129 57.5684948179 -13.233402169 8.50085833121 5.49939705568 162.729999542 0.316278374606 -3.25 9.0 1.0 1.0 2.5 0.0 0.0 
129 57.5664605419 -13.239513662 8.50085833121 5.49939705568 137.959999084 0.316278374606 -3.25 9.0 1.0 1.0 2.5 0.0 0.0 
129 57.8617023229 -13.6501903283 8.50085833121 5.49939705568 114.730003357 0.316278374606 -3.25 9.0 1.0 1.0 2.5 0.0 0.0 
129 58.0596207598 -14.1575153996 8.50085833121 5.49939705568 117.779998779 0.316278374606 -3.25 9.0 1.0 1.0 2.5 0.0 0.0 
129 58.2884479478 -14.58784622 8.50085833121 5.49939705568 126.169998169 0.316278374606 -3.25 9.0 1.0 1.0 2.5 0.0 0.0 
129 58.1484357425 -14.3924594246 8.50085833121 5.49939705568 127.430000305 0.316278374606 -3.25 9.0 1.0 1.0 2.5 0.0 0.0 
129 57.9380800382 -14.1474964025 8.50085833121 5.49939705568 138.209999084 0.316278374606 -3.25 9.0 1.0 1.0 2.5 0.0 0.0 
129 58.1132016462 -14.2350855865 8.50085833121 5.49939705568 154.420000076 0.316278374606 -3.25 9.0 1.0 1.0 2.5 0.0 0.0 
129 58.6605596006 -14.482375208 8.50085833121 5.49939705568 159.5 0.316278374606 -3.25 9.0 1.0 1.0 2.5 0.0 0.0 
129 58.9879524179 -14.6070168285 8.50085833121 5.49939705568 153.840000153 0.316278374606 -3.25 9.0 1.0 1.0 2.5 0.0 0.0 
129 59.5186378364 -14.8961387287 8.50085833121 5.49939705568 146.369998932 0.316278374606 -3.25 9.0 1.0 1.0 2.5 0.0 0.0 
129 59.8272935107 -15.125236896 8.50085833121 5.49939705568 136.880001068 0.316278374606 -3.25 9.0 1.0 1.0 2.5 0.0 0.0 
129 59.9976154931 -15.3086854332 8.50085833121 5.49939705568 126.560001373 0.316278374606 -3.25 9.0 1.0 1.0 2.5 0.0 0.0 
129 60.0574380883 -15.3930069561 8.50085833121 5.49939705568 120.479999542 0.316278374606 -3.25 9.0 1.0 1.0 2.5 0.0 0.0 
129 60.0569018909 -15.392238497 8.50085833121 5.49939705568 117.599998474 0.316278374606 -3.25 9.0 1.0 1.0 2.5 0.0 0.0 
129 60.0569018909 -15.392238497 8.50085833121 5.49939705568 117.590000153 0.316278374606 -3.25 9.0 1.0 1.0 2.5 0.0 0.0 
129 60.0569018909 -15.392238497 8.50085833121 5.49939705568 117.590000153 0.316278374606 -3.25 9.0 1.0 1.0 2.5 0.0 0.0 
129 60.0569018909 -15.392238497 8.50085833121 5.49939705568 117.599998474 0.316278374606 -3.25 9.0 1.0 1.0 2.5 0.0 0.0 
129 60.0569018909 -15.392238497 8.50085833121 5.49939705568 117.61000061 0.316278374606 -3.25 9.0 1.0 1.0 2.5 0.0 0.0 
129 60.0491269046 -15.3773789549 8.50085833121 5.49939705568 117.590000153 0.316278374606 -3.25 9.0 1.0 1.0 2.5 0.0 0.0 
129 60.0392021425 -15.3583865633 8.50085833121 5.49939705568 116.930000305 0.316278374606 -3.25 9.0 1.0 1.0 2.5 0.0 0.0 
129 59.9579911221 -15.2000425599 8.50085833121 5.49939705568 119.959999084 0.316278374606 -3.25 9.0 1.0 1.0 2.5 0.0 0.0 
129 59.6124956518 -14.6854155141 8.50085833121 5.49939705568 134.779998779 0.316278374606 -3.25 9.0 1.0 1.0 2.5 0.0 0.0 
129 59.3685115233 -14.4640756914 8.50085833121 5.49939705568 146.729999542 0.316278374606 -3.25 9.0 1.0 1.0 2.5 0.0 0.0 
129 58.7949713709 -14.2245745737 8.50085833121 5.49939705568 176.660000086 0.316278374606 -3.25 9.0 1.0 1.0 2.5 0.0 0.0 
129 58.2129853373 -14.310743449 8.50085833121 5.49939705568 208.079999924 0.316278374606 -3.25 9.0 1.0 1.0 2.5 0.0 0.0 
129 57.8938229552 -14.5506070402 8.50085833121 5.49939705568 238.119998932 0.316278374606 -3.25 9.0 1.0 1.0 2.5 0.0 0.0 
129 57.8648663973 -14.5953768382 8.50085833121 5.49939705568 250.529998779 0.316278374606 -3.25 9.0 1.0 1.0 2.5 0.0 0.0 
129 57.9577117 -14.3556417408 8.50085833121 5.49939705568 244.440002441 0.316278374606 -3.25 9.0 1.0 1.0 2.5 0.0 0.0 
129 58.2040849403 -13.9958968324 8.50085833121 5.49939705568 219.680000305 0.316278374606 -3.25 9.0 1.0 1.0 2.5 0.0 0.0 
129 58.2591945438 -13.9499519548 8.50085833121 5.49939705568 210.090000153 0.316278374606 -3.25 9.0 1.0 1.0 2.5 0.0 0.0 
129 58.1077125722 -14.0217681345 8.50085833121 5.49939705568 204.209999084 0.316278374606 -3.25 9.0 1.0 1.0 2.5 0.0 0.0 
129 57.8089759075 -14.1635158956 8.50085833121 5.49939705568 210.25 0.316278374606 -3.25 9.0 1.0 1.0 2.5 0.0 0.0 
129 57.5570608706 -14.310428403 8.50085833121 5.49939705568 218.119998932 0.316278374606 -3.25 9.0 1.0 1.0 2.5 0.0 0.0 
129 56.8320958784 -14.9372097854 8.50085833121 5.49939705568 217.009998322 0.316278374606 -3.25 9.0 1.0 1.0 2.5 0.0 0.0 
129 56.7590703114 -14.98523864 8.50085833121 5.49939705568 203.430000305 0.316278374606 -3.25 9.0 1.0 1.0 2.5 0.0 0.0 
129 56.2556075361 -15.1749925601 8.50085833121 5.49939705568 187.550000191 0.316278374606 -3.25 9.0 1.0 1.0 2.5 0.0 0.0 
129 55.3803140179 -15.2527967204 8.50085833121 5.49939705568 171.0 0.316278374606 -3.25 9.0 1.0 1.0 2.5 0.0 0.0 
129 54.841456116 -15.1874205812 8.50085833121 5.49939705568 162.020000458 0.316278374606 -3.25 9.0 1.0 1.0 2.5 0.0 0.0 
129 53.7197859911 -14.6820775276 8.50085833121 5.49939705568 137.279998779 0.316278374606 -3.25 9.0 1.0 1.0 2.5 0.0 0.0 
129 52.7255848554 -13.657683362 8.50085833121 5.49939705568 115.720001221 0.316278374606 -3.25 9.0 1.0 1.0 2.5 0.0 0.0 
129 52.239705367 -12.4375651112 8.50085833121 5.49939705568 89.4199981689 0.316278374606 -3.25 9.0 1.0 1.0 2.5 0.0 0.0 
129 52.2450307567 -12.125094991 8.50085833121 5.49939705568 81.1699981689 0.316278374606 -3.25 9.0 1.0 1.0 2.5 0.0 0.0 
129 52.2730379629 -11.9201759356 8.50085833121 5.49939705568 85.0800018311 0.316278374606 -3.25 9.0 1.0 1.0 2.5 0.0 0.0 
129 52.2899378485 -11.5994095746 8.50085833121 5.49939705568 96.0899963379 0.316278374606 -3.25 9.0 1.0 1.0 2.5 0.0 0.0 
129 52.2680129347 -11.3199582676 8.50085833121 5.49939705568 108.919998169 0.316278374606 -3.25 9.0 1.0 1.0 2.5 0.0 0.0 
129 51.9339350119 -10.3995245421 8.50085833121 5.49939705568 117.040000916 0.316278374606 -3.25 9.0 1.0 1.0 2.5 0.0 0.0 
129 51.2779468139 -9.32655456461 8.50085833121 5.49939705568 136.060001373 0.316278374606 -3.25 9.0 1.0 1.0 2.5 0.0 0.0 
129 50.703609339 -8.84930482515 8.50085833121 5.49939705568 149.420000076 0.316278374606 -3.25 9.0 1.0 1.0 2.5 0.0 0.0 
129 50.3170147078 -8.64057485823 8.50085833121 5.49939705568 159.530000687 0.316278374606 -3.25 9.0 1.0 1.0 2.5 0.0 0.0 
129 50.0849221839 -8.55928721597 8.50085833121 5.49939705568 167.81000042 0.316278374606 -3.25 9.0 1.0 1.0 2.5 0.0 0.0 
129 50.0330855479 -8.54775301419 8.50085833121 5.49939705568 165.609999657 0.316278374606 -3.25 9.0 1.0 1.0 2.5 0.0 0.0 
129 50.0348909814 -8.5482142203 8.50085833121 5.49939705568 165.670000076 0.316278374606 -3.25 9.0 1.0 1.0 2.5 0.0 0.0 
129 49.9735071275 -8.53252974644 8.50085833121 5.49939705568 166.300000191 0.316278374606 -3.25 9.0 1.0 1.0 2.5 0.0 0.0 
129 49.1482402924 -8.3425582989 8.50085833121 5.49939705568 170.899999619 0.316278374606 -3.25 9.0 1.0 1.0 2.5 0.0 0.0 
129 48.2249591929 -8.21537568016 8.50085833121 5.49939705568 180.49000001 0.316278374606 -3.25 9.0 1.0 1.0 2.5 0.0 0.0 
129 47.0995523528 -8.25995819895 8.50085833121 5.49939705568 187.610000134 0.316278374606 -3.25 9.0 1.0 1.0 2.5 0.0 0.0 
129 45.8226617797 -8.38992786996 8.50085833121 5.49939705568 178.840000033 0.316278374606 -3.25 9.0 1.0 1.0 2.5 0.0 0.0 
129 45.121233923 -8.35596976902 8.50085833121 5.49939705568 168.630000114 0.316278374606 -3.25 9.0 1.0 1.0 2.5 0.0 0.0 
129 43.5754014681 -8.00161478415 8.50085833121 5.49939705568 159.309999466 0.316278374606 -3.25 9.0 1.0 1.0 2.5 0.0 0.0 
129 42.047231304 -7.35393978957 8.50085833121 5.49939705568 156.180000305 0.316278374606 -3.25 9.0 1.0 1.0 2.5 0.0 0.0 
129 40.4777540545 -6.68892216877 8.50085833121 5.49939705568 163.75 0.316278374606 -3.25 9.0 1.0 1.0 2.5 0.0 0.0 
129 39.6552913312 -6.42904820361 8.50085833121 5.49939705568 170.069999695 0.316278374606 -3.25 9.0 1.0 1.0 2.5 0.0 0.0 
129 37.947876608 -6.19173836042 8.50085833121 5.49939705568 186.800000191 0.316278374606 -3.25 9.0 1.0 1.0 2.5 0.0 0.0 
129 36.5183876215 -6.37734058225 8.50085833121 5.49939705568 195.510000229 0.316278374606 -3.25 9.0 1.0 1.0 2.5 0.0 0.0 
129 35.9697174509 -6.52910220594 8.50085833121 5.49939705568 195.479999542 0.316278374606 -3.25 9.0 1.0 1.0 2.5 0.0 0.0 
129 34.1863808998 -7.03624742291 8.50085833121 5.49939705568 195.989999771 0.316278374606 -3.25 9.0 1.0 1.0 2.5 0.0 0.0 
129 33.012946985 -7.36832484837 8.50085833121 5.49939705568 195.420000076 0.316278374606 -3.25 9.0 1.0 1.0 2.5 0.0 0.0 
129 31.8604234344 -7.69920424577 8.50085833121 5.49939705568 196.340000153 0.316278374606 -3.25 9.0 1.0 1.0 2.5 0.0 0.0 
129 30.7176801632 -8.05871370127 8.50085833121 5.49939705568 200.299999237 0.316278374606 -3.25 9.0 1.0 1.0 2.5 0.0 0.0 
129 29.4059137777 -8.56450150544 8.50085833121 5.49939705568 200.86000061 0.316278374606 -3.25 9.0 1.0 1.0 2.5 0.0 0.0 
129 28.7247711748 -8.825747844 8.50085833121 5.49939705568 200.870000839 0.316278374606 -3.25 9.0 1.0 1.0 2.5 0.0 0.0 
129 27.590083859 -9.26254666557 8.50085833121 5.49939705568 201.530000687 0.316278374606 -3.25 9.0 1.0 1.0 2.5 0.0 0.0 
129 26.8300344852 -9.55729730012 8.50085833121 5.49939705568 197.709999084 0.316278374606 -3.25 9.0 1.0 1.0 2.5 0.0 0.0 
129 26.3849961227 -9.6941809974 8.50085833121 5.49939705568 192.180000305 0.316278374606 -3.25 9.0 1.0 1.0 2.5 0.0 0.0 
129 26.0360106 -9.75027654181 8.50085833121 5.49939705568 178.139999986 0.316278374606 -3.25 9.0 1.0 1.0 2.5 0.0 0.0 
129 25.922375106 -9.74857969089 8.50085833121 5.49939705568 174.210000038 0.316278374606 -3.25 9.0 1.0 1.0 2.5 0.0 0.0 
129 25.818062608 -9.73466018573 8.50085833121 5.49939705568 169.180000305 0.316278374606 -3.25 9.0 1.0 1.0 2.5 0.0 0.0 
129 25.4942092182 -9.6631519505 8.50085833121 5.49939705568 166.390000343 0.316278374606 -3.25 9.0 1.0 1.0 2.5 0.0 0.0 
129 25.1594045034 -9.58103223456 8.50085833121 5.49939705568 165.239999771 0.316278374606 -3.25 9.0 1.0 1.0 2.5 0.0 0.0 
129 24.5218310758 -9.40475609179 8.50085833121 5.49939705568 163.63999939 0.316278374606 -3.25 9.0 1.0 1.0 2.5 0.0 0.0 
129 23.5251095551 -9.1086849216 8.50085833121 5.49939705568 163.030000687 0.316278374606 -3.25 9.0 1.0 1.0 2.5 0.0 0.0 
129 22.3276086112 -8.74580244244 8.50085833121 5.49939705568 164.159999847 0.316278374606 -3.25 9.0 1.0 1.0 2.5 0.0 0.0 
129 21.6946908609 -8.56328006377 8.50085833121 5.49939705568 165.289999962 0.316278374606 -3.25 9.0 1.0 1.0 2.5 0.0 0.0 
129 20.681325805 -8.3030513879 8.50085833121 5.49939705568 167.579999924 0.316278374606 -3.25 9.0 1.0 1.0 2.5 0.0 0.0 
129 20.5888195727 -8.28128960065 8.50085833121 5.49939705568 172.050000191 0.316278374606 -3.25 9.0 1.0 1.0 2.5 0.0 0.0 
129 20.8030271169 -8.30065151573 8.50085833121 5.49939705568 181.970000029 0.316278374606 -3.25 9.0 1.0 1.0 2.5 0.0 0.0 
129 22.0418741644 -8.17720911386 8.50085833121 5.49939705568 194.079999924 0.316278374606 -3.25 9.0 1.0 1.0 2.5 0.0 0.0 
129 23.2656143866 -7.80123227187 8.50085833121 5.49939705568 201.809999466 0.316278374606 -3.25 9.0 1.0 1.0 2.5 0.0 0.0 
129 24.5757606805 -7.18815250158 8.50085833121 5.49939705568 214.509998322 0.316278374606 -3.25 9.0 1.0 1.0 2.5 0.0 0.0 
129 25.2197139861 -6.77067909427 8.50085833121 5.49939705568 221.439998627 0.316278374606 -3.25 9.0 1.0 1.0 2.5 0.0 0.0 
129 26.4193998962 -5.64094889379 8.50085833121 5.49939705568 235.669998169 0.316278374606 -3.25 9.0 1.0 1.0 2.5 0.0 0.0 
129 27.3822474727 -4.12837971631 8.50085833121 5.49939705568 248.720001221 0.316278374606 -3.25 9.0 1.0 1.0 2.5 0.0 0.0 
129 27.9912980813 -2.44529023721 8.50085833121 5.49939705568 260.510002136 0.316278374606 -3.25 9.0 1.0 1.0 2.5 0.0 0.0 
129 28.2444685063 -0.577674688669 8.50085833121 5.49939705568 270.680000305 0.316278374606 -3.25 9.0 1.0 1.0 2.5 0.0 0.0 
129 28.0613941453 1.33497436192 8.50085833121 5.49939705568 285.349998474 0.316278374606 -3.25 9.0 1.0 1.0 2.5 0.0 0.0 
129 27.5083922442 3.18971684315 8.50085833121 5.49939705568 295.760002136 0.316278374606 -3.25 9.0 1.0 1.0 2.5 0.0 0.0 
129 27.0913230293 4.05400520547 8.50085833121 5.49939705568 298.580001831 0.316278374606 -3.25 9.0 1.0 1.0 2.5 0.0 0.0 
129 26.0620557189 5.62190099431 8.50085833121 5.49939705568 315.570007324 0.316278374606 -3.25 9.0 1.0 1.0 2.5 0.0 0.0 
129 24.7079563436 6.86292356421 8.50085833121 5.49939705568 331.649993896 0.316278374606 -3.25 9.0 1.0 1.0 2.5 0.0 0.0 
129 23.8717826764 7.35492041924 8.50085833121 5.49939705568 339.970001221 0.316278374606 -3.25 9.0 1.0 1.0 2.5 0.0 0.0 
129 21.9958077143 7.97795968867 8.50085833121 5.49939705568 352.300003052 0.316278374606 -3.25 9.0 1.0 1.0 2.5 0.0 0.0 
129 19.9637999718 8.21487167683 8.50085833121 5.49939705568 0.339996337891 0.316278374606 -3.25 9.0 1.0 1.0 2.5 0.0 0.0 
129 17.8827114361 8.17868609614 8.50085833121 5.49939705568 6.08999633789 0.316278374606 -3.25 9.0 1.0 1.0 2.5 0.0 0.0 
129 15.8750617025 7.92711297962 8.50085833121 5.49939705568 15.4499969482 0.316278374606 -3.25 9.0 1.0 1.0 2.5 0.0 0.0 
129 14.0135312615 7.35240345195 8.50085833121 5.49939705568 29.3500061035 0.316278374606 -3.25 9.0 1.0 1.0 2.5 0.0 0.0 
129 13.3695474264 7.02252147378 8.50085833121 5.49939705568 37.5800018311 0.316278374606 -3.25 9.0 1.0 1.0 2.5 0.0 0.0 
129 12.9098790207 6.64470226245 8.50085833121 5.49939705568 53.7399978638 0.316278374606 -3.25 9.0 1.0 1.0 2.5 0.0 0.0 
129 12.8082389317 6.49417752724 8.50085833121 5.49939705568 59.7699966431 0.316278374606 -3.25 9.0 1.0 1.0 2.5 0.0 0.0 
129 12.5692746 6.02060781828 8.50085833121 5.49939705568 76.7600021362 0.316278374606 -3.25 9.0 1.0 1.0 2.5 0.0 0.0 
129 12.5058474065 5.69338255126 8.50085833121 5.49939705568 102.680000305 0.316278374606 -3.25 9.0 1.0 1.0 2.5 0.0 0.0 
129 12.5937397981 5.39282524952 8.50085833121 5.49939705568 129.869998932 0.316278374606 -3.25 9.0 1.0 1.0 2.5 0.0 0.0 
129 12.9950001711 4.99595405673 8.50085833121 5.49939705568 153.819999695 0.316278374606 -3.25 9.0 1.0 1.0 2.5 0.0 0.0 
129 13.6657623207 4.69216994093 8.50085833121 5.49939705568 169.760000229 0.316278374606 -3.25 9.0 1.0 1.0 2.5 0.0 0.0 
129 14.1304441286 4.60357027408 8.50085833121 5.49939705568 166.079999924 0.316278374606 -3.25 9.0 1.0 1.0 2.5 0.0 0.0 
129 14.6285886527 4.3974942957 8.50085833121 5.49939705568 143.869998932 0.316278374606 -3.25 9.0 1.0 1.0 2.5 0.0 0.0 
129 15.0024087583 4.12148460333 8.50085833121 5.49939705568 140.340000153 0.316278374606 -3.25 9.0 1.0 1.0 2.5 0.0 0.0 
129 15.2893406962 3.87369451278 8.50085833121 5.49939705568 133.729999542 0.316278374606 -3.25 9.0 1.0 1.0 2.5 0.0 0.0 
130 15.411174027 3.71013529927 8.50085833121 5.49939705568 114.61000061 0.316278374606 -3.25 9.0 1.0 1.0 2.5 0.0 0.0 
130 15.49598707 3.47464391599 8.50085833121 5.49939705568 105.150001526 0.229832228548 0.9375 9.0 1.0 1.0 2.5 0.0 0.0 
130 15.5332274082 3.33805521206 8.50085833121 5.49939705568 114.459999084 0.229832228548 0.9375 9.0 1.0 1.0 2.5 0.0 0.0 
130 15.5712076472 3.26337698258 8.50085833121 5.49939705568 122.619998932 0.229832228548 0.9375 9.0 1.0 1.0 2.5 0.0 0.0 
130 15.6554973649 3.13374067536 8.50085833121 5.49939705568 125.169998169 0.229832228548 0.9375 9.0 1.0 1.0 2.5 0.0 0.0 
130 15.6910714993 3.08358363604 8.50085833121 5.49939705568 125.479999542 0.229832228548 0.9375 9.0 1.0 1.0 2.5 0.0 0.0 
130 15.6749104178 3.10638905178 8.50085833121 5.49939705568 125.090000153 0.229832228548 0.9375 9.0 1.0 1.0 2.5 0.0 0.0 
130 15.6690068219 3.114766678 8.50085833121 5.49939705568 124.880001068 0.229832228548 0.9375 9.0 1.0 1.0 2.5 0.0 0.0 
130 15.6690068219 3.114766678 8.50085833121 5.49939705568 124.959999084 0.229832228548 0.9375 9.0 1.0 1.0 2.5 0.0 0.0 
130 15.6690068219 3.114766678 8.50085833121 5.49939705568 124.959999084 0.229832228548 0.9375 9.0 1.0 1.0 2.5 0.0 0.0 
130 15.6690068219 3.114766678 8.50085833121 5.49939705568 124.959999084 0.229832228548 0.9375 9.0 1.0 1.0 2.5 0.0 0.0 
130 15.611340312 3.19722760242 8.50085833121 5.49939705568 124.970001221 0.229832228548 0.9375 9.0 1.0 1.0 2.5 0.0 0.0 
135 14.9042819502 4.23510401016 8.50085833121 5.49939705568 123.270000458 0.172200976909 -1.3125 9.0 1.0 1.0 2.5 0.0 0.0 
142 14.4684301815 4.86686049365 8.50085833121 5.49939705568 132.430000305 0.244044755274 -2.40625 9.0 1.0 1.0 2.5 0.0 0.0 
142 14.4257915672 4.93040377269 8.50085833121 5.49939705568 144.590000153 0.244044755274 -2.40625 9.0 1.0 1.0 2.5 0.0 0.0 
142 14.8603620937 4.68826994791 8.50085833121 5.49939705568 161.540000916 0.244044755274 -2.40625 9.0 1.0 1.0 2.5 0.0 0.0 
142 15.7297295212 4.43572479932 8.50085833121 5.49939705568 176.660000086 0.244044755274 -2.40625 9.0 1.0 1.0 2.5 0.0 0.0 
142 16.3245804508 4.42283923796 8.50085833121 5.49939705568 184.440000057 0.244044755274 -2.40625 9.0 1.0 1.0 2.5 0.0 0.0 
142 17.7070468134 4.6420141966 8.50085833121 5.49939705568 188.130000114 0.244044755274 -2.40625 9.0 1.0 1.0 2.5 0.0 0.0 
142 17.9920701893 4.6740562031 8.50085833121 5.49939705568 179.859999999 0.244044755274 -2.40625 9.0 1.0 1.0 2.5 0.0 0.0 
142 18.5558632054 4.56913633377 8.50085833121 5.49939705568 154.549999237 0.244044755274 -2.40625 9.0 1.0 1.0 2.5 0.0 0.0 
142 19.372158257 4.05709949298 8.50085833121 5.49939705568 166.630000114 0.244044755274 -2.40625 9.0 1.0 1.0 2.5 0.0 0.0 
142 20.2223589378 3.89160587003 8.50085833121 5.49939705568 187.449999809 0.244044755274 -2.40625 9.0 1.0 1.0 2.5 0.0 0.0 
142 20.9568166783 3.97120938995 8.50085833121 5.49939705568 182.890000105 0.244044755274 -2.40625 9.0 1.0 1.0 2.5 0.0 0.0 
142 21.5849758359 3.9914383894 8.50085833121 5.49939705568 170.170000076 0.244044755274 -2.40625 9.0 1.0 1.0 2.5 0.0 0.0 
142 21.9761333178 3.93855298577 8.50085833121 5.49939705568 159.709999084 0.244044755274 -2.40625 9.0 1.0 1.0 2.5 0.0 0.0 
142 23.5347929146 3.12855880286 8.50085833121 5.49939705568 137.689998627 0.244044755274 -2.40625 9.0 1.0 1.0 2.5 0.0 0.0 
142 24.0858977368 2.60374489796 8.50085833121 5.49939705568 132.849998474 0.244044755274 -2.40625 9.0 1.0 1.0 2.5 0.0 0.0 
142 25.1679116687 1.30691265099 8.50085833121 5.49939705568 125.580001831 0.244044755274 -2.40625 9.0 1.0 1.0 2.5 0.0 0.0 
142 26.1231985881 -0.139394174014 8.50085833121 5.49939705568 120.659999847 0.244044755274 -2.40625 9.0 1.0 1.0 2.5 0.0 0.0 
142 26.5948100383 -0.946142316668 8.50085833121 5.49939705568 119.330001831 0.244044755274 -2.40625 9.0 1.0 1.0 2.5 0.0 0.0 
142 27.5413852933 -2.69131988315 8.50085833121 5.49939705568 117.409999847 0.244044755274 -2.40625 9.0 1.0 1.0 2.5 0.0 0.0 
142 27.9977141237 -3.57662248283 8.50085833121 5.49939705568 117.020000458 0.244044755274 -2.40625 9.0 1.0 1.0 2.5 0.0 0.0 
142 28.877992567 -5.26740003149 8.50085833121 5.49939705568 119.279998779 0.244044755274 -2.40625 9.0 1.0 1.0 2.5 0.0 0.0 
142 29.7518635257 -6.7656589872 8.50085833121 5.49939705568 125.930000305 0.244044755274 -2.40625 9.0 1.0 1.0 2.5 0.0 0.0 
142 30.8427501022 -8.19647653915 8.50085833121 5.49939705568 135.319999695 0.244044755274 -2.40625 9.0 1.0 1.0 2.5 0.0 0.0 
142 32.2120832604 -9.51423685759 8.50085833121 5.49939705568 141.439998627 0.244044755274 -2.40625 9.0 1.0 1.0 2.5 0.0 0.0 
142 33.7341957289 -10.6656171732 8.50085833121 5.49939705568 147.619998932 0.244044755274 -2.40625 9.0 1.0 1.0 2.5 0.0 0.0 
142 34.5676324822 -11.1722107988 8.50085833121 5.49939705568 152.129999161 0.244044755274 -2.40625 9.0 1.0 1.0 2.5 0.0 0.0 
142 37.3434698462 -12.2371269228 8.50085833121 5.49939705568 168.529999733 0.244044755274 -2.40625 9.0 1.0 1.0 2.5 0.0 0.0 
142 39.9560386237 -12.5794520706 8.50085833121 5.49939705568 177.210000038 0.244044755274 -2.40625 9.0 1.0 1.0 2.5 0.0 0.0 
142 42.6504892 -12.625709254 8.50085833121 5.49939705568 181.190000057 0.244044755274 -2.40625 9.0 1.0 1.0 2.5 0.0 0.0 
142 44.8229661333 -12.5966604736 8.50085833121 5.49939705568 177.289999962 0.244044755274 -2.40625 9.0 1.0 1.0 2.5 0.0 0.0 
142 45.9244363291 -12.6343419117 8.50085833121 5.49939705568 174.489999771 0.244044755274 -2.40625 9.0 1.0 1.0 2.5 0.0 0.0 
142 48.1213624764 -12.8444779172 8.50085833121 5.49939705568 171.270000458 0.244044755274 -2.40625 9.0 1.0 1.0 2.5 0.0 0.0 
142 50.3295927053 -13.2050879896 8.50085833121 5.49939705568 166.880000114 0.244044755274 -2.40625 9.0 1.0 1.0 2.5 0.0 0.0 
142 52.3581863886 -13.7150602626 8.50085833121 5.49939705568 162.399999619 0.244044755274 -2.40625 9.0 1.0 1.0 2.5 0.0 0.0 
142 54.2677621959 -14.43459437 8.50085833121 5.49939705568 154.100000381 0.244044755274 -2.40625 9.0 1.0 1.0 2.5 0.0 0.0 
142 56.0469870497 -15.3985100715 8.50085833121 5.49939705568 146.979999542 0.244044755274 -2.40625 9.0 1.0 1.0 2.5 0.0 0.0 
142 57.5375059132 -17.5477361461 8.50085833121 5.49939705568 89.7399978638 0.244044755274 -2.40625 9.0 1.0 1.0 2.5 0.0 0.0 
142 57.5283079453 -18.1181808364 8.50085833121 5.49939705568 80.1600036621 0.244044755274 -2.40625 9.0 1.0 1.0 2.5 0.0 0.0 
142 57.4962431215 -18.3140008658 8.50085833121 5.49939705568 82.1999969482 0.244044755274 -2.40625 9.0 1.0 1.0 2.5 0.0 0.0 
142 57.4860902123 -18.4243660825 8.50085833121 5.49939705568 89.0999984741 0.244044755274 -2.40625 9.0 1.0 1.0 2.5 0.0 0.0 
142 57.4865637334 -18.5389037411 8.50085833121 5.49939705568 99.5999984741 0.244044755274 -2.40625 9.0 1.0 1.0 2.5 0.0 0.0 
142 57.5133379853 -18.6665757759 8.50085833121 5.49939705568 110.300003052 0.244044755274 -2.40625 9.0 1.0 1.0 2.5 0.0 0.0 
142 57.6591380926 -19.0086636395 8.50085833121 5.49939705568 117.189998627 0.244044755274 -2.40625 9.0 1.0 1.0 2.5 0.0 0.0 
142 57.7695512212 -19.2304845452 8.50085833121 5.49939705568 114.699996948 0.244044755274 -2.40625 9.0 1.0 1.0 2.5 0.0 0.0 
142 57.7699523878 -19.2313256127 8.50085833121 5.49939705568 114.730003357 0.244044755274 -2.40625 9.0 1.0 1.0 2.5 0.0 0.0 
142 57.7699523878 -19.2313256127 8.50085833121 5.49939705568 114.739997864 0.244044755274 -2.40625 9.0 1.0 1.0 2.5 0.0 0.0 
142 57.7699523878 -19.2313256127 8.50085833121 5.49939705568 114.730003357 0.244044755274 -2.40625 9.0 1.0 1.0 2.5 0.0 0.0 
142 57.7699523878 -19.2313256127 8.50085833121 5.49939705568 114.739997864 0.244044755274 -2.40625 9.0 1.0 1.0 2.5 0.0 0.0 
142 57.7457693771 -19.1788654993 8.50085833121 5.49939705568 115.180000305 0.244044755274 -2.40625 9.0 1.0 1.0 2.5 0.0 0.0 
142 57.6463800408 -18.9817337556 8.50085833121 5.49939705568 121.63999939 0.244044755274 -2.40625 9.0 1.0 1.0 2.5 0.0 0.0 
142 57.2688603121 -18.401120626 8.50085833121 5.49939705568 131.569999695 0.244044755274 -2.40625 9.0 1.0 1.0 2.5 0.0 0.0 
142 56.8025949686 -17.858596005 8.50085833121 5.49939705568 137.669998169 0.244044755274 -2.40625 9.0 1.0 1.0 2.5 0.0 0.0 
142 55.5252815271 -16.9568779339 8.50085833121 5.49939705568 154.559999466 0.244044755274 -2.40625 9.0 1.0 1.0 2.5 0.0 0.0 
142 54.0674743882 -16.3986963898 8.50085833121 5.49939705568 165.539999962 0.244044755274 -2.40625 9.0 1.0 1.0 2.5 0.0 0.0 
142 52.4093908332 -16.0627292467 8.50085833121 5.49939705568 172.210000038 0.244044755274 -2.40625 9.0 1.0 1.0 2.5 0.0 0.0 
142 51.5205981875 -15.9471078138 8.50085833121 5.49939705568 173.690000057 0.244044755274 -2.40625 9.0 1.0 1.0 2.5 0.0 0.0 
142 49.7283039953 -15.743909207 8.50085833121 5.49939705568 171.680000305 0.244044755274 -2.40625 9.0 1.0 1.0 2.5 0.0 0.0 
142 47.8100327951 -15.435444279 8.50085833121 5.49939705568 165.539999962 0.244044755274 -2.40625 9.0 1.0 1.0 2.5 0.0 0.0 
142 45.8280488343 -14.8980753855 8.50085833121 5.49939705568 160.290000916 0.244044755274 -2.40625 9.0 1.0 1.0 2.5 0.0 0.0 
142 44.8317578506 -14.5521438056 8.50085833121 5.49939705568 158.520000458 0.244044755274 -2.40625 9.0 1.0 1.0 2.5 0.0 0.0 
142 42.8406996137 -13.7577768637 8.50085833121 5.49939705568 156.719999313 0.244044755274 -2.40625 9.0 1.0 1.0 2.5 0.0 0.0 
142 40.8359966939 -12.8984544806 8.50085833121 5.49939705568 157.340000153 0.244044755274 -2.40625 9.0 1.0 1.0 2.5 0.0 0.0 
142 38.8008465234 -12.0712677433 8.50085833121 5.49939705568 159.899999619 0.244044755274 -2.40625 9.0 1.0 1.0 2.5 0.0 0.0 
142 35.6047073099 -11.1185451072 8.50085833121 5.49939705568 168.880000114 0.244044755274 -2.40625 9.0 1.0 1.0 2.5 0.0 0.0 
142 34.5001344242 -10.9182661369 8.50085833121 5.49939705568 172.309999943 0.244044755274 -2.40625 9.0 1.0 1.0 2.5 0.0 0.0 
142 32.2377262424 -10.720355883 8.50085833121 5.49939705568 184.179999828 0.244044755274 -2.40625 9.0 1.0 1.0 2.5 0.0 0.0 
142 29.9238370146 -10.7956736217 8.50085833121 5.49939705568 186.940000057 0.244044755274 -2.40625 9.0 1.0 1.0 2.5 0.0 0.0 
142 27.5940465692 -11.1031917389 8.50085833121 5.49939705568 191.510000229 0.244044755274 -2.40625 9.0 1.0 1.0 2.5 0.0 0.0 
142 25.2648387273 -11.5971120394 8.50085833121 5.49939705568 195.079999924 0.244044755274 -2.40625 9.0 1.0 1.0 2.5 0.0 0.0 
142 22.9693967387 -12.2303531523 8.50085833121 5.49939705568 197.590000153 0.244044755274 -2.40625 9.0 1.0 1.0 2.5 0.0 0.0 
142 20.7073630334 -12.9688525829 8.50085833121 5.49939705568 198.670000076 0.244044755274 -2.40625 9.0 1.0 1.0 2.5 0.0 0.0 
142 20.1618683988 -13.1531740434 8.50085833121 5.49939705568 198.489999771 0.244044755274 -2.40625 9.0 1.0 1.0 2.5 0.0 0.0 
142 17.3562830531 -14.0729266002 8.50085833121 5.49939705568 197.270000458 0.244044755274 -2.40625 9.0 1.0 1.0 2.5 0.0 0.0 
142 15.7959880961 -14.5556483985 8.50085833121 5.49939705568 199.13999939 0.244044755274 -2.40625 9.0 1.0 1.0 2.5 0.0 0.0 
142 15.2453030168 -14.7584755285 8.50085833121 5.49939705568 205.0 0.244044755274 -2.40625 9.0 1.0 1.0 2.5 0.0 0.0 
142 14.9735556185 -14.8945924607 8.50085833121 5.49939705568 225.369998932 0.244044755274 -2.40625 9.0 1.0 1.0 2.5 0.0 0.0 
142 15.0883255959 -14.7277040872 8.50085833121 5.49939705568 246.86000061 0.244044755274 -2.40625 9.0 1.0 1.0 2.5 0.0 0.0 
142 15.3328821622 -14.0786639869 8.50085833121 5.49939705568 259.169998169 0.244044755274 -2.40625 9.0 1.0 1.0 2.5 0.0 0.0 
142 15.3717633844 -13.9145686915 8.50085833121 5.49939705568 261.330001831 0.244044755274 -2.40625 9.0 1.0 1.0 2.5 0.0 0.0 
142 15.4515670721 -13.3203514167 8.50085833121 5.49939705568 265.930000305 0.244044755274 -2.40625 9.0 1.0 1.0 2.5 0.0 0.0 
142 15.457559417 -13.2357782331 8.50085833121 5.49939705568 264.069999695 0.244044755274 -2.40625 9.0 1.0 1.0 2.5 0.0 0.0 
142 15.4461173092 -13.3150351403 8.50085833121 5.49939705568 255.36000061 0.244044755274 -2.40625 9.0 1.0 1.0 2.5 0.0 0.0 
142 15.3483713307 -13.5337818896 8.50085833121 5.49939705568 233.560001373 0.244044755274 -2.40625 9.0 1.0 1.0 2.5 0.0 0.0 
142 15.2808576173 -13.6156289765 8.50085833121 5.49939705568 225.340000153 0.244044755274 -2.40625 9.0 1.0 1.0 2.5 0.0 0.0 
142 15.331549547 -13.564863228 8.50085833121 5.49939705568 225.119998932 0.244044755274 -2.40625 9.0 1.0 1.0 2.5 0.0 0.0 
142 15.4885636132 -13.4004670112 8.50085833121 5.49939705568 227.240001678 0.244044755274 -2.40625 9.0 1.0 1.0 2.5 0.0 0.0 
142 15.9492377151 -12.8912849572 8.50085833121 5.49939705568 228.799999237 0.244044755274 -2.40625 9.0 1.0 1.0 2.5 0.0 0.0 
144 16.3029146217 -12.4729773344 8.50085833121 5.49939705568 232.029998779 0.562401588332 1.4375 9.0 1.0 1.0 2.5 0.0 0.0 
149 16.4463382211 -12.2859227718 8.50085833121 5.49939705568 235.040000916 0.454320227616 0.15625 9.0 1.0 1.0 2.5 0.0 0.0 
154 16.6937907325 -11.9326027429 8.50085833121 5.49939705568 236.680000305 0.419768083432 -0.65625 9.0 1.0 1.0 2.5 0.0 0.0 
161 17.3340090395 -10.9441849836 8.50085833121 5.49939705568 237.799999237 0.361144997911 -1.171875 9.0 1.0 1.0 2.5 0.0 0.0 
170 17.6443014201 -10.4470318889 8.50085833121 5.49939705568 238.459999084 0.274146539567 -1.65625 9.0 1.0 1.0 2.5 0.0 0.0 
177 17.9153693737 -10.0023096015 8.50085833121 5.49939705568 238.830001831 0.229174624257 -2.03125 9.0 1.0 1.0 2.5 0.0 0.0 
177 18.1207442535 -9.66266862571 8.50085833121 5.49939705568 238.840000153 0.229174624257 -2.03125 9.0 1.0 1.0 2.5 0.0 0.0 
177 18.2971804996 -9.37194642207 8.50085833121 5.49939705568 238.590000153 0.229174624257 -2.03125 9.0 1.0 1.0 2.5 0.0 0.0 
177 18.2838090372 -9.3932559494 8.50085833121 5.49939705568 238.209999084 0.229174624257 -2.03125 9.0 1.0 1.0 2.5 0.0 0.0 
177 18.238161897 -9.46690594604 8.50085833121 5.49939705568 238.220001221 0.229174624257 -2.03125 9.0 1.0 1.0 2.5 0.0 0.0 
177 18.1832335171 -9.55563028235 8.50085833121 5.49939705568 238.310001373 0.229174624257 -2.03125 9.0 1.0 1.0 2.5 0.0 0.0 
177 18.1700262124 -9.57704041655 8.50085833121 5.49939705568 238.529998779 0.229174624257 -2.03125 9.0 1.0 1.0 2.5 0.0 0.0 
177 18.1700262124 -9.57704041655 8.50085833121 5.49939705568 238.490001678 0.229174624257 -2.03125 9.0 1.0 1.0 2.5 0.0 0.0 
177 18.1700262124 -9.57704041655 8.50085833121 5.49939705568 238.529998779 0.229174624257 -2.03125 9.0 1.0 1.0 2.5 0.0 0.0 
177 18.1700262124 -9.57704041655 8.50085833121 5.49939705568 238.509998322 0.229174624257 -2.03125 9.0 1.0 1.0 2.5 0.0 0.0 
177 18.1700262124 -9.57704041655 8.50085833121 5.49939705568 238.520000458 0.229174624257 -2.03125 9.0 1.0 1.0 2.5 0.0 0.0 
177 18.1700262124 -9.57704041655 8.50085833121 5.49939705568 238.520000458 0.229174624257 -2.03125 9.0 1.0 1.0 2.5 0.0 0.0 
177 18.1700262124 -9.57704041655 8.50085833121 5.49939705568 238.520000458 0.229174624257 -2.03125 9.0 1.0 1.0 2.5 0.0 0.0 
177 18.1700262124 -9.57704041655 8.50085833121 5.49939705568 238.520000458 0.229174624257 -2.03125 9.0 1.0 1.0 2.5 0.0 0.0 
177 18.1700262124 -9.57704041655 8.50085833121 5.49939705568 238.509998322 0.229174624257 -2.03125 9.0 1.0 1.0 2.5 0.0 0.0 
177 18.1700262124 -9.57704041655 8.50085833121 5.49939705568 238.509998322 0.229174624257 -2.03125 9.0 1.0 1.0 2.5 0.0 0.0 
177 18.1700262124 -9.57704041655 8.50085833121 5.49939705568 238.520000458 0.229174624257 -2.03125 9.0 1.0 1.0 2.5 0.0 0.0 
177 18.1700262124 -9.57704041655 8.50085833121 5.49939705568 238.520000458 0.229174624257 -2.03125 9.0 1.0 1.0 2.5 0.0 0.0 
177 18.1700262124 -9.57704041655 8.50085833121 5.49939705568 238.520000458 0.229174624257 -2.03125 9.0 1.0 1.0 2.5 0.0 0.0 
177 18.1700262124 -9.57704041655 8.50085833121 5.49939705568 238.520000458 0.229174624257 -2.03125 9.0 1.0 1.0 2.5 0.0 0.0 
177 18.1700262124 -9.57704041655 8.50085833121 5.49939705568 238.520000458 0.229174624257 -2.03125 9.0 1.0 1.0 2.5 0.0 0.0 
177 18.1700262124 -9.57704041655 8.50085833121 5.49939705568 238.509998322 0.229174624257 -2.03125 9.0 1.0 1.0 2.5 0.0 0.0 
177 18.1700262124 -9.57704041655 8.50085833121 5.49939705568 238.509998322 0.229174624257 -2.03125 9.0 1.0 1.0 2.5 0.0 0.0 
177 18.1734329458 -9.57147895469 8.50085833121 5.49939705568 238.509998322 0.229174624257 -2.03125 9.0 1.0 1.0 2.5 0.0 0.0 
177 18.1797597365 -9.56115052553 8.50085833121 5.49939705568 238.509998322 0.229174624257 -2.03125 9.0 1.0 1.0 2.5 0.0 0.0 
177 18.1943267269 -9.53729532645 8.50085833121 5.49939705568 238.61000061 0.229174624257 -2.03125 9.0 1.0 1.0 2.5 0.0 0.0 
177 18.215679433 -9.50230024457 8.50085833121 5.49939705568 238.560001373 0.229174624257 -2.03125 9.0 1.0 1.0 2.5 0.0 0.0 
177 18.2677418281 -9.41728207377 8.50085833121 5.49939705568 237.900001526 0.229174624257 -2.03125 9.0 1.0 1.0 2.5 0.0 0.0 
177 18.301200521 -9.364583289 8.50085833121 5.49939705568 237.209999084 0.229174624257 -2.03125 9.0 1.0 1.0 2.5 0.0 0.0 
177 18.2966622094 -9.37163437657 8.50085833121 5.49939705568 237.240001678 0.229174624257 -2.03125 9.0 1.0 1.0 2.5 0.0 0.0 
177 18.2941349548 -9.37554780285 8.50085833121 5.49939705568 237.200000763 0.229174624257 -2.03125 9.0 1.0 1.0 2.5 0.0 0.0 
177 18.2941349548 -9.37554780285 8.50085833121 5.49939705568 237.200000763 0.229174624257 -2.03125 9.0 1.0 1.0 2.5 0.0 0.0 
177 18.2941349548 -9.37554780285 8.50085833121 5.49939705568 237.200000763 0.229174624257 -2.03125 9.0 1.0 1.0 2.5 0.0 0.0 
177 18.2941349548 -9.37554780285 8.50085833121 5.49939705568 237.209999084 0.229174624257 -2.03125 9.0 1.0 1.0 2.5 0.0 0.0 
177 18.2941349548 -9.37554780285 8.50085833121 5.49939705568 237.169998169 0.229174624257 -2.03125 9.0 1.0 1.0 2.5 0.0 0.0 
177 18.2941349548 -9.37554780285 8.50085833121 5.49939705568 237.169998169 0.229174624257 -2.03125 9.0 1.0 1.0 2.5 0.0 0.0 
177 18.2941349548 -9.37554780285 8.50085833121 5.49939705568 237.169998169 0.229174624257 -2.03125 9.0 1.0 1.0 2.5 0.0 0.0 
177 18.2941349548 -9.37554780285 8.50085833121 5.49939705568 237.169998169 0.229174624257 -2.03125 9.0 1.0 1.0 2.5 0.0 0.0 
177 18.2941349548 -9.37554780285 8.50085833121 5.49939705568 237.159999847 0.229174624257 -2.03125 9.0 1.0 1.0 2.5 0.0 0.0 
177 18.2941349548 -9.37554780285 8.50085833121 5.49939705568 237.159999847 0.229174624257 -2.03125 9.0 1.0 1.0 2.5 0.0 0.0 
177 18.2941349548 -9.37554780285 8.50085833121 5.49939705568 237.159999847 0.229174624257 -2.03125 9.0 1.0 1.0 2.5 0.0 0.0 
177 18.2941349548 -9.37554780285 8.50085833121 5.49939705568 237.159999847 0.229174624257 -2.03125 9.0 1.0 1.0 2.5 0.0 0.0 
177 18.2400722205 -9.45930826525 8.50085833121 5.49939705568 237.159999847 0.229174624257 -2.03125 9.0 1.0 1.0 2.5 0.0 0.0 
179 17.8532218684 -10.0355073896 8.50085833121 5.49939705568 233.040000916 0.160985726222 -1.1875 9.0 1.0 1.0 2.5 0.0 0.0 
182 17.4844739782 -10.4930499242 8.50085833121 5.49939705568 223.740001678 0.2047255569 1.09375 9.0 1.0 1.0 2.5 0.0 0.0 
182 17.6868001707 -10.3265815581 8.50085833121 5.49939705568 210.680000305 0.2047255569 1.09375 9.0 1.0 1.0 2.5 0.0 0.0 
182 18.163945661 -10.0972399297 8.50085833121 5.49939705568 195.380000114 0.2047255569 1.09375 9.0 1.0 1.0 2.5 0.0 0.0 
182 18.5716737593 -9.9720422922 8.50085833121 5.49939705568 187.590000153 0.2047255569 1.09375 9.0 1.0 1.0 2.5 0.0 0.0 
182 19.7040621445 -9.87208692902 8.50085833121 5.49939705568 175.429999828 0.2047255569 1.09375 9.0 1.0 1.0 2.5 0.0 0.0 
182 20.3289004345 -9.94093220072 8.50085833121 5.49939705568 169.149999619 0.2047255569 1.09375 9.0 1.0 1.0 2.5 0.0 0.0 
182 21.7002987902 -10.2649793934 8.50085833121 5.49939705568 165.159999847 0.2047255569 1.09375 9.0 1.0 1.0 2.5 0.0 0.0 
182 22.4660201916 -10.4633794348 8.50085833121 5.49939705568 166.890000343 0.2047255569 1.09375 9.0 1.0 1.0 2.5 0.0 0.0 
182 24.1320526008 -10.7859134011 8.50085833121 5.49939705568 172.079999924 0.2047255569 1.09375 9.0 1.0 1.0 2.5 0.0 0.0 
182 25.9565457028 -11.0011163644 8.50085833121 5.49939705568 174.360000134 0.2047255569 1.09375 9.0 1.0 1.0 2.5 0.0 0.0 
182 27.900386397 -11.2148227293 8.50085833121 5.49939705568 172.110000134 0.2047255569 1.09375 9.0 1.0 1.0 2.5 0.0 0.0 
182 28.9035454205 -11.3604526348 8.50085833121 5.49939705568 170.699999809 0.2047255569 1.09375 9.0 1.0 1.0 2.5 0.0 0.0 
182 32.0722220162 -11.9567278402 8.50085833121 5.49939705568 167.960000038 0.2047255569 1.09375 9.0 1.0 1.0 2.5 0.0 0.0 
182 33.7144145334 -12.3148422959 8.50085833121 5.49939705568 167.109999657 0.2047255569 1.09375 9.0 1.0 1.0 2.5 0.0 0.0 
182 35.3819330528 -12.6963646519 8.50085833121 5.49939705568 166.81000042 0.2047255569 1.09375 9.0 1.0 1.0 2.5 0.0 0.0 
182 37.6386282253 -13.2262995829 8.50085833121 5.49939705568 166.680000305 0.2047255569 1.09375 9.0 1.0 1.0 2.5 0.0 0.0 
182 39.9237481879 -13.7696458241 8.50085833121 5.49939705568 166.489999771 0.2047255569 1.09375 9.0 1.0 1.0 2.5 0.0 0.0 
182 41.0712885621 -14.0465240687 8.50085833121 5.49939705568 166.229999542 0.2047255569 1.09375 9.0 1.0 1.0 2.5 0.0 0.0 
182 43.3745455741 -14.6254243951 8.50085833121 5.49939705568 165.359999657 0.2047255569 1.09375 9.0 1.0 1.0 2.5 0.0 0.0 
182 45.1132901245 -15.0839546602 8.50085833121 5.49939705568 164.930000305 0.2047255569 1.09375 9.0 1.0 1.0 2.5 0.0 0.0 
182 47.4288874876 -15.7079864397 8.50085833121 5.49939705568 164.630000114 0.2047255569 1.09375 9.0 1.0 1.0 2.5 0.0 0.0 
182 49.1526829076 -16.1825933581 8.50085833121 5.49939705568 164.159999847 0.2047255569 1.09375 9.0 1.0 1.0 2.5 0.0 0.0 
182 50.8722474751 -16.6823428944 8.50085833121 5.49939705568 162.430000305 0.2047255569 1.09375 9.0 1.0 1.0 2.5 0.0 0.0 
182 53.130240084 -17.4088638972 8.50085833121 5.49939705568 160.379999161 0.2047255569 1.09375 9.0 1.0 1.0 2.5 0.0 0.0 
182 54.9764509511 -18.0758363341 8.50085833121 5.49939705568 157.069999695 0.2047255569 1.09375 9.0 1.0 1.0 2.5 0.0 0.0 
182 56.6227247148 -18.927322067 8.50085833121 5.49939705568 140.720001221 0.2047255569 1.09375 9.0 1.0 1.0 2.5 0.0 0.0 
182 57.5073965327 -19.7496392922 8.50085833121 5.49939705568 119.409999847 0.2047255569 1.09375 9.0 1.0 1.0 2.5 0.0 0.0 
182 58.0823990274 -20.8567751178 8.50085833121 5.49939705568 103.430000305 0.2047255569 1.09375 9.0 1.0 1.0 2.5 0.0 0.0 
182 58.1536227394 -21.1825272554 8.50085833121 5.49939705568 99.6900024414 0.2047255569 1.09375 9.0 1.0 1.0 2.5 0.0 0.0 
182 58.1802700552 -21.3120727606 8.50085833121 5.49939705568 108.690002441 0.2047255569 1.09375 9.0 1.0 1.0 2.5 0.0 0.0 
182 58.1703996013 -21.3116948196 8.50085833121 5.49939705568 114.680000305 0.2047255569 1.09375 9.0 1.0 1.0 2.5 0.0 0.0 
182 58.2051659979 -21.3859449704 8.50085833121 5.49939705568 115.25 0.2047255569 1.09375 9.0 1.0 1.0 2.5 0.0 0.0 
182 58.2063974313 -21.3884542032 8.50085833121 5.49939705568 114.720001221 0.2047255569 1.09375 9.0 1.0 1.0 2.5 0.0 0.0 
182 58.2063974313 -21.3884542032 8.50085833121 5.49939705568 114.680000305 0.2047255569 1.09375 9.0 1.0 1.0 2.5 0.0 0.0 
182 58.2063974313 -21.3884542032 8.50085833121 5.49939705568 114.669998169 0.2047255569 1.09375 9.0 1.0 1.0 2.5 0.0 0.0 
182 58.2063974313 -21.3884542032 8.50085833121 5.49939705568 114.680000305 0.2047255569 1.09375 9.0 1.0 1.0 2.5 0.0 0.0 
182 58.2052303305 -21.3859144092 8.50085833121 5.49939705568 114.769996643 0.2047255569 1.09375 9.0 1.0 1.0 2.5 0.0 0.0 
182 57.9774404354 -20.9249139736 8.50085833121 5.49939705568 118.770000458 0.2047255569 1.09375 9.0 1.0 1.0 2.5 0.0 0.0 
182 57.7180218915 -20.4820483085 8.50085833121 5.49939705568 125.970001221 0.2047255569 1.09375 9.0 1.0 1.0 2.5 0.0 0.0 
182 57.1563504386 -19.7541857991 8.50085833121 5.49939705568 134.549999237 0.2047255569 1.09375 9.0 1.0 1.0 2.5 0.0 0.0 
182 56.8081252303 -19.3797737214 8.50085833121 5.49939705568 141.669998169 0.2047255569 1.09375 9.0 1.0 1.0 2.5 0.0 0.0 
182 56.0876154969 -18.8559782042 8.50085833121 5.49939705568 159.879999161 0.2047255569 1.09375 9.0 1.0 1.0 2.5 0.0 0.0 
182 55.0704758833 -18.5487102556 8.50085833121 5.49939705568 182.279999971 0.2047255569 1.09375 9.0 1.0 1.0 2.5 0.0 0.0 
182 54.425584786 -18.5434890906 8.50085833121 5.49939705568 192.0 0.2047255569 1.09375 9.0 1.0 1.0 2.5 0.0 0.0 
182 52.7796037195 -19.0065506321 8.50085833121 5.49939705568 204.100000381 0.2047255569 1.09375 9.0 1.0 1.0 2.5 0.0 0.0 
182 51.773571378 -19.476801683 8.50085833121 5.49939705568 205.069999695 0.2047255569 1.09375 9.0 1.0 1.0 2.5 0.0 0.0 
182 50.3418934166 -20.0952063182 8.50085833121 5.49939705568 197.920000076 0.2047255569 1.09375 9.0 1.0 1.0 2.5 0.0 0.0 
182 49.9677879624 -20.2161833151 8.50085833121 5.49939705568 195.159999847 0.2047255569 1.09375 9.0 1.0 1.0 2.5 0.0 0.0 
182 47.9113827875 -20.5053416262 8.50085833121 5.49939705568 173.010000229 0.2047255569 1.09375 9.0 1.0 1.0 2.5 0.0 0.0 
182 46.1229619555 -20.2817991442 8.50085833121 5.49939705568 171.170000076 0.2047255569 1.09375 9.0 1.0 1.0 2.5 0.0 0.0 
182 44.2693714019 -20.0024962953 8.50085833121 5.49939705568 172.71999979 0.2047255569 1.09375 9.0 1.0 1.0 2.5 0.0 0.0 
182 42.7906969381 -19.8133819376 8.50085833121 5.49939705568 172.960000038 0.2047255569 1.09375 9.0 1.0 1.0 2.5 0.0 0.0 
182 41.2429078009 -19.6289838385 8.50085833121 5.49939705568 173.559999943 0.2047255569 1.09375 9.0 1.0 1.0 2.5 0.0 0.0 
182 39.1305147397 -19.3875149123 8.50085833121 5.49939705568 172.900000095 0.2047255569 1.09375 9.0 1.0 1.0 2.5 0.0 0.0 
182 36.9513795868 -19.1085329187 8.50085833121 5.49939705568 171.43999958 0.2047255569 1.09375 9.0 1.0 1.0 2.5 0.0 0.0 
182 34.7147242455 -18.7639203871 8.50085833121 5.49939705568 169.949999809 0.2047255569 1.09375 9.0 1.0 1.0 2.5 0.0 0.0 
182 31.3378854687 -18.1147797818 8.50085833121 5.49939705568 167.720000267 0.2047255569 1.09375 9.0 1.0 1.0 2.5 0.0 0.0 
182 29.0595701475 -17.5838475221 8.50085833121 5.49939705568 164.789999962 0.2047255569 1.09375 9.0 1.0 1.0 2.5 0.0 0.0 
182 26.7732891862 -16.9519402659 8.50085833121 5.49939705568 162.979999542 0.2047255569 1.09375 9.0 1.0 1.0 2.5 0.0 0.0 
182 25.6487966736 -16.6115761137 8.50085833121 5.49939705568 162.559999466 0.2047255569 1.09375 9.0 1.0 1.0 2.5 0.0 0.0 
182 22.4050929814 -15.6222993555 8.50085833121 5.49939705568 168.039999962 0.2047255569 1.09375 9.0 1.0 1.0 2.5 0.0 0.0 
182 20.6663193618 -15.2713727447 8.50085833121 5.49939705568 177.50999999 0.2047255569 1.09375 9.0 1.0 1.0 2.5 0.0 0.0 
182 19.5560857108 -15.2563541865 8.50085833121 5.49939705568 199.969999313 0.2047255569 1.09375 9.0 1.0 1.0 2.5 0.0 0.0 
182 19.3149235772 -15.3139412433 8.50085833121 5.49939705568 231.11000061 0.2047255569 1.09375 9.0 1.0 1.0 2.5 0.0 0.0 
182 19.5041399651 -15.0184411194 8.50085833121 5.49939705568 253.849998474 0.2047255569 1.09375 9.0 1.0 1.0 2.5 0.0 0.0 
182 19.6740383545 -14.2059835482 8.50085833121 5.49939705568 271.349998474 0.2047255569 1.09375 9.0 1.0 1.0 2.5 0.0 0.0 
182 19.4950212098 -12.8780460082 8.50085833121 5.49939705568 284.010002136 0.2047255569 1.09375 9.0 1.0 1.0 2.5 0.0 0.0 
182 19.2789917941 -11.9062943623 8.50085833121 5.49939705568 277.199996948 0.2047255569 1.09375 9.0 1.0 1.0 2.5 0.0 0.0 
182 19.2307273645 -11.2759051857 8.50085833121 5.49939705568 269.239997864 0.2047255569 1.09375 9.0 1.0 1.0 2.5 0.0 0.0 
182 19.2409976727 -10.7702344367 8.50085833121 5.49939705568 263.940002441 0.2047255569 1.09375 9.0 1.0 1.0 2.5 0.0 0.0 
182 19.2288808948 -10.8681941729 8.50085833121 5.49939705568 258.290000916 0.2047255569 1.09375 9.0 1.0 1.0 2.5 0.0 0.0 
182 19.2148467538 -10.9366377014 8.50085833121 5.49939705568 255.819999695 0.2047255569 1.09375 9.0 1.0 1.0 2.5 0.0 0.0 
182 19.2234159285 -10.9042097741 8.50085833121 5.49939705568 254.959999084 0.2047255569 1.09375 9.0 1.0 1.0 2.5 0.0 0.0 
182 19.2405048229 -10.8403043495 8.50085833121 5.49939705568 256.190002441 0.2047255569 1.09375 9.0 1.0 1.0 2.5 0.0 0.0 
182 19.2571830103 -10.7667070323 8.50085833121 5.49939705568 258.660003662 0.2047255569 1.09375 9.0 1.0 1.0 2.5 0.0 0.0 
182 19.2641872184 -10.7291323043 8.50085833121 5.49939705568 251.0 0.2047255569 1.09375 9.0 1.0 1.0 2.5 0.0 0.0 
182 19.2192974319 -10.8146210786 8.50085833121 5.49939705568 232.400001526 0.2047255569 1.09375 9.0 1.0 1.0 2.5 0.0 0.0 
182 19.2147086084 -10.8216562865 8.50085833121 5.49939705568 230.520000458 0.2047255569 1.09375 9.0 1.0 1.0 2.5 0.0 0.0 
182 19.2265147053 -10.807240537 8.50085833121 5.49939705568 232.5 0.2047255569 1.09375 9.0 1.0 1.0 2.5 0.0 0.0 
182 19.2605285924 -10.7628769808 8.50085833121 5.49939705568 233.200000763 0.2047255569 1.09375 9.0 1.0 1.0 2.5 0.0 0.0 
182 19.258335849 -10.7658911487 8.50085833121 5.49939705568 235.220001221 0.2047255569 1.09375 9.0 1.0 1.0 2.5 0.0 0.0 
182 19.2308224779 -10.8057365638 8.50085833121 5.49939705568 245.989997864 0.2047255569 1.09375 9.0 1.0 1.0 2.5 0.0 0.0 
182 19.2125241751 -10.8554216872 8.50085833121 5.49939705568 258.349998474 0.2047255569 1.09375 9.0 1.0 1.0 2.5 0.0 0.0 
182 19.2318196554 -10.7303196999 8.50085833121 5.49939705568 267.779998779 0.2047255569 1.09375 9.0 1.0 1.0 2.5 0.0 0.0 
182 19.2322561201 -10.7126176429 8.50085833121 5.49939705568 265.910003662 0.2047255569 1.09375 9.0 1.0 1.0 2.5 0.0 0.0 
182 19.2298701609 -10.7460740703 8.50085833121 5.49939705568 265.669998169 0.2047255569 1.09375 9.0 1.0 1.0 2.5 0.0 0.0 
182 19.2327001412 -10.7089136682 8.50085833121 5.49939705568 264.720001221 0.2047255569 1.09375 9.0 1.0 1.0 2.5 0.0 0.0 
182 19.2291929736 -10.7469521847 8.50085833121 5.49939705568 266.620002747 0.2047255569 1.09375 9.0 1.0 1.0 2.5 0.0 0.0 
182 19.2256531519 -10.8213862431 8.50085833121 5.49939705568 270.769996643 0.2047255569 1.09375 9.0 1.0 1.0 2.5 0.0 0.0 
182 19.2264363259 -10.8744812237 8.50085833121 5.49939705568 273.269996643 0.2047255569 1.09375 9.0 1.0 1.0 2.5 0.0 0.0 
182 19.2272075106 -10.8884350981 8.50085833121 5.49939705568 273.690002441 0.2047255569 1.09375 9.0 1.0 1.0 2.5 0.0 0.0 
182 19.2265981695 -10.8772711555 8.50085833121 5.49939705568 271.809997559 0.2047255569 1.09375 9.0 1.0 1.0 2.5 0.0 0.0 
182 19.225368062 -10.814865608 8.50085833121 5.49939705568 268.800003052 0.2047255569 1.09375 9.0 1.0 1.0 2.5 0.0 0.0 
182 19.227353202 -10.7226570128 8.50085833121 5.49939705568 266.63999939 0.2047255569 1.09375 9.0 1.0 1.0 2.5 0.0 0.0 
182 19.2275931725 -10.718938529 8.50085833121 5.49939705568 264.919998169 0.2047255569 1.09375 9.0 1.0 1.0 2.5 0.0 0.0 
182 19.2319982118 -10.6725627011 8.50085833121 5.49939705568 262.63999939 0.2047255569 1.09375 9.0 1.0 1.0 2.5 0.0 0.0 
182 19.2921798765 -10.3001622487 8.50085833121 5.49939705568 248.5 0.2047255569 1.09375 9.0 1.0 1.0 2.5 0.0 0.0 
182 19.4434204135 -9.92267514674 8.50085833121 5.49939705568 234.830001831 0.2047255569 1.09375 9.0 1.0 1.0 2.5 0.0 0.0 
182 19.4907264452 -9.85414739547 8.50085833121 5.49939705568 217.970001221 0.2047255569 1.09375 9.0 1.0 1.0 2.5 0.0 0.0 
182 19.4863832003 -9.85766741179 8.50085833121 5.49939705568 218.930000305 0.2047255569 1.09375 9.0 1.0 1.0 2.5 0.0 0.0 
182 19.4675201683 -9.87286622952 8.50085833121 5.49939705568 218.979999542 0.2047255569 1.09375 9.0 1.0 1.0 2.5 0.0 0.0 
182 19.4885147535 -9.85585803517 8.50085833121 5.49939705568 219.270000458 0.2047255569 1.09375 9.0 1.0 1.0 2.5 0.0 0.0 
182 19.5267517579 -9.8246118423 8.50085833121 5.49939705568 220.560001373 0.2047255569 1.09375 9.0 1.0 1.0 2.5 0.0 0.0 
182 19.5034968853 -9.8447248657 8.50085833121 5.49939705568 221.409999847 0.2047255569 1.09375 9.0 1.0 1.0 2.5 0.0 0.0 
182 19.5012683038 -9.84642756179 8.50085833121 5.49939705568 224.479999542 0.2047255569 1.09375 9.0 1.0 1.0 2.5 0.0 0.0 
182 19.5200820079 -9.82835522852 8.50085833121 5.49939705568 224.720001221 0.2047255569 1.09375 9.0 1.0 1.0 2.5 0.0 0.0 
182 19.4909026808 -9.85714982288 8.50085833121 5.49939705568 223.849998474 0.2047255569 1.09375 9.0 1.0 1.0 2.5 0.0 0.0 
182 19.4862088207 -9.86167788388 8.50085833121 5.49939705568 223.619998932 0.2047255569 1.09375 9.0 1.0 1.0 2.5 0.0 0.0 
182 19.4862088207 -9.86167788388 8.50085833121 5.49939705568 223.599998474 0.2047255569 1.09375 9.0 1.0 1.0 2.5 0.0 0.0 
182 19.4936275462 -9.85460684015 8.50085833121 5.49939705568 223.529998779 0.2047255569 1.09375 9.0 1.0 1.0 2.5 0.0 0.0 
182 19.4531045232 -9.89311600312 8.50085833121 5.49939705568 223.479999542 0.2047255569 1.09375 9.0 1.0 1.0 2.5 0.0 0.0 
182 19.4551322517 -9.89119220885 8.50085833121 5.49939705568 223.430000305 0.2047255569 1.09375 9.0 1.0 1.0 2.5 0.0 0.0 
182 19.4551322517 -9.89119220885 8.50085833121 5.49939705568 223.409999847 0.2047255569 1.09375 9.0 1.0 1.0 2.5 0.0 0.0 
182 19.4395648869 -9.90591868146 8.50085833121 5.49939705568 223.409999847 0.2047255569 1.09375 9.0 1.0 1.0 2.5 0.0 0.0 
182 19.4226332263 -9.92191449046 8.50085833121 5.49939705568 223.36000061 0.2047255569 1.09375 9.0 1.0 1.0 2.5 0.0 0.0 
182 19.4117961597 -9.9321509572 8.50085833121 5.49939705568 223.63999939 0.2047255569 1.09375 9.0 1.0 1.0 2.5 0.0 0.0 
182 19.4117961597 -9.9321509572 8.50085833121 5.49939705568 223.700000763 0.2047255569 1.09375 9.0 1.0 1.0 2.5 0.0 0.0 
182 19.4117961597 -9.9321509572 8.50085833121 5.49939705568 223.720001221 0.2047255569 1.09375 9.0 1.0 1.0 2.5 0.0 0.0 
182 19.4117961597 -9.9321509572 8.50085833121 5.49939705568 223.729999542 0.2047255569 1.09375 9.0 1.0 1.0 2.5 0.0 0.0 
182 19.4097763934 -9.93408311202 8.50085833121 5.49939705568 223.720001221 0.2047255569 1.09375 9.0 1.0 1.0 2.5 0.0 0.0 
182 19.3821664034 -9.96048241207 8.50085833121 5.49939705568 223.680000305 0.2047255569 1.09375 9.0 1.0 1.0 2.5 0.0 0.0 
183 19.3734085772 -9.96884932343 8.50085833121 5.49939705568 223.61000061 0.15536043796 -0.875 9.0 1.0 1.0 2.5 0.0 0.0 
189 19.3734085772 -9.96884932343 8.50085833121 5.49939705568 223.599998474 0.152754559906 -0.921875 9.0 1.0 1.0 2.5 0.0 0.0 
197 19.3572285447 -9.98428363338 8.50085833121 5.49939705568 223.630001068 0.152820186547 -0.9375 9.0 1.0 1.0 2.5 0.0 0.0 
201 19.3471115218 -9.99392535448 8.50085833121 5.49939705568 223.61000061 0.152507082593 -0.96875 9.0 1.0 1.0 2.5 0.0 0.0 
203 19.3329535021 -10.0074298608 8.50085833121 5.49939705568 223.650001526 0.154356281191 -0.9375 9.0 1.0 1.0 2.5 0.0 0.0 
208 19.2128572657 -10.1204419566 8.50085833121 5.49939705568 219.909999847 0.157347889791 -0.46875 9.0 1.0 1.0 2.5 0.0 0.0 
211 19.1189943032 -10.2013254742 8.50085833121 5.49939705568 215.720001221 0.162536534192 0.0 9.0 1.0 1.0 2.5 0.0 0.0 
211 18.8796689664 -10.3656117037 8.50085833121 5.49939705568 200.989999771 0.162536534192 0.0 9.0 1.0 1.0 2.5 0.0 0.0 
211 18.8270057444 -10.3993849071 8.50085833121 5.49939705568 175.5 0.162536534192 0.0 9.0 1.0 1.0 2.5 0.0 0.0 
211 19.0315600323 -10.402473342 8.50085833121 5.49939705568 162.38999939 0.162536534192 0.0 9.0 1.0 1.0 2.5 0.0 0.0 
211 19.7646557833 -10.6838063952 8.50085833121 5.49939705568 144.669998169 0.162536534192 0.0 9.0 1.0 1.0 2.5 0.0 0.0 
211 20.7141042037 -11.4418207007 8.50085833121 5.49939705568 133.240001678 0.162536534192 0.0 9.0 1.0 1.0 2.5 0.0 0.0 
211 21.5777642104 -12.4384754397 8.50085833121 5.49939705568 128.900001526 0.162536534192 0.0 9.0 1.0 1.0 2.5 0.0 0.0 
211 22.0191123771 -12.9594248026 8.50085833121 5.49939705568 135.340000153 0.162536534192 0.0 9.0 1.0 1.0 2.5 0.0 0.0 
211 22.8107564205 -13.5925680006 8.50085833121 5.49939705568 155.440000534 0.162536534192 0.0 9.0 1.0 1.0 2.5 0.0 0.0 
211 23.9250173032 -14.0465157881 8.50085833121 5.49939705568 168.699999809 0.162536534192 0.0 9.0 1.0 1.0 2.5 0.0 0.0 
211 25.3484298223 -14.2384783427 8.50085833121 5.49939705568 186.179999828 0.162536534192 0.0 9.0 1.0 1.0 2.5 0.0 0.0 
211 26.1099280418 -14.1825491748 8.50085833121 5.49939705568 192.329999924 0.162536534192 0.0 9.0 1.0 1.0 2.5 0.0 0.0 
211 27.7551434456 -13.7977420094 8.50085833121 5.49939705568 197.020000458 0.162536534192 0.0 9.0 1.0 1.0 2.5 0.0 0.0 
211 29.4490377788 -13.2771749388 8.50085833121 5.49939705568 197.0 0.162536534192 0.0 9.0 1.0 1.0 2.5 0.0 0.0 
211 30.9822494077 -12.8506242458 8.50085833121 5.49939705568 190.199999809 0.162536534192 0.0 9.0 1.0 1.0 2.5 0.0 0.0 
211 31.6882999042 -12.7418003317 8.50085833121 5.49939705568 184.019999981 0.162536534192 0.0 9.0 1.0 1.0 2.5 0.0 0.0 
211 33.0774678046 -12.7760575997 8.50085833121 5.49939705568 170.489999771 0.162536534192 0.0 9.0 1.0 1.0 2.5 0.0 0.0 
211 34.4872685477 -13.099888452 8.50085833121 5.49939705568 160.799999237 0.162536534192 0.0 9.0 1.0 1.0 2.5 0.0 0.0 
211 35.6335158032 -13.5047112835 8.50085833121 5.49939705568 159.479999542 0.162536534192 0.0 9.0 1.0 1.0 2.5 0.0 0.0 
211 36.5077243933 -13.8149871701 8.50085833121 5.49939705568 169.640000343 0.162536534192 0.0 9.0 1.0 1.0 2.5 0.0 0.0 
211 36.8069108151 -13.8809870417 8.50085833121 5.49939705568 179.189999998 0.162536534192 0.0 9.0 1.0 1.0 2.5 0.0 0.0 
211 37.3943073638 -13.8791020912 8.50085833121 5.49939705568 196.739999771 0.162536534192 0.0 9.0 1.0 1.0 2.5 0.0 0.0 
211 38.3329252172 -13.5618040929 8.50085833121 5.49939705568 212.310001373 0.162536534192 0.0 9.0 1.0 1.0 2.5 0.0 0.0 
211 38.6736953517 -13.3585949351 8.50085833121 5.49939705568 217.5 0.162536534192 0.0 9.0 1.0 1.0 2.5 0.0 0.0 
211 38.8827781039 -13.2091041916 8.50085833121 5.49939705568 215.950000763 0.162536534192 0.0 9.0 1.0 1.0 2.5 0.0 0.0 
211 38.637539721 -13.3785653243 8.50085833121 5.49939705568 211.75 0.162536534192 0.0 9.0 1.0 1.0 2.5 0.0 0.0 
211 37.8992522248 -13.7810775157 8.50085833121 5.49939705568 204.850000381 0.162536534192 0.0 9.0 1.0 1.0 2.5 0.0 0.0 
211 36.8106451077 -14.2466275386 8.50085833121 5.49939705568 201.440000534 0.162536534192 0.0 9.0 1.0 1.0 2.5 0.0 0.0 
211 35.4314376383 -14.7796086342 8.50085833121 5.49939705568 200.899999619 0.162536534192 0.0 9.0 1.0 1.0 2.5 0.0 0.0 
211 33.9480334233 -15.3347042218 8.50085833121 5.49939705568 197.559999466 0.162536534192 0.0 9.0 1.0 1.0 2.5 0.0 0.0 
211 32.3139979714 -15.8181397216 8.50085833121 5.49939705568 191.380000114 0.162536534192 0.0 9.0 1.0 1.0 2.5 0.0 0.0 
211 30.6706138493 -16.0414045966 8.50085833121 5.49939705568 181.99000001 0.162536534192 0.0 9.0 1.0 1.0 2.5 0.0 0.0 
211 28.9412394124 -16.0684553414 8.50085833121 5.49939705568 174.25 0.162536534192 0.0 9.0 1.0 1.0 2.5 0.0 0.0 
211 28.0000392159 -15.9878492533 8.50085833121 5.49939705568 171.25 0.162536534192 0.0 9.0 1.0 1.0 2.5 0.0 0.0 
211 26.0834023155 -15.6310490493 8.50085833121 5.49939705568 166.710000038 0.162536534192 0.0 9.0 1.0 1.0 2.5 0.0 0.0 
211 24.1830456214 -15.1257097966 8.50085833121 5.49939705568 162.479999542 0.162536534192 0.0 9.0 1.0 1.0 2.5 0.0 0.0 
211 22.2464294101 -14.4636045745 8.50085833121 5.49939705568 159.209999084 0.162536534192 0.0 9.0 1.0 1.0 2.5 0.0 0.0 
211 21.2703989747 -14.0866638335 8.50085833121 5.49939705568 157.969999313 0.162536534192 0.0 9.0 1.0 1.0 2.5 0.0 0.0 
211 18.3148955408 -12.8028953548 8.50085833121 5.49939705568 154.340000153 0.162536534192 0.0 9.0 1.0 1.0 2.5 0.0 0.0 
211 17.3473189434 -12.3298407163 8.50085833121 5.49939705568 151.930000305 0.162536534192 0.0 9.0 1.0 1.0 2.5 0.0 0.0 
211 14.7222553318 -10.8475983189 8.50085833121 5.49939705568 143.770000458 0.162536534192 0.0 9.0 1.0 1.0 2.5 0.0 0.0 
211 14.0434841479 -10.3715856978 8.50085833121 5.49939705568 137.549999237 0.162536534192 0.0 9.0 1.0 1.0 2.5 0.0 0.0 
211 13.2110951109 -9.57765329548 8.50085833121 5.49939705568 124.330001831 0.162536534192 0.0 9.0 1.0 1.0 2.5 0.0 0.0 
211 12.8894278253 -8.95226060324 8.50085833121 5.49939705568 97.1699981689 0.162536534192 0.0 9.0 1.0 1.0 2.5 0.0 0.0 
211 12.9252898391 -8.51216375123 8.50085833121 5.49939705568 60.0 0.162536534192 0.0 9.0 1.0 1.0 2.5 0.0 0.0 
211 13.0868378588 -8.3538923641 8.50085833121 5.49939705568 16.3600006104 0.162536534192 0.0 9.0 1.0 1.0 2.5 0.0 0.0 
211 13.1566413203 -8.33867761808 8.50085833121 5.49939705568 355.100006104 0.162536534192 0.0 9.0 1.0 1.0 2.5 0.0 0.0 
211 13.2635042665 -8.37510486277 8.50085833121 5.49939705568 323.929992676 0.162536534192 0.0 9.0 1.0 1.0 2.5 0.0 0.0 
211 13.2991000273 -8.40216188136 8.50085833121 5.49939705568 322.11000061 0.162536534192 0.0 9.0 1.0 1.0 2.5 0.0 0.0 
211 13.3655506761 -8.45165651464 8.50085833121 5.49939705568 331.050003052 0.162536534192 0.0 9.0 1.0 1.0 2.5 0.0 0.0 
211 13.4126820296 -8.47119691407 8.50085833121 5.49939705568 354.809997559 0.162536534192 0.0 9.0 1.0 1.0 2.5 0.0 0.0 
211 13.4479070427 -8.47344269027 8.50085833121 5.49939705568 8.66000366211 0.162536534192 0.0 9.0 1.0 1.0 2.5 0.0 0.0 
211 13.5145689307 -8.45999134506 8.50085833121 5.49939705568 15.1799926758 0.162536534192 0.0 9.0 1.0 1.0 2.5 0.0 0.0 
211 13.6747044239 -8.41342820593 8.50085833121 5.49939705568 16.9400024414 0.162536534192 0.0 9.0 1.0 1.0 2.5 0.0 0.0 
211 14.2556065724 -8.23259649039 8.50085833121 5.49939705568 17.8099975586 0.162536534192 0.0 9.0 1.0 1.0 2.5 0.0 0.0 
211 14.6710375719 -8.0971068106 8.50085833121 5.49939705568 18.4600067139 0.162536534192 0.0 9.0 1.0 1.0 2.5 0.0 0.0 
211 15.0479040147 -7.96965013168 8.50085833121 5.49939705568 19.0700073242 0.162536534192 0.0 9.0 1.0 1.0 2.5 0.0 0.0 
211 15.3647697701 -7.85965739891 8.50085833121 5.49939705568 19.4499969482 0.162536534192 0.0 9.0 1.0 1.0 2.5 0.0 0.0 
211 15.5929193885 -7.77823744978 8.50085833121 5.49939705568 20.5 0.162536534192 0.0 9.0 1.0 1.0 2.5 0.0 0.0 
211 15.6244547905 -7.76680375657 8.50085833121 5.49939705568 23.1499938965 0.162536534192 0.0 9.0 1.0 1.0 2.5 0.0 0.0 
211 15.6175994083 -7.76972959239 8.50085833121 5.49939705568 22.5500030518 0.162536534192 0.0 9.0 1.0 1.0 2.5 0.0 0.0 
211 15.6030241469 -7.7759316082 8.50085833121 5.49939705568 21.8899993896 0.162536534192 0.0 9.0 1.0 1.0 2.5 0.0 0.0 
211 15.7049267561 -7.73466610676 8.50085833121 5.49939705568 22.8800048828 0.162536534192 0.0 9.0 1.0 1.0 2.5 0.0 0.0 
211 15.7143597061 -7.73065851984 8.50085833121 5.49939705568 24.1799926758 0.162536534192 0.0 9.0 1.0 1.0 2.5 0.0 0.0 
211 15.6863122002 -7.74325500689 8.50085833121 5.49939705568 23.8000030518 0.162536534192 0.0 9.0 1.0 1.0 2.5 0.0 0.0 
211 15.9199944407 -7.64047393572 8.50085833121 5.49939705568 23.4700012207 0.162536534192 0.0 9.0 1.0 1.0 2.5 0.0 0.0 
211 16.085469803 -7.56999095652 8.50085833121 5.49939705568 27.3899993896 0.162536534192 0.0 9.0 1.0 1.0 2.5 0.0 0.0 
211 16.0111597883 -7.60884131029 8.50085833121 5.49939705568 26.0700073242 0.162536534192 0.0 9.0 1.0 1.0 2.5 0.0 0.0 
211 16.51548083 -7.37427360664 8.50085833121 5.49939705568 24.7899932861 0.162536534192 0.0 9.0 1.0 1.0 2.5 0.0 0.0 
211 16.6840750212 -7.29938686964 8.50085833121 5.49939705568 26.2200012207 0.162536534192 0.0 9.0 1.0 1.0 2.5 0.0 0.0 
211 17.0199535421 -7.14008623035 8.50085833121 5.49939705568 29.4600067139 0.162536534192 0.0 9.0 1.0 1.0 2.5 0.0 0.0 
211 16.980086729 -7.16233090114 8.50085833121 5.49939705568 28.4700012207 0.162536534192 0.0 9.0 1.0 1.0 2.5 0.0 0.0 
211 16.9053646401 -7.20238730455 8.50085833121 5.49939705568 27.5 0.162536534192 0.0 9.0 1.0 1.0 2.5 0.0 0.0 
211 16.888009548 -7.21142179365 8.50085833121 5.49939705568 27.9100036621 0.162536534192 0.0 9.0 1.0 1.0 2.5 0.0 0.0 
211 16.888009548 -7.21142179365 8.50085833121 5.49939705568 28.5599975586 0.162536534192 0.0 9.0 1.0 1.0 2.5 0.0 0.0 
211 16.888009548 -7.21142179365 8.50085833121 5.49939705568 6.89999389648 0.162536534192 0.0 9.0 1.0 1.0 2.5 0.0 0.0 
211 16.888009548 -7.21142179365 8.50085833121 5.49939705568 7.38999938965 0.162536534192 0.0 9.0 1.0 1.0 2.5 0.0 0.0 
211 16.888009548 -7.21142179365 8.50085833121 5.49939705568 1.32000732422 0.162536534192 0.0 9.0 1.0 1.0 2.5 0.0 0.0 
211 16.888009548 -7.21142179365 8.50085833121 5.49939705568 351.440002441 0.162536534192 0.0 9.0 1.0 1.0 2.5 0.0 0.0 
211 16.888009548 -7.21142179365 8.50085833121 5.49939705568 346.169998169 0.162536534192 0.0 9.0 1.0 1.0 2.5 0.0 0.0 
211 16.888009548 -7.21142179365 8.50085833121 5.49939705568 341.589996338 0.162536534192 0.0 9.0 1.0 1.0 2.5 0.0 0.0 
211 16.888009548 -7.21142179365 8.50085833121 5.49939705568 339.369995117 0.162536534192 0.0 9.0 1.0 1.0 2.5 0.0 0.0 
211 16.888009548 -7.21142179365 8.50085833121 5.49939705568 318.279998779 0.162536534192 0.0 9.0 1.0 1.0 2.5 0.0 0.0 
211 16.888009548 -7.21142179365 8.50085833121 5.49939705568 290.959999084 0.162536534192 0.0 9.0 1.0 1.0 2.5 0.0 0.0 
211 16.888009548 -7.21142179365 8.50085833121 5.49939705568 276.25 0.162536534192 0.0 9.0 1.0 1.0 2.5 0.0 0.0 
211 16.888009548 -7.21142179365 8.50085833121 5.49939705568 227.680000305 0.162536534192 0.0 9.0 1.0 1.0 2.5 0.0 0.0 
211 16.888009548 -7.21142179365 8.50085833121 5.49939705568 205.059999466 0.162536534192 0.0 9.0 1.0 1.0 2.5 0.0 0.0 
211 16.888009548 -7.21142179365 8.50085833121 5.49939705568 198.149999619 0.162536534192 0.0 9.0 1.0 1.0 2.5 0.0 0.0 
211 16.888009548 -7.21142179365 8.50085833121 5.49939705568 190.949999809 0.162536534192 0.0 9.0 1.0 1.0 2.5 0.0 0.0 
211 16.888009548 -7.21142179365 8.50085833121 5.49939705568 188.359999657 0.162536534192 0.0 9.0 1.0 1.0 2.5 0.0 0.0 
211 16.888009548 -7.21142179365 8.50085833121 5.49939705568 189.68999958 0.162536534192 0.0 9.0 1.0 1.0 2.5 0.0 0.0 
211 16.888009548 -7.21142179365 8.50085833121 5.49939705568 197.63999939 0.162536534192 0.0 9.0 1.0 1.0 2.5 0.0 0.0 
211 16.888009548 -7.21142179365 8.50085833121 5.49939705568 201.459999084 0.162536534192 0.0 9.0 1.0 1.0 2.5 0.0 0.0 
211 16.888009548 -7.21142179365 8.50085833121 5.49939705568 200.569999695 0.162536534192 0.0 9.0 1.0 1.0 2.5 0.0 0.0 
211 16.888009548 -7.21142179365 8.50085833121 5.49939705568 197.540000916 0.162536534192 0.0 9.0 1.0 1.0 2.5 0.0 0.0 
211 16.888009548 -7.21142179365 8.50085833121 5.49939705568 197.88999939 0.162536534192 0.0 9.0 1.0 1.0 2.5 0.0 0.0 
211 16.888009548 -7.21142179365 8.50085833121 5.49939705568 201.200000763 0.162536534192 0.0 9.0 1.0 1.0 2.5 0.0 0.0 
211 16.888009548 -7.21142179365 8.50085833121 5.49939705568 199.809999466 0.162536534192 0.0 9.0 1.0 1.0 2.5 0.0 0.0 
211 16.888009548 -7.21142179365 8.50085833121 5.49939705568 202.370000839 0.162536534192 0.0 9.0 1.0 1.0 2.5 0.0 0.0 
211 16.888009548 -7.21142179365 8.50085833121 5.49939705568 204.090000153 0.162536534192 0.0 9.0 1.0 1.0 2.5 0.0 0.0 
211 16.888009548 -7.21142179365 8.50085833121 5.49939705568 208.030000687 0.162536534192 0.0 9.0 1.0 1.0 2.5 0.0 0.0 
211 16.888009548 -7.21142179365 8.50085833121 5.49939705568 210.100000381 0.162536534192 0.0 9.0 1.0 1.0 2.5 0.0 0.0 
211 16.888009548 -7.21142179365 8.50085833121 5.49939705568 209.290000916 0.162536534192 0.0 9.0 1.0 1.0 2.5 0.0 0.0 
211 16.888009548 -7.21142179365 8.50085833121 5.49939705568 206.190000534 0.162536534192 0.0 9.0 1.0 1.0 2.5 0.0 0.0 
211 16.888009548 -7.21142179365 8.50085833121 5.49939705568 205.159999847 0.162536534192 0.0 9.0 1.0 1.0 2.5 0.0 0.0 
211 16.888009548 -7.21142179365 8.50085833121 5.49939705568 199.729999542 0.162536534192 0.0 9.0 1.0 1.0 2.5 0.0 0.0 
211 16.888009548 -7.21142179365 8.50085833121 5.49939705568 198.520000458 0.162536534192 0.0 9.0 1.0 1.0 2.5 0.0 0.0 
211 16.888009548 -7.21142179365 8.50085833121 5.49939705568 199.520000458 0.162536534192 0.0 9.0 1.0 1.0 2.5 0.0 0.0 
211 16.888009548 -7.21142179365 8.50085833121 5.49939705568 202.690000534 0.162536534192 0.0 9.0 1.0 1.0 2.5 0.0 0.0 
211 16.888009548 -7.21142179365 8.50085833121 5.49939705568 204.540000916 0.162536534192 0.0 9.0 1.0 1.0 2.5 0.0 0.0 
211 16.888009548 -7.21142179365 8.50085833121 5.49939705568 207.520000458 0.162536534192 0.0 9.0 1.0 1.0 2.5 0.0 0.0 
211 16.888009548 -7.21142179365 8.50085833121 5.49939705568 208.5 0.162536534192 0.0 9.0 1.0 1.0 2.5 0.0 0.0 
211 16.888009548 -7.21142179365 8.50085833121 5.49939705568 207.209999084 0.162536534192 0.0 9.0 1.0 1.0 2.5 0.0 0.0 
211 16.888009548 -7.21142179365 8.50085833121 5.49939705568 204.340000153 0.162536534192 0.0 9.0 1.0 1.0 2.5 0.0 0.0 
211 16.888009548 -7.21142179365 8.50085833121 5.49939705568 202.149999619 0.162536534192 0.0 9.0 1.0 1.0 2.5 0.0 0.0 
211 16.888009548 -7.21142179365 8.50085833121 5.49939705568 200.129999161 0.162536534192 0.0 9.0 1.0 1.0 2.5 0.0 0.0 
211 16.888009548 -7.21142179365 8.50085833121 5.49939705568 200.809999466 0.162536534192 0.0 9.0 1.0 1.0 2.5 0.0 0.0 
211 16.888009548 -7.21142179365 8.50085833121 5.49939705568 203.209999084 0.162536534192 0.0 9.0 1.0 1.0 2.5 0.0 0.0 
211 16.888009548 -7.21142179365 8.50085833121 5.49939705568 205.899999619 0.162536534192 0.0 9.0 1.0 1.0 2.5 0.0 0.0 
211 16.888009548 -7.21142179365 8.50085833121 5.49939705568 207.329999924 0.162536534192 0.0 9.0 1.0 1.0 2.5 0.0 0.0 
211 16.888009548 -7.21142179365 8.50085833121 5.49939705568 206.829999924 0.162536534192 0.0 9.0 1.0 1.0 2.5 0.0 0.0 
211 16.888009548 -7.21142179365 8.50085833121 5.49939705568 204.819999695 0.162536534192 0.0 9.0 1.0 1.0 2.5 0.0 0.0 
211 16.888009548 -7.21142179365 8.50085833121 5.49939705568 202.469999313 0.162536534192 0.0 9.0 1.0 1.0 2.5 0.0 0.0 
211 16.888009548 -7.21142179365 8.50085833121 5.49939705568 200.930000305 0.162536534192 0.0 9.0 1.0 1.0 2.5 0.0 0.0 
211 16.888009548 -7.21142179365 8.50085833121 5.49939705568 201.209999084 0.162536534192 0.0 9.0 1.0 1.0 2.5 0.0 0.0 
211 16.888009548 -7.21142179365 8.50085833121 5.49939705568 202.930000305 0.162536534192 0.0 9.0 1.0 1.0 2.5 0.0 0.0 
211 16.888009548 -7.21142179365 8.50085833121 5.49939705568 204.049999237 0.162536534192 0.0 9.0 1.0 1.0 2.5 0.0 0.0 
211 16.888009548 -7.21142179365 8.50085833121 5.49939705568 205.979999542 0.162536534192 0.0 9.0 1.0 1.0 2.5 0.0 0.0 
211 16.888009548 -7.21142179365 8.50085833121 5.49939705568 206.709999084 0.162536534192 0.0 9.0 1.0 1.0 2.5 0.0 0.0 
211 16.888009548 -7.21142179365 8.50085833121 5.49939705568 205.950000763 0.162536534192 0.0 9.0 1.0 1.0 2.5 0.0 0.0 
211 16.888009548 -7.21142179365 8.50085833121 5.49939705568 203.290000916 0.162536534192 0.0 9.0 1.0 1.0 2.5 0.0 0.0 
211 16.888009548 -7.21142179365 8.50085833121 5.49939705568 201.760000229 0.162536534192 0.0 9.0 1.0 1.0 2.5 0.0 0.0 
211 16.888009548 -7.21142179365 8.50085833121 5.49939705568 201.930000305 0.162536534192 0.0 9.0 1.0 1.0 2.5 0.0 0.0 
211 16.888009548 -7.21142179365 8.50085833121 5.49939705568 203.079999924 0.162536534192 0.0 9.0 1.0 1.0 2.5 0.0 0.0 
211 16.888009548 -7.21142179365 8.50085833121 5.49939705568 203.459999084 0.162536534192 0.0 9.0 1.0 1.0 2.5 0.0 0.0 
211 16.888009548 -7.21142179365 8.50085833121 5.49939705568 205.100000381 0.162536534192 0.0 9.0 1.0 1.0 2.5 0.0 0.0 
211 16.888009548 -7.21142179365 8.50085833121 5.49939705568 205.770000458 0.162536534192 0.0 9.0 1.0 1.0 2.5 0.0 0.0 
211 16.888009548 -7.21142179365 8.50085833121 5.49939705568 205.909999847 0.162536534192 0.0 9.0 1.0 1.0 2.5 0.0 0.0 
211 16.888009548 -7.21142179365 8.50085833121 5.49939705568 204.780000687 0.162536534192 0.0 9.0 1.0 1.0 2.5 0.0 0.0 
211 16.888009548 -7.21142179365 8.50085833121 5.49939705568 203.309999466 0.162536534192 0.0 9.0 1.0 1.0 2.5 0.0 0.0 
211 16.888009548 -7.21142179365 8.50085833121 5.49939705568 202.190000534 0.162536534192 0.0 9.0 1.0 1.0 2.5 0.0 0.0 
211 16.888009548 -7.21142179365 8.50085833121 5.49939705568 202.329999924 0.162536534192 0.0 9.0 1.0 1.0 2.5 0.0 0.0 
211 16.888009548 -7.21142179365 8.50085833121 5.49939705568 203.540000916 0.162536534192 0.0 9.0 1.0 1.0 2.5 0.0 0.0 
211 16.888009548 -7.21142179365 8.50085833121 5.49939705568 204.799999237 0.162536534192 0.0 9.0 1.0 1.0 2.5 0.0 0.0 
211 16.888009548 -7.21142179365 8.50085833121 5.49939705568 205.510000229 0.162536534192 0.0 9.0 1.0 1.0 2.5 0.0 0.0 
211 16.888009548 -7.21142179365 8.50085833121 5.49939705568 205.489999771 0.162536534192 0.0 9.0 1.0 1.0 2.5 0.0 0.0 
211 16.888009548 -7.21142179365 8.50085833121 5.49939705568 204.799999237 0.162536534192 0.0 9.0 1.0 1.0 2.5 0.0 0.0 
211 16.888009548 -7.21142179365 8.50085833121 5.49939705568 203.719999313 0.162536534192 0.0 9.0 1.0 1.0 2.5 0.0 0.0 
211 16.888009548 -7.21142179365 8.50085833121 5.49939705568 202.840000153 0.162536534192 0.0 9.0 1.0 1.0 2.5 0.0 0.0 
211 16.888009548 -7.21142179365 8.50085833121 5.49939705568 202.63999939 0.162536534192 0.0 9.0 1.0 1.0 2.5 0.0 0.0 
211 16.888009548 -7.21142179365 8.50085833121 5.49939705568 203.290000916 0.162536534192 0.0 9.0 1.0 1.0 2.5 0.0 0.0 
211 16.888009548 -7.21142179365 8.50085833121 5.49939705568 203.489999771 0.162536534192 0.0 9.0 1.0 1.0 2.5 0.0 0.0 
211 16.888009548 -7.21142179365 8.50085833121 5.49939705568 204.409999847 0.162536534192 0.0 9.0 1.0 1.0 2.5 0.0 0.0 
211 16.888009548 -7.21142179365 8.50085833121 5.49939705568 205.020000458 0.162536534192 0.0 9.0 1.0 1.0 2.5 0.0 0.0 
