# visionSample, x, y, visX, visY, angle, rawDist, rawAngle, distM, distC, angleC, angleM, distRSquared, angleRSquared
0 0.0 0.0 16.2015337283 -1.069738189 -0.910000026226 0.642930624842 -3.84375 9.0 1.0 1.0 2.5 0.0 0.0 
0 0.0 0.0 16.2015337283 -1.069738189 -0.920000016689 0.642930624842 -3.84375 9.0 1.0 1.0 2.5 0.0 0.0 
0 0.0 0.0 16.2015337283 -1.069738189 -0.920000016689 0.642930624842 -3.84375 9.0 1.0 1.0 2.5 0.0 0.0 
0 0.0 0.0 16.2015337283 -1.069738189 -0.920000016689 0.642930624842 -3.84375 9.0 1.0 1.0 2.5 0.0 0.0 
0 0.0 0.0 16.2015337283 -1.069738189 -0.920000016689 0.642930624842 -3.84375 9.0 1.0 1.0 2.5 0.0 0.0 
0 0.0 0.0 16.2015337283 -1.069738189 -0.920000016689 0.642930624842 -3.84375 9.0 1.0 1.0 2.5 0.0 0.0 
0 0.0 0.0 16.2015337283 -1.069738189 -0.920000016689 0.642930624842 -3.84375 9.0 1.0 1.0 2.5 0.0 0.0 
0 0.0 0.0 16.2015337283 -1.069738189 -0.930000007153 0.642930624842 -3.84375 9.0 1.0 1.0 2.5 0.0 0.0 
0 0.0 0.0 16.2015337283 -1.069738189 -0.930000007153 0.642930624842 -3.84375 9.0 1.0 1.0 2.5 0.0 0.0 
0 0.0 0.0 16.2015337283 -1.069738189 -0.930000007153 0.642930624842 -3.84375 9.0 1.0 1.0 2.5 0.0 0.0 
0 0.0 0.0 16.2015337283 -1.069738189 -0.930000007153 0.642930624842 -3.84375 9.0 1.0 1.0 2.5 0.0 0.0 
0 0.0 0.0 16.2015337283 -1.069738189 -0.930000007153 0.642930624842 -3.84375 9.0 1.0 1.0 2.5 0.0 0.0 
0 0.0 0.0 16.2015337283 -1.069738189 -0.939999997616 0.642930624842 -3.84375 9.0 1.0 1.0 2.5 0.0 0.0 
0 0.0 0.0 16.2015337283 -1.069738189 -0.939999997616 0.642930624842 -3.84375 9.0 1.0 1.0 2.5 0.0 0.0 
0 0.0 0.0 16.2015337283 -1.069738189 -0.939999997616 0.642930624842 -3.84375 9.0 1.0 1.0 2.5 0.0 0.0 
0 0.0 0.0 16.2015337283 -1.069738189 -0.949999988079 0.642930624842 -3.84375 9.0 1.0 1.0 2.5 0.0 0.0 
0 0.0 0.0 16.2015337283 -1.069738189 -0.959999978542 0.642930624842 -3.84375 9.0 1.0 1.0 2.5 0.0 0.0 
0 0.0 0.0 16.2015337283 -1.069738189 -0.949999988079 0.642930624842 -3.84375 9.0 1.0 1.0 2.5 0.0 0.0 
0 0.0 0.0 16.2015337283 -1.069738189 -0.959999978542 0.642930624842 -3.84375 9.0 1.0 1.0 2.5 0.0 0.0 
0 0.0 0.0 16.2015337283 -1.069738189 -0.959999978542 0.642930624842 -3.84375 9.0 1.0 1.0 2.5 0.0 0.0 
0 0.0 0.0 16.2015337283 -1.069738189 -0.97000002861 0.642930624842 -3.84375 9.0 1.0 1.0 2.5 0.0 0.0 
0 0.0 0.0 16.2015337283 -1.069738189 -0.97000002861 0.642930624842 -3.84375 9.0 1.0 1.0 2.5 0.0 0.0 
0 0.0 0.0 16.2015337283 -1.069738189 -0.97000002861 0.642930624842 -3.84375 9.0 1.0 1.0 2.5 0.0 0.0 
0 0.0 0.0 16.2015337283 -1.069738189 -0.980000019073 0.642930624842 -3.84375 9.0 1.0 1.0 2.5 0.0 0.0 
0 0.0 0.0 16.2015337283 -1.069738189 -0.980000019073 0.642930624842 -3.84375 9.0 1.0 1.0 2.5 0.0 0.0 
0 0.0 0.0 16.2015337283 -1.069738189 -0.980000019073 0.642930624842 -3.84375 9.0 1.0 1.0 2.5 0.0 0.0 
0 0.0 0.0 16.2015337283 -1.069738189 -0.980000019073 0.642930624842 -3.84375 9.0 1.0 1.0 2.5 0.0 0.0 
0 0.0 0.0 16.2015337283 -1.069738189 -0.980000019073 0.642930624842 -3.84375 9.0 1.0 1.0 2.5 0.0 0.0 
0 0.0 0.0 16.2015337283 -1.069738189 -0.990000009537 0.642930624842 -3.84375 9.0 1.0 1.0 2.5 0.0 0.0 
0 0.0 0.0 16.2015337283 -1.069738189 -0.990000009537 0.642930624842 -3.84375 9.0 1.0 1.0 2.5 0.0 0.0 
0 0.0 0.0 16.2015337283 -1.069738189 -0.959999978542 0.642930624842 -3.84375 9.0 1.0 1.0 2.5 0.0 0.0 
0 0.0 0.0 16.2015337283 -1.069738189 -0.990000009537 0.642930624842 -3.84375 9.0 1.0 1.0 2.5 0.0 0.0 
0 0.0 0.0 16.2015337283 -1.069738189 -1.0 0.642930624842 -3.84375 9.0 1.0 1.0 2.5 0.0 0.0 
0 0.0 0.0 16.2015337283 -1.069738189 -1.00999999046 0.642930624842 -3.84375 9.0 1.0 1.0 2.5 0.0 0.0 
0 0.0 0.0 16.2015337283 -1.069738189 -1.03999996185 0.642930624842 -3.84375 9.0 1.0 1.0 2.5 0.0 0.0 
0 0.0 0.0 16.2015337283 -1.069738189 -1.05999994278 0.642930624842 -3.84375 9.0 1.0 1.0 2.5 0.0 0.0 
0 0.0 0.0 16.2015337283 -1.069738189 -1.07000005245 0.642930624842 -3.84375 9.0 1.0 1.0 2.5 0.0 0.0 
0 0.0 0.0 16.2015337283 -1.069738189 -1.04999995232 0.642930624842 -3.84375 9.0 1.0 1.0 2.5 0.0 0.0 
0 0.0 0.0 16.2015337283 -1.069738189 -1.03999996185 0.642930624842 -3.84375 9.0 1.0 1.0 2.5 0.0 0.0 
0 0.0 0.0 16.2015337283 -1.069738189 -1.02999997139 0.642930624842 -3.84375 9.0 1.0 1.0 2.5 0.0 0.0 
0 0.0 0.0 16.2015337283 -1.069738189 -1.02999997139 0.642930624842 -3.84375 9.0 1.0 1.0 2.5 0.0 0.0 
0 0.0 0.0 16.2015337283 -1.069738189 -1.02999997139 0.642930624842 -3.84375 9.0 1.0 1.0 2.5 0.0 0.0 
0 0.0 0.0 16.2015337283 -1.069738189 -1.02999997139 0.642930624842 -3.84375 9.0 1.0 1.0 2.5 0.0 0.0 
0 0.0 0.0 16.2015337283 -1.069738189 -1.02999997139 0.642930624842 -3.84375 9.0 1.0 1.0 2.5 0.0 0.0 
0 0.0 0.0 16.2015337283 -1.069738189 -1.02999997139 0.642930624842 -3.84375 9.0 1.0 1.0 2.5 0.0 0.0 
0 0.0 0.0 16.2015337283 -1.069738189 -1.03999996185 0.642930624842 -3.84375 9.0 1.0 1.0 2.5 0.0 0.0 
0 0.0 0.0 16.2015337283 -1.069738189 -1.03999996185 0.642930624842 -3.84375 9.0 1.0 1.0 2.5 0.0 0.0 
0 0.0 0.0 16.2015337283 -1.069738189 -1.03999996185 0.642930624842 -3.84375 9.0 1.0 1.0 2.5 0.0 0.0 
0 0.0 0.0 16.2015337283 -1.069738189 -1.03999996185 0.642930624842 -3.84375 9.0 1.0 1.0 2.5 0.0 0.0 
0 0.0 0.0 16.2015337283 -1.069738189 -1.04999995232 0.642930624842 -3.84375 9.0 1.0 1.0 2.5 0.0 0.0 
0 0.0 0.0 16.2015337283 -1.069738189 -1.04999995232 0.642930624842 -3.84375 9.0 1.0 1.0 2.5 0.0 0.0 
0 0.0 0.0 16.2015337283 -1.069738189 -1.05999994278 0.642930624842 -3.84375 9.0 1.0 1.0 2.5 0.0 0.0 
0 0.0 0.0 16.2015337283 -1.069738189 -1.05999994278 0.642930624842 -3.84375 9.0 1.0 1.0 2.5 0.0 0.0 
0 0.0 0.0 16.2015337283 -1.069738189 -1.05999994278 0.642930624842 -3.84375 9.0 1.0 1.0 2.5 0.0 0.0 
0 0.0 0.0 16.2015337283 -1.069738189 -1.05999994278 0.642930624842 -3.84375 9.0 1.0 1.0 2.5 0.0 0.0 
0 0.0 0.0 16.2015337283 -1.069738189 -1.07000005245 0.642930624842 -3.84375 9.0 1.0 1.0 2.5 0.0 0.0 
0 0.0 0.0 16.2015337283 -1.069738189 -1.07000005245 0.642930624842 -3.84375 9.0 1.0 1.0 2.5 0.0 0.0 
0 0.0 0.0 16.2015337283 -1.069738189 -1.08000004292 0.642930624842 -3.84375 9.0 1.0 1.0 2.5 0.0 0.0 
0 0.0 0.0 16.2015337283 -1.069738189 -1.08000004292 0.642930624842 -3.84375 9.0 1.0 1.0 2.5 0.0 0.0 
0 0.0 0.0 16.2015337283 -1.069738189 -1.08000004292 0.642930624842 -3.84375 9.0 1.0 1.0 2.5 0.0 0.0 
0 0.0 0.0 16.2015337283 -1.069738189 -1.08000004292 0.642930624842 -3.84375 9.0 1.0 1.0 2.5 0.0 0.0 
