# visionSample, x, y, visX, visY, angle, rawDist, rawAngle, distM, distC, angleC, angleM, distRSquared, angleRSquared
0 1.21804547819 8.55655562672 7.26837647084 0.318699936136 313.970001221 0.139362840252 -2.875 9.0 1.0 1.0 2.5 0.0 0.0 
0 1.21804547819 8.55655562672 7.26837647084 0.318699936136 313.970001221 0.139362840252 -2.875 9.0 1.0 1.0 2.5 0.0 0.0 
0 1.17691236088 8.59972394298 7.26837647084 0.318699936136 312.059997559 0.139362840252 -2.875 9.0 1.0 1.0 2.5 0.0 0.0 
0 1.17816991545 8.59834891535 7.26837647084 0.318699936136 312.699996948 0.139362840252 -2.875 9.0 1.0 1.0 2.5 0.0 0.0 
0 1.17816991545 8.59834891535 7.26837647084 0.318699936136 312.690002441 0.139362840252 -2.875 9.0 1.0 1.0 2.5 0.0 0.0 
0 1.17816991545 8.59834891535 7.26837647084 0.318699936136 312.690002441 0.139362840252 -2.875 9.0 1.0 1.0 2.5 0.0 0.0 
0 1.17816991545 8.59834891535 7.26837647084 0.318699936136 312.690002441 0.139362840252 -2.875 9.0 1.0 1.0 2.5 0.0 0.0 
0 1.17816991545 8.59834891535 7.26837647084 0.318699936136 312.690002441 0.139362840252 -2.875 9.0 1.0 1.0 2.5 0.0 0.0 
0 1.17816991545 8.59834891535 7.26837647084 0.318699936136 312.690002441 0.139362840252 -2.875 9.0 1.0 1.0 2.5 0.0 0.0 
0 1.17816991545 8.59834891535 7.26837647084 0.318699936136 312.699996948 0.139362840252 -2.875 9.0 1.0 1.0 2.5 0.0 0.0 
0 1.17816991545 8.59834891535 7.26837647084 0.318699936136 312.699996948 0.139362840252 -2.875 9.0 1.0 1.0 2.5 0.0 0.0 
0 1.17816991545 8.59834891535 7.26837647084 0.318699936136 312.699996948 0.139362840252 -2.875 9.0 1.0 1.0 2.5 0.0 0.0 
0 1.17816991545 8.59834891535 7.26837647084 0.318699936136 312.710006714 0.139362840252 -2.875 9.0 1.0 1.0 2.5 0.0 0.0 
0 1.17816991545 8.59834891535 7.26837647084 0.318699936136 312.699996948 0.139362840252 -2.875 9.0 1.0 1.0 2.5 0.0 0.0 
0 1.17816991545 8.59834891535 7.26837647084 0.318699936136 312.710006714 0.139362840252 -2.875 9.0 1.0 1.0 2.5 0.0 0.0 
0 1.17816991545 8.59834891535 7.26837647084 0.318699936136 312.710006714 0.139362840252 -2.875 9.0 1.0 1.0 2.5 0.0 0.0 
0 1.17816991545 8.59834891535 7.26837647084 0.318699936136 312.710006714 0.139362840252 -2.875 9.0 1.0 1.0 2.5 0.0 0.0 
0 1.17816991545 8.59834891535 7.26837647084 0.318699936136 312.710006714 0.139362840252 -2.875 9.0 1.0 1.0 2.5 0.0 0.0 
0 1.17816991545 8.59834891535 7.26837647084 0.318699936136 312.720001221 0.139362840252 -2.875 9.0 1.0 1.0 2.5 0.0 0.0 
0 1.17816991545 8.59834891535 7.26837647084 0.318699936136 312.710006714 0.139362840252 -2.875 9.0 1.0 1.0 2.5 0.0 0.0 
0 1.17816991545 8.59834891535 7.26837647084 0.318699936136 312.710006714 0.139362840252 -2.875 9.0 1.0 1.0 2.5 0.0 0.0 
0 1.17816991545 8.59834891535 7.26837647084 0.318699936136 312.710006714 0.139362840252 -2.875 9.0 1.0 1.0 2.5 0.0 0.0 
0 1.17816991545 8.59834891535 7.26837647084 0.318699936136 312.710006714 0.139362840252 -2.875 9.0 1.0 1.0 2.5 0.0 0.0 
0 1.17816991545 8.59834891535 7.26837647084 0.318699936136 312.710006714 0.139362840252 -2.875 9.0 1.0 1.0 2.5 0.0 0.0 
0 1.17816991545 8.59834891535 7.26837647084 0.318699936136 312.699996948 0.139362840252 -2.875 9.0 1.0 1.0 2.5 0.0 0.0 
0 1.17816991545 8.59834891535 7.26837647084 0.318699936136 312.710006714 0.139362840252 -2.875 9.0 1.0 1.0 2.5 0.0 0.0 
0 1.17816991545 8.59834891535 7.26837647084 0.318699936136 312.710006714 0.139362840252 -2.875 9.0 1.0 1.0 2.5 0.0 0.0 
0 1.17816991545 8.59834891535 7.26837647084 0.318699936136 312.710006714 0.139362840252 -2.875 9.0 1.0 1.0 2.5 0.0 0.0 
0 1.17816991545 8.59834891535 7.26837647084 0.318699936136 312.699996948 0.139362840252 -2.875 9.0 1.0 1.0 2.5 0.0 0.0 
0 1.17816991545 8.59834891535 7.26837647084 0.318699936136 312.699996948 0.139362840252 -2.875 9.0 1.0 1.0 2.5 0.0 0.0 
0 1.17816991545 8.59834891535 7.26837647084 0.318699936136 312.699996948 0.139362840252 -2.875 9.0 1.0 1.0 2.5 0.0 0.0 
0 1.17816991545 8.59834891535 7.26837647084 0.318699936136 312.699996948 0.139362840252 -2.875 9.0 1.0 1.0 2.5 0.0 0.0 
0 1.17816991545 8.59834891535 7.26837647084 0.318699936136 312.699996948 0.139362840252 -2.875 9.0 1.0 1.0 2.5 0.0 0.0 
0 1.17816991545 8.59834891535 7.26837647084 0.318699936136 312.699996948 0.139362840252 -2.875 9.0 1.0 1.0 2.5 0.0 0.0 
0 1.17816991545 8.59834891535 7.26837647084 0.318699936136 312.699996948 0.139362840252 -2.875 9.0 1.0 1.0 2.5 0.0 0.0 
0 1.17816991545 8.59834891535 7.26837647084 0.318699936136 312.699996948 0.139362840252 -2.875 9.0 1.0 1.0 2.5 0.0 0.0 
0 1.17816991545 8.59834891535 7.26837647084 0.318699936136 312.699996948 0.139362840252 -2.875 9.0 1.0 1.0 2.5 0.0 0.0 
0 1.17816991545 8.59834891535 7.26837647084 0.318699936136 312.699996948 0.139362840252 -2.875 9.0 1.0 1.0 2.5 0.0 0.0 
0 1.17816991545 8.59834891535 7.26837647084 0.318699936136 312.699996948 0.139362840252 -2.875 9.0 1.0 1.0 2.5 0.0 0.0 
0 1.17816991545 8.59834891535 7.26837647084 0.318699936136 312.699996948 0.139362840252 -2.875 9.0 1.0 1.0 2.5 0.0 0.0 
0 1.17816991545 8.59834891535 7.26837647084 0.318699936136 312.699996948 0.139362840252 -2.875 9.0 1.0 1.0 2.5 0.0 0.0 
0 1.17816991545 8.59834891535 7.26837647084 0.318699936136 312.699996948 0.139362840252 -2.875 9.0 1.0 1.0 2.5 0.0 0.0 
0 1.17816991545 8.59834891535 7.26837647084 0.318699936136 312.699996948 0.139362840252 -2.875 9.0 1.0 1.0 2.5 0.0 0.0 
0 1.17816991545 8.59834891535 7.26837647084 0.318699936136 312.699996948 0.139362840252 -2.875 9.0 1.0 1.0 2.5 0.0 0.0 
0 1.17816991545 8.59834891535 7.26837647084 0.318699936136 312.699996948 0.139362840252 -2.875 9.0 1.0 1.0 2.5 0.0 0.0 
0 1.17816991545 8.59834891535 7.26837647084 0.318699936136 312.699996948 0.139362840252 -2.875 9.0 1.0 1.0 2.5 0.0 0.0 
0 1.17816991545 8.59834891535 7.26837647084 0.318699936136 312.699996948 0.139362840252 -2.875 9.0 1.0 1.0 2.5 0.0 0.0 
0 1.17816991545 8.59834891535 7.26837647084 0.318699936136 312.699996948 0.139362840252 -2.875 9.0 1.0 1.0 2.5 0.0 0.0 
0 1.17816991545 8.59834891535 7.26837647084 0.318699936136 312.699996948 0.139362840252 -2.875 9.0 1.0 1.0 2.5 0.0 0.0 
0 1.17816991545 8.59834891535 7.26837647084 0.318699936136 312.699996948 0.139362840252 -2.875 9.0 1.0 1.0 2.5 0.0 0.0 
0 1.17816991545 8.59834891535 7.26837647084 0.318699936136 312.699996948 0.139362840252 -2.875 9.0 1.0 1.0 2.5 0.0 0.0 
0 1.17816991545 8.59834891535 7.26837647084 0.318699936136 312.699996948 0.139362840252 -2.875 9.0 1.0 1.0 2.5 0.0 0.0 
0 0.0 0.0 0.0 0.0 133.38999939 0.139362840252 -2.875 9.0 1.0 1.0 2.5 0.0 0.0 
0 0.0384066037933 -0.040620240039 8.13699470942 1.79553050742 132.990005493 0.139362840252 -2.875 9.0 1.0 1.0 2.5 0.0 0.0 
0 -0.0321804869858 0.0349642777713 8.13699470942 1.79553050742 133.440002441 0.139362840252 -2.875 9.0 1.0 1.0 2.5 0.0 0.0 
0 -0.0828808027056 0.0883225213569 8.13699470942 1.79553050742 133.919998169 0.139362840252 -2.875 9.0 1.0 1.0 2.5 0.0 0.0 
0 -0.481212940528 0.501514478719 8.13699470942 1.79553050742 134.259994507 0.139362840252 -2.875 9.0 1.0 1.0 2.5 0.0 0.0 
0 -0.703598812288 0.728410426197 8.13699470942 1.79553050742 138.619995117 0.139362840252 -2.875 9.0 1.0 1.0 2.5 0.0 0.0 
0 -0.946050646626 0.928572762216 8.13699470942 1.79553050742 149.88999939 0.139362840252 -2.875 9.0 1.0 1.0 2.5 0.0 0.0 
0 -1.258773541 1.04862488618 8.13699470942 1.79553050742 -178.089996338 0.139362840252 -2.875 9.0 1.0 1.0 2.5 0.0 0.0 
0 -1.87394712361 1.00026245353 8.13699470942 1.79553050742 -157.13999939 0.139362840252 -2.875 9.0 1.0 1.0 2.5 0.0 0.0 
0 -2.44189887539 0.744332666973 8.13699470942 1.79553050742 -145.820007324 0.139362840252 -2.875 9.0 1.0 1.0 2.5 0.0 0.0 
0 -2.88647593947 0.41999420574 8.13699470942 1.79553050742 -126.230003357 0.139362840252 -2.875 9.0 1.0 1.0 2.5 0.0 0.0 
0 -3.0314808137 0.206002498188 8.13699470942 1.79553050742 -97.0500030518 0.139362840252 -2.875 9.0 1.0 1.0 2.5 0.0 0.0 
0 -3.03795609788 0.214433715439 8.13699470942 1.79553050742 -79.5899963379 0.139362840252 -2.875 9.0 1.0 1.0 2.5 0.0 0.0 
0 -3.08207578754 0.351968500641 8.13699470942 1.79553050742 -58.4300003052 0.139362840252 -2.875 9.0 1.0 1.0 2.5 0.0 0.0 
0 -3.23389453301 0.538295549033 8.13699470942 1.79553050742 -42.0800018311 0.139362840252 -2.875 9.0 1.0 1.0 2.5 0.0 0.0 
0 -3.4069060412 0.701010186592 8.13699470942 1.79553050742 -54.1199989319 0.139362840252 -2.875 9.0 1.0 1.0 2.5 0.0 0.0 
0 -3.5058597043 0.828104004287 8.13699470942 1.79553050742 -61.0999984741 0.139362840252 -2.875 9.0 1.0 1.0 2.5 0.0 0.0 
1 -3.65806549675 1.11093752641 8.13699470942 1.79553050742 -64.0400009155 0.756534415836 -0.21875 9.0 1.0 1.0 2.5 0.0 0.0 
1 -3.80215465151 1.39925514843 8.13699470942 1.79553050742 -58.4199981689 0.756534415836 -0.21875 9.0 1.0 1.0 2.5 0.0 0.0 
1 -3.89934899152 1.56256429544 8.13699470942 1.79553050742 -54.9900016785 0.756534415836 -0.21875 9.0 1.0 1.0 2.5 0.0 0.0 
4 -4.09633945376 1.84883633145 8.13699470942 1.79553050742 -60.8899993896 0.556242699362 -4.5 9.0 1.0 1.0 2.5 0.0 0.0 
10 -4.22817990732 2.12146517903 8.13699470942 1.79553050742 -76.0199966431 0.508197267614 -0.28125 9.0 1.0 1.0 2.5 0.0 0.0 
10 -4.32016858446 2.52040843747 8.13699470942 1.79553050742 -83.1500015259 0.508197267614 -0.28125 9.0 1.0 1.0 2.5 0.0 0.0 
10 -4.34550237892 2.71817219858 8.13699470942 1.79553050742 -82.7699966431 0.508197267614 -0.28125 9.0 1.0 1.0 2.5 0.0 0.0 
10 -4.34440896569 2.71168202816 8.13699470942 1.79553050742 -75.1100006104 0.508197267614 -0.28125 9.0 1.0 1.0 2.5 0.0 0.0 
10 -4.37118915075 2.76899121751 8.13699470942 1.79553050742 -57.5999984741 0.508197267614 -0.28125 9.0 1.0 1.0 2.5 0.0 0.0 
10 -4.41304980897 2.82722639305 8.13699470942 1.79553050742 -49.9700012207 0.508197267614 -0.28125 9.0 1.0 1.0 2.5 0.0 0.0 
13 -4.62663270876 3.05052932172 8.13699470942 1.79553050742 -40.3100013733 0.318969935821 -4.109375 9.0 1.0 1.0 2.5 0.0 0.0 
13 -4.86968663373 3.23860960841 8.13699470942 1.79553050742 -36.1800003052 0.318969935821 -4.109375 9.0 1.0 1.0 2.5 0.0 0.0 
13 -4.92296287965 3.28065493323 8.13699470942 1.79553050742 -55.6399993896 0.318969935821 -4.109375 9.0 1.0 1.0 2.5 0.0 0.0 
13 -4.96625918345 3.34909742509 8.13699470942 1.79553050742 -61.7599983215 0.318969935821 -4.109375 9.0 1.0 1.0 2.5 0.0 0.0 
13 -5.00459648635 3.42051670002 8.13699470942 1.79553050742 -59.9500007629 0.318969935821 -4.109375 9.0 1.0 1.0 2.5 0.0 0.0 
13 -5.01785732335 3.44406048857 8.13699470942 1.79553050742 -55.0200004578 0.318969935821 -4.109375 9.0 1.0 1.0 2.5 0.0 0.0 
13 -4.93718382288 3.32766684613 8.13699470942 1.79553050742 -55.8199996948 0.318969935821 -4.109375 9.0 1.0 1.0 2.5 0.0 0.0 
13 -4.88062974502 3.24443905376 8.13699470942 1.79553050742 -55.5600013733 0.318969935821 -4.109375 9.0 1.0 1.0 2.5 0.0 0.0 
13 -4.85853122532 3.21214454253 8.13699470942 1.79553050742 -55.0800018311 0.318969935821 -4.109375 9.0 1.0 1.0 2.5 0.0 0.0 
13 -4.95020364718 3.34358769786 8.13699470942 1.79553050742 -54.9399986267 0.318969935821 -4.109375 9.0 1.0 1.0 2.5 0.0 0.0 
13 -5.05817707346 3.49659957464 8.13699470942 1.79553050742 -54.3300018311 0.318969935821 -4.109375 9.0 1.0 1.0 2.5 0.0 0.0 
13 -4.96490955043 3.36858196076 8.13699470942 1.79553050742 -53.8699989319 0.318969935821 -4.109375 9.0 1.0 1.0 2.5 0.0 0.0 
13 -4.69849429418 2.99785572309 8.13699470942 1.79553050742 -55.0499992371 0.318969935821 -4.109375 9.0 1.0 1.0 2.5 0.0 0.0 
15 -4.49949724173 2.70954570905 8.13699470942 1.79553050742 -55.8199996948 0.289953750266 -0.75 9.0 1.0 1.0 2.5 0.0 0.0 
23 -4.43423058595 2.61308896004 11.5896694302 -3.13029344817 -55.7900009155 0.332712847931 -0.59375 9.0 1.0 1.0 2.5 0.0 0.0 
30 -4.51948130359 2.73651369847 11.6145371617 -3.23404584926 -55.4300003052 0.308571436632 -1.03125 9.0 1.0 1.0 2.5 0.0 0.0 
36 -4.67997958588 2.96988943054 11.5405403361 -3.1181980834 -55.7700004578 0.27658522738 -0.8125 9.0 1.0 1.0 2.5 0.0 0.0 
37 -4.85285360056 3.22414894771 11.4889575428 -3.02847459389 -55.9900016785 0.291467160904 -0.75 9.0 1.0 1.0 2.5 0.0 0.0 
37 -5.09886017319 3.58866746668 11.4889575428 -3.02847459389 -56.0800018311 0.291467160904 -0.75 9.0 1.0 1.0 2.5 0.0 0.0 
37 -5.5883573804 4.29437497463 11.4889575428 -3.02847459389 -52.2900009155 0.291467160904 -0.75 9.0 1.0 1.0 2.5 0.0 0.0 
37 -5.72180032908 4.46441587798 11.4889575428 -3.02847459389 -51.6899986267 0.291467160904 -0.75 9.0 1.0 1.0 2.5 0.0 0.0 
37 -5.87246035663 4.65648198694 11.4889575428 -3.02847459389 -51.5299987793 0.291467160904 -0.75 9.0 1.0 1.0 2.5 0.0 0.0 
37 -5.99447754194 4.80943192291 11.4889575428 -3.02847459389 -50.5499992371 0.291467160904 -0.75 9.0 1.0 1.0 2.5 0.0 0.0 
37 -6.11132568834 4.94853867101 11.4889575428 -3.02847459389 -48.8699989319 0.291467160904 -0.75 9.0 1.0 1.0 2.5 0.0 0.0 
37 -6.19026000146 5.03917440479 11.4889575428 -3.02847459389 -49.4099998474 0.291467160904 -0.75 9.0 1.0 1.0 2.5 0.0 0.0 
37 -6.20774188036 5.05977600905 11.4889575428 -3.02847459389 -49.7200012207 0.291467160904 -0.75 9.0 1.0 1.0 2.5 0.0 0.0 
37 -6.20653664506 5.05835484433 11.4889575428 -3.02847459389 -49.7000007629 0.291467160904 -0.75 9.0 1.0 1.0 2.5 0.0 0.0 
37 -6.17400037718 5.01997908571 11.4889575428 -3.02847459389 -49.5900001526 0.291467160904 -0.75 9.0 1.0 1.0 2.5 0.0 0.0 
37 -6.16312922568 5.00720903811 11.4889575428 -3.02847459389 -49.3800010681 0.291467160904 -0.75 9.0 1.0 1.0 2.5 0.0 0.0 
37 -6.16312922568 5.00720903811 11.4889575428 -3.02847459389 -49.3899993896 0.291467160904 -0.75 9.0 1.0 1.0 2.5 0.0 0.0 
37 -6.16312922568 5.00720903811 11.4889575428 -3.02847459389 -49.4099998474 0.291467160904 -0.75 9.0 1.0 1.0 2.5 0.0 0.0 
37 -6.16312922568 5.00720903811 11.4889575428 -3.02847459389 -49.4199981689 0.291467160904 -0.75 9.0 1.0 1.0 2.5 0.0 0.0 
37 -6.16312922568 5.00720903811 11.4889575428 -3.02847459389 -49.4199981689 0.291467160904 -0.75 9.0 1.0 1.0 2.5 0.0 0.0 
37 -6.16312922568 5.00720903811 11.4889575428 -3.02847459389 -49.4199981689 0.291467160904 -0.75 9.0 1.0 1.0 2.5 0.0 0.0 
37 -6.16312922568 5.00720903811 11.4889575428 -3.02847459389 -49.4099998474 0.291467160904 -0.75 9.0 1.0 1.0 2.5 0.0 0.0 
37 -6.0890610977 4.91494750795 11.4889575428 -3.02847459389 -53.5600013733 0.291467160904 -0.75 9.0 1.0 1.0 2.5 0.0 0.0 
37 -5.89407429215 4.72169694375 11.4889575428 -3.02847459389 -71.2600021362 0.291467160904 -0.75 9.0 1.0 1.0 2.5 0.0 0.0 
37 -5.82949016316 4.4040879983 11.4889575428 -3.02847459389 -74.7099990845 0.291467160904 -0.75 9.0 1.0 1.0 2.5 0.0 0.0 
37 -5.77263515476 3.7795726393 11.4889575428 -3.02847459389 -104.550003052 0.291467160904 -0.75 9.0 1.0 1.0 2.5 0.0 0.0 
37 -5.9080978304 3.34205388718 11.4889575428 -3.02847459389 -125.669998169 0.291467160904 -0.75 9.0 1.0 1.0 2.5 0.0 0.0 
37 -6.19585580659 2.9804341275 11.4889575428 -3.02847459389 -148.850006104 0.291467160904 -0.75 9.0 1.0 1.0 2.5 0.0 0.0 
37 -6.59901006429 2.76523224393 11.4889575428 -3.02847459389 -174.100006104 0.291467160904 -0.75 9.0 1.0 1.0 2.5 0.0 0.0 
37 -6.82863631739 2.72846055289 11.4889575428 -3.02847459389 172.5 0.291467160904 -0.75 9.0 1.0 1.0 2.5 0.0 0.0 
37 -7.71779104558 3.04172389898 11.4889575428 -3.02847459389 134.36000061 0.291467160904 -0.75 9.0 1.0 1.0 2.5 0.0 0.0 
37 -8.22490354814 3.57884474826 11.4889575428 -3.02847459389 122.160003662 0.291467160904 -0.75 9.0 1.0 1.0 2.5 0.0 0.0 
37 -8.63085509894 4.28325904559 11.4889575428 -3.02847459389 116.660003662 0.291467160904 -0.75 9.0 1.0 1.0 2.5 0.0 0.0 
37 -9.04775319998 5.07865774476 11.4889575428 -3.02847459389 121.0 0.291467160904 -0.75 9.0 1.0 1.0 2.5 0.0 0.0 
37 -9.92583702595 6.21919163845 11.4889575428 -3.02847459389 136.600006104 0.291467160904 -0.75 9.0 1.0 1.0 2.5 0.0 0.0 
37 -10.6934551033 6.87746465988 11.4889575428 -3.02847459389 143.449996948 0.291467160904 -0.75 9.0 1.0 1.0 2.5 0.0 0.0 
37 -11.5627211911 7.47748632686 11.4889575428 -3.02847459389 148.199996948 0.291467160904 -0.75 9.0 1.0 1.0 2.5 0.0 0.0 
37 -12.974451412 8.28689000403 11.4889575428 -3.02847459389 152.369995117 0.291467160904 -0.75 9.0 1.0 1.0 2.5 0.0 0.0 
37 -13.9647625997 8.79156742767 11.4889575428 -3.02847459389 153.830001831 0.291467160904 -0.75 9.0 1.0 1.0 2.5 0.0 0.0 
37 -14.9757572209 9.28190763893 11.4889575428 -3.02847459389 154.479995728 0.291467160904 -0.75 9.0 1.0 1.0 2.5 0.0 0.0 
37 -15.7524250382 9.52831105492 11.4889575428 -3.02847459389 154.789993286 0.291467160904 -0.75 9.0 1.0 1.0 2.5 0.0 0.0 
37 -17.0569381696 10.2618916507 11.4889575428 -3.02847459389 155.460006714 0.291467160904 -0.75 9.0 1.0 1.0 2.5 0.0 0.0 
37 -17.5779105629 10.5004605704 11.4889575428 -3.02847459389 155.580001831 0.291467160904 -0.75 9.0 1.0 1.0 2.5 0.0 0.0 
37 -18.6216608663 10.9758868132 11.4889575428 -3.02847459389 154.960006714 0.291467160904 -0.75 9.0 1.0 1.0 2.5 0.0 0.0 
37 -19.6799130925 11.4731954169 11.4889575428 -3.02847459389 154.11000061 0.291467160904 -0.75 9.0 1.0 1.0 2.5 0.0 0.0 
37 -20.2142017996 11.7316000297 11.4889575428 -3.02847459389 153.729995728 0.291467160904 -0.75 9.0 1.0 1.0 2.5 0.0 0.0 
37 -21.8119983801 12.5297529422 11.4889575428 -3.02847459389 153.160003662 0.291467160904 -0.75 9.0 1.0 1.0 2.5 0.0 0.0 
37 -22.3499666811 12.8017349325 11.4889575428 -3.02847459389 153.320007324 0.291467160904 -0.75 9.0 1.0 1.0 2.5 0.0 0.0 
37 -23.3493321381 13.2902671348 11.4889575428 -3.02847459389 156.729995728 0.291467160904 -0.75 9.0 1.0 1.0 2.5 0.0 0.0 
37 -24.0284286303 13.5334734089 11.4889575428 -3.02847459389 170.210006714 0.291467160904 -0.75 9.0 1.0 1.0 2.5 0.0 0.0 
37 -25.0022322506 13.6085191954 11.4889575428 -3.02847459389 -164.419998169 0.291467160904 -0.75 9.0 1.0 1.0 2.5 0.0 0.0 
37 -25.5497943984 13.3151096769 11.4889575428 -3.02847459389 -127.61000061 0.291467160904 -0.75 9.0 1.0 1.0 2.5 0.0 0.0 
37 -25.7640074412 12.689649574 11.4889575428 -3.02847459389 -72.8099975586 0.291467160904 -0.75 9.0 1.0 1.0 2.5 0.0 0.0 
37 -25.757964085 12.6785367672 11.4889575428 -3.02847459389 -40.7900009155 0.291467160904 -0.75 9.0 1.0 1.0 2.5 0.0 0.0 
37 -25.9383747127 12.7747465474 11.4889575428 -3.02847459389 -15.0399999619 0.291467160904 -0.75 9.0 1.0 1.0 2.5 0.0 0.0 
37 -26.3600562123 12.8217999624 11.4889575428 -3.02847459389 4.86999988556 0.291467160904 -0.75 9.0 1.0 1.0 2.5 0.0 0.0 
37 -26.3519595468 12.8249944681 11.4889575428 -3.02847459389 -2.18000006676 0.291467160904 -0.75 9.0 1.0 1.0 2.5 0.0 0.0 
37 -26.5170347258 12.8404349544 11.4889575428 -3.02847459389 -12.9300003052 0.291467160904 -0.75 9.0 1.0 1.0 2.5 0.0 0.0 
37 -27.0941771265 13.0316855505 11.4889575428 -3.02847459389 -25.3400001526 0.291467160904 -0.75 9.0 1.0 1.0 2.5 0.0 0.0 
37 -27.6360876894 13.3345120008 11.4889575428 -3.02847459389 -34.4000015259 0.291467160904 -0.75 9.0 1.0 1.0 2.5 0.0 0.0 
37 -28.3785446303 13.9394626887 11.4889575428 -3.02847459389 -56.5200004578 0.291467160904 -0.75 9.0 1.0 1.0 2.5 0.0 0.0 
37 -28.4614779346 14.0859000355 11.4889575428 -3.02847459389 -71.0100021362 0.291467160904 -0.75 9.0 1.0 1.0 2.5 0.0 0.0 
37 -28.4694833513 14.0972482661 11.4889575428 -3.02847459389 -81.0500030518 0.291467160904 -0.75 9.0 1.0 1.0 2.5 0.0 0.0 
37 -28.4446594168 13.9949464004 11.4889575428 -3.02847459389 -71.5299987793 0.291467160904 -0.75 9.0 1.0 1.0 2.5 0.0 0.0 
37 -28.4098704324 13.902588661 11.4889575428 -3.02847459389 -62.1899986267 0.291467160904 -0.75 9.0 1.0 1.0 2.5 0.0 0.0 
37 -28.4270689437 13.9269310217 11.4889575428 -3.02847459389 -53.4500007629 0.291467160904 -0.75 9.0 1.0 1.0 2.5 0.0 0.0 
37 -28.4847196897 14.0070954394 11.4889575428 -3.02847459389 -57.2299995422 0.291467160904 -0.75 9.0 1.0 1.0 2.5 0.0 0.0 
37 -28.4927222323 14.0196723492 11.4889575428 -3.02847459389 -58.5099983215 0.291467160904 -0.75 9.0 1.0 1.0 2.5 0.0 0.0 
37 -28.4835385679 14.0034539405 11.4889575428 -3.02847459389 -59.9900016785 0.291467160904 -0.75 9.0 1.0 1.0 2.5 0.0 0.0 
37 -28.3693657223 13.8090329046 11.4889575428 -3.02847459389 -55.9700012207 0.291467160904 -0.75 9.0 1.0 1.0 2.5 0.0 0.0 
37 -28.0393941088 13.3319085098 11.4889575428 -3.02847459389 -48.6899986267 0.291467160904 -0.75 9.0 1.0 1.0 2.5 0.0 0.0 
37 -27.6077442614 12.8652358785 11.4889575428 -3.02847459389 -37.7299995422 0.291467160904 -0.75 9.0 1.0 1.0 2.5 0.0 0.0 
37 -27.1514595448 12.5150402514 11.4889575428 -3.02847459389 -26.8899993896 0.291467160904 -0.75 9.0 1.0 1.0 2.5 0.0 0.0 
37 -26.1793617812 12.112804647 11.4889575428 -3.02847459389 -4.82000017166 0.291467160904 -0.75 9.0 1.0 1.0 2.5 0.0 0.0 
37 -24.9896329058 12.2046065106 11.4889575428 -3.02847459389 14.0500001907 0.291467160904 -0.75 9.0 1.0 1.0 2.5 0.0 0.0 
37 -24.2917178067 12.3860963197 11.4889575428 -3.02847459389 13.470000267 0.291467160904 -0.75 9.0 1.0 1.0 2.5 0.0 0.0 
37 -23.782914324 12.4920749214 11.4889575428 -3.02847459389 4.63000011444 0.291467160904 -0.75 9.0 1.0 1.0 2.5 0.0 0.0 
37 -22.8619040969 12.5030857398 11.4889575428 -3.02847459389 -9.38000011444 0.291467160904 -0.75 9.0 1.0 1.0 2.5 0.0 0.0 
37 -22.2296844582 12.3617695271 11.4889575428 -3.02847459389 -21.0699996948 0.291467160904 -0.75 9.0 1.0 1.0 2.5 0.0 0.0 
37 -21.1798168286 11.9072450623 11.4889575428 -3.02847459389 -30.0300006866 0.291467160904 -0.75 9.0 1.0 1.0 2.5 0.0 0.0 
37 -20.369613088 11.3820971291 11.4889575428 -3.02847459389 -35.7400016785 0.291467160904 -0.75 9.0 1.0 1.0 2.5 0.0 0.0 
37 -19.5834107025 10.7638206695 11.4889575428 -3.02847459389 -42.8499984741 0.291467160904 -0.75 9.0 1.0 1.0 2.5 0.0 0.0 
37 -18.8222468981 10.0475525738 11.4889575428 -3.02847459389 -45.9300003052 0.291467160904 -0.75 9.0 1.0 1.0 2.5 0.0 0.0 
37 -17.6998455145 8.85494636082 11.4889575428 -3.02847459389 -48.4300003052 0.291467160904 -0.75 9.0 1.0 1.0 2.5 0.0 0.0 
37 -16.9500021176 8.01437407704 11.4889575428 -3.02847459389 -47.2299995422 0.291467160904 -0.75 9.0 1.0 1.0 2.5 0.0 0.0 
37 -16.3496149567 7.38715342194 11.4889575428 -3.02847459389 -43.8199996948 0.291467160904 -0.75 9.0 1.0 1.0 2.5 0.0 0.0 
37 -15.2604557279 6.4386846792 11.4889575428 -3.02847459389 -37.0600013733 0.291467160904 -0.75 9.0 1.0 1.0 2.5 0.0 0.0 
37 -14.5543149064 5.93038071239 11.4889575428 -3.02847459389 -32.1599998474 0.291467160904 -0.75 9.0 1.0 1.0 2.5 0.0 0.0 
37 -12.7842540925 4.89712772953 11.4889575428 -3.02847459389 -26.8700008392 0.291467160904 -0.75 9.0 1.0 1.0 2.5 0.0 0.0 
37 -11.722722236 4.38310588044 11.4889575428 -3.02847459389 -24.1399993896 0.291467160904 -0.75 9.0 1.0 1.0 2.5 0.0 0.0 
37 -10.632605414 3.92089098025 11.4889575428 -3.02847459389 -21.0499992371 0.291467160904 -0.75 9.0 1.0 1.0 2.5 0.0 0.0 
37 -9.50880664171 3.5110179939 11.4889575428 -3.02847459389 -18.4799995422 0.291467160904 -0.75 9.0 1.0 1.0 2.5 0.0 0.0 
37 -8.93872919446 3.32387209661 11.4889575428 -3.02847459389 -15.9799995422 0.291467160904 -0.75 9.0 1.0 1.0 2.5 0.0 0.0 
37 -7.79233247539 2.98884161379 11.4889575428 -3.02847459389 -14.6499996185 0.291467160904 -0.75 9.0 1.0 1.0 2.5 0.0 0.0 
37 -6.7387219522 2.72418238788 11.4889575428 -3.02847459389 -13.0799999237 0.291467160904 -0.75 9.0 1.0 1.0 2.5 0.0 0.0 
37 -5.83634053486 2.50041982162 11.4889575428 -3.02847459389 -20.0799999237 0.291467160904 -0.75 9.0 1.0 1.0 2.5 0.0 0.0 
37 -5.92545615343 2.56627556845 11.4889575428 -3.02847459389 -35.3899993896 0.291467160904 -0.75 9.0 1.0 1.0 2.5 0.0 0.0 
37 -6.20677032331 2.81895940563 11.4889575428 -3.02847459389 -51.8800010681 0.291467160904 -0.75 9.0 1.0 1.0 2.5 0.0 0.0 
37 -6.39372823993 3.10850719306 11.4889575428 -3.02847459389 -66.9800033569 0.291467160904 -0.75 9.0 1.0 1.0 2.5 0.0 0.0 
37 -6.51173935718 3.45752529236 11.4889575428 -3.02847459389 -76.3899993896 0.291467160904 -0.75 9.0 1.0 1.0 2.5 0.0 0.0 
37 -6.53519817442 3.55441842004 11.4889575428 -3.02847459389 -76.9499969482 0.291467160904 -0.75 9.0 1.0 1.0 2.5 0.0 0.0 
37 -6.58880077397 3.78396125019 11.4889575428 -3.02847459389 -71.6900024414 0.291467160904 -0.75 9.0 1.0 1.0 2.5 0.0 0.0 
37 -6.65015690223 3.95672586025 11.4889575428 -3.02847459389 -60.3300018311 0.291467160904 -0.75 9.0 1.0 1.0 2.5 0.0 0.0 
37 -6.73694149528 4.09096837049 11.4889575428 -3.02847459389 -47.0800018311 0.291467160904 -0.75 9.0 1.0 1.0 2.5 0.0 0.0 
37 -6.87170840016 4.2378539129 11.4889575428 -3.02847459389 -52.1800003052 0.291467160904 -0.75 9.0 1.0 1.0 2.5 0.0 0.0 
37 -6.99502061789 4.4070457436 11.4889575428 -3.02847459389 -61.9799995422 0.291467160904 -0.75 9.0 1.0 1.0 2.5 0.0 0.0 
37 -7.00309136128 4.42174083591 11.4889575428 -3.02847459389 -57.3800010681 0.291467160904 -0.75 9.0 1.0 1.0 2.5 0.0 0.0 
37 -7.02223035607 4.45040537229 11.4889575428 -3.02847459389 -52.1100006104 0.291467160904 -0.75 9.0 1.0 1.0 2.5 0.0 0.0 
37 -7.139867198 4.59004939316 11.4889575428 -3.02847459389 -48.4599990845 0.291467160904 -0.75 9.0 1.0 1.0 2.5 0.0 0.0 
37 -7.58014925938 5.07745348256 11.4889575428 -3.02847459389 -46.8600006104 0.291467160904 -0.75 9.0 1.0 1.0 2.5 0.0 0.0 
37 -7.8788078255 5.39514929344 11.4889575428 -3.02847459389 -46.3899993896 0.291467160904 -0.75 9.0 1.0 1.0 2.5 0.0 0.0 
37 -8.16720041152 5.69819129763 11.4889575428 -3.02847459389 -46.4599990845 0.291467160904 -0.75 9.0 1.0 1.0 2.5 0.0 0.0 
37 -8.37456239274 5.91628851503 11.4889575428 -3.02847459389 -49.4399986267 0.291467160904 -0.75 9.0 1.0 1.0 2.5 0.0 0.0 
37 -8.28031127897 5.80572243168 11.4889575428 -3.02847459389 -53.9099998474 0.291467160904 -0.75 9.0 1.0 1.0 2.5 0.0 0.0 
37 -8.23438860087 5.7435045749 11.4889575428 -3.02847459389 -54.8899993896 0.291467160904 -0.75 9.0 1.0 1.0 2.5 0.0 0.0 
37 -8.16163393977 5.63976429506 11.4889575428 -3.02847459389 -55.5400009155 0.291467160904 -0.75 9.0 1.0 1.0 2.5 0.0 0.0 
37 -8.14528200751 5.61595600756 11.4889575428 -3.02847459389 -55.4799995422 0.291467160904 -0.75 9.0 1.0 1.0 2.5 0.0 0.0 
37 -8.21126008211 5.71192771738 11.4889575428 -3.02847459389 -55.6199989319 0.291467160904 -0.75 9.0 1.0 1.0 2.5 0.0 0.0 
37 -8.25921859419 5.78184559241 11.4889575428 -3.02847459389 -55.2000007629 0.291467160904 -0.75 9.0 1.0 1.0 2.5 0.0 0.0 
37 -8.29061533605 5.82696744103 11.4889575428 -3.02847459389 -54.6899986267 0.291467160904 -0.75 9.0 1.0 1.0 2.5 0.0 0.0 
37 -8.30089394545 5.84138003952 11.4889575428 -3.02847459389 -53.7000007629 0.291467160904 -0.75 9.0 1.0 1.0 2.5 0.0 0.0 
37 -8.30308451668 5.84439510216 11.4889575428 -3.02847459389 -53.7000007629 0.291467160904 -0.75 9.0 1.0 1.0 2.5 0.0 0.0 
37 -8.30142990178 5.84214234222 11.4889575428 -3.02847459389 -53.7200012207 0.291467160904 -0.75 9.0 1.0 1.0 2.5 0.0 0.0 
37 -8.27276310554 5.80308481497 11.4889575428 -3.02847459389 -53.7200012207 0.291467160904 -0.75 9.0 1.0 1.0 2.5 0.0 0.0 
37 -7.95898822948 5.37347155868 11.4889575428 -3.02847459389 -56.4099998474 0.291467160904 -0.75 9.0 1.0 1.0 2.5 0.0 0.0 
37 -7.85058544971 5.20949069126 11.4889575428 -3.02847459389 -59.9500007629 0.291467160904 -0.75 9.0 1.0 1.0 2.5 0.0 0.0 
37 -7.86786372568 5.24032634615 11.4889575428 -3.02847459389 -75.0199966431 0.291467160904 -0.75 9.0 1.0 1.0 2.5 0.0 0.0 
37 -7.8669004095 5.23672617573 11.4889575428 -3.02847459389 -80.1999969482 0.291467160904 -0.75 9.0 1.0 1.0 2.5 0.0 0.0 
37 -7.86026180091 5.19628458426 11.4889575428 -3.02847459389 -79.5800018311 0.291467160904 -0.75 9.0 1.0 1.0 2.5 0.0 0.0 
37 -7.84139228198 5.09934398159 11.4889575428 -3.02847459389 -79.0400009155 0.291467160904 -0.75 9.0 1.0 1.0 2.5 0.0 0.0 
37 -7.76545991767 4.66624638365 11.4889575428 -3.02847459389 -82.4300003052 0.291467160904 -0.75 9.0 1.0 1.0 2.5 0.0 0.0 
37 -7.74496939878 4.50261886252 11.4889575428 -3.02847459389 -84.2900009155 0.291467160904 -0.75 9.0 1.0 1.0 2.5 0.0 0.0 
37 -7.71808272036 4.17577981169 11.4889575428 -3.02847459389 -84.9800033569 0.291467160904 -0.75 9.0 1.0 1.0 2.5 0.0 0.0 
37 -7.67081928637 3.88202120478 11.4889575428 -3.02847459389 -63.6800003052 0.291467160904 -0.75 9.0 1.0 1.0 2.5 0.0 0.0 
37 -7.55286148573 3.65580245894 11.4889575428 -3.02847459389 -44.4099998474 0.291467160904 -0.75 9.0 1.0 1.0 2.5 0.0 0.0 
37 -7.6792592915 3.77286764744 11.4889575428 -3.02847459389 -38.9300003052 0.291467160904 -0.75 9.0 1.0 1.0 2.5 0.0 0.0 
37 -7.86393864492 3.92081762732 11.4889575428 -3.02847459389 -39.5699996948 0.291467160904 -0.75 9.0 1.0 1.0 2.5 0.0 0.0 
37 -7.98683528849 4.02643079787 11.4889575428 -3.02847459389 -46.0200004578 0.291467160904 -0.75 9.0 1.0 1.0 2.5 0.0 0.0 
37 -8.11679412616 4.16375809681 11.4889575428 -3.02847459389 -53.3499984741 0.291467160904 -0.75 9.0 1.0 1.0 2.5 0.0 0.0 
37 -8.19384939232 4.27212884732 11.4889575428 -3.02847459389 -64.8899993896 0.291467160904 -0.75 9.0 1.0 1.0 2.5 0.0 0.0 
37 -8.26342409879 4.45384032028 11.4889575428 -3.02847459389 -73.3000030518 0.291467160904 -0.75 9.0 1.0 1.0 2.5 0.0 0.0 
37 -8.32095703507 4.66697311337 11.4889575428 -3.02847459389 -77.6999969482 0.291467160904 -0.75 9.0 1.0 1.0 2.5 0.0 0.0 
37 -8.34681194333 4.78911218922 11.4889575428 -3.02847459389 -79.2300033569 0.291467160904 -0.75 9.0 1.0 1.0 2.5 0.0 0.0 
37 -8.37449858848 4.94788851297 11.4889575428 -3.02847459389 -79.3300018311 0.291467160904 -0.75 9.0 1.0 1.0 2.5 0.0 0.0 
37 -8.37194774765 4.93604911755 11.4889575428 -3.02847459389 -69.4899978638 0.291467160904 -0.75 9.0 1.0 1.0 2.5 0.0 0.0 
37 -8.37339015012 4.93948549358 11.4889575428 -3.02847459389 -66.0500030518 0.291467160904 -0.75 9.0 1.0 1.0 2.5 0.0 0.0 
37 -8.40772357455 5.0170066208 11.4889575428 -3.02847459389 -65.5400009155 0.291467160904 -0.75 9.0 1.0 1.0 2.5 0.0 0.0 
37 -8.47320549739 5.16122688174 11.4889575428 -3.02847459389 -65.8799972534 0.291467160904 -0.75 9.0 1.0 1.0 2.5 0.0 0.0 
37 -8.52852965645 5.28549657423 11.4889575428 -3.02847459389 -66.8300018311 0.291467160904 -0.75 9.0 1.0 1.0 2.5 0.0 0.0 
37 -8.55973438094 5.35828365996 11.4889575428 -3.02847459389 -67.4400024414 0.291467160904 -0.75 9.0 1.0 1.0 2.5 0.0 0.0 
37 -8.53635161636 5.30241907181 11.4889575428 -3.02847459389 -66.9899978638 0.291467160904 -0.75 9.0 1.0 1.0 2.5 0.0 0.0 
37 -8.52760956796 5.28183783062 11.4889575428 -3.02847459389 -66.5899963379 0.291467160904 -0.75 9.0 1.0 1.0 2.5 0.0 0.0 
37 -8.52760956796 5.28183783062 11.4889575428 -3.02847459389 -66.6399993896 0.291467160904 -0.75 9.0 1.0 1.0 2.5 0.0 0.0 
37 -8.52760956796 5.28183783062 11.4889575428 -3.02847459389 -66.6299972534 0.291467160904 -0.75 9.0 1.0 1.0 2.5 0.0 0.0 
37 -8.52760956796 5.28183783062 11.4889575428 -3.02847459389 -66.6100006104 0.291467160904 -0.75 9.0 1.0 1.0 2.5 0.0 0.0 
37 -8.52760956796 5.28183783062 11.4889575428 -3.02847459389 -66.6100006104 0.291467160904 -0.75 9.0 1.0 1.0 2.5 0.0 0.0 
37 -8.52760956796 5.28183783062 11.4889575428 -3.02847459389 -66.6100006104 0.291467160904 -0.75 9.0 1.0 1.0 2.5 0.0 0.0 
37 -8.42336522245 5.04066167882 11.4889575428 -3.02847459389 -67.1500015259 0.291467160904 -0.75 9.0 1.0 1.0 2.5 0.0 0.0 
39 -8.2015960472 4.51536421103 11.4889575428 -3.02847459389 -65.5699996948 0.200765978054 -0.875 9.0 1.0 1.0 2.5 0.0 0.0 
45 -7.77645891905 3.69713410658 11.3717346583 -3.65710025238 -54.9900016785 0.345361852497 -3.5625 9.0 1.0 1.0 2.5 0.0 0.0 
47 -7.66516519192 3.52617973648 11.3717346583 -3.65710025238 -48.4199981689 0.360693660515 0.8125 9.0 1.0 1.0 2.5 0.0 0.0 
47 -7.57216195589 3.42752896742 13.1298270124 -2.20339170482 -29.6800003052 0.360693660515 0.8125 9.0 1.0 1.0 2.5 0.0 0.0 
47 -7.66367726282 3.4594544323 13.1298270124 -2.20339170482 -14.3000001907 0.360693660515 0.8125 9.0 1.0 1.0 2.5 0.0 0.0 
47 -8.09252403575 3.52911138715 13.1298270124 -2.20339170482 -3.69000005722 0.360693660515 0.8125 9.0 1.0 1.0 2.5 0.0 0.0 
47 -8.75454655049 3.54347600272 13.1298270124 -2.20339170482 1.48000001907 0.360693660515 0.8125 9.0 1.0 1.0 2.5 0.0 0.0 
47 -9.13637651459 3.53218975608 13.1298270124 -2.20339170482 1.83000004292 0.360693660515 0.8125 9.0 1.0 1.0 2.5 0.0 0.0 
47 -9.97364355425 3.50909442392 13.1298270124 -2.20339170482 -0.759999990463 0.360693660515 0.8125 9.0 1.0 1.0 2.5 0.0 0.0 
47 -11.2404329717 3.58027685112 13.1298270124 -2.20339170482 -9.43999958038 0.360693660515 0.8125 9.0 1.0 1.0 2.5 0.0 0.0 
47 -12.1515221803 3.73991589378 13.1298270124 -2.20339170482 -13.0799999237 0.360693660515 0.8125 9.0 1.0 1.0 2.5 0.0 0.0 
47 -13.0994782591 3.96572451609 13.1298270124 -2.20339170482 -15.4300003052 0.360693660515 0.8125 9.0 1.0 1.0 2.5 0.0 0.0 
47 -14.0926329241 4.24383084546 13.1298270124 -2.20339170482 -17.0400009155 0.360693660515 0.8125 9.0 1.0 1.0 2.5 0.0 0.0 
47 -14.5812348004 4.39199427367 13.1298270124 -2.20339170482 -17.5799999237 0.360693660515 0.8125 9.0 1.0 1.0 2.5 0.0 0.0 
47 -14.3444410988 4.2953295329 13.1298270124 -2.20339170482 -15.75 0.360693660515 0.8125 9.0 1.0 1.0 2.5 0.0 0.0 
47 -14.1946177497 4.2573849049 13.1298270124 -2.20339170482 -6.98999977112 0.360693660515 0.8125 9.0 1.0 1.0 2.5 0.0 0.0 
47 -13.3951513671 4.27899766464 13.1298270124 -2.20339170482 15.3500003815 0.360693660515 0.8125 9.0 1.0 1.0 2.5 0.0 0.0 
47 -13.3047971268 4.30525714589 13.1298270124 -2.20339170482 17.8099994659 0.360693660515 0.8125 9.0 1.0 1.0 2.5 0.0 0.0 
47 -13.100055525 4.36847613028 13.1298270124 -2.20339170482 13.9399995804 0.360693660515 0.8125 9.0 1.0 1.0 2.5 0.0 0.0 
47 -12.8607118472 4.42905010263 13.1298270124 -2.20339170482 16.8199996948 0.360693660515 0.8125 9.0 1.0 1.0 2.5 0.0 0.0 
47 -13.0048819694 4.38436889138 13.1298270124 -2.20339170482 18.7299995422 0.360693660515 0.8125 9.0 1.0 1.0 2.5 0.0 0.0 
47 -13.3014458507 4.28709454272 13.1298270124 -2.20339170482 16.0900001526 0.360693660515 0.8125 9.0 1.0 1.0 2.5 0.0 0.0 
47 -13.7709745692 4.1641338073 13.1298270124 -2.20339170482 7.59999990463 0.360693660515 0.8125 9.0 1.0 1.0 2.5 0.0 0.0 
47 -13.7015376026 4.17097783618 13.1298270124 -2.20339170482 1.88999998569 0.360693660515 0.8125 9.0 1.0 1.0 2.5 0.0 0.0 
47 -13.4668027924 4.17005934351 13.1298270124 -2.20339170482 -3.15000009537 0.360693660515 0.8125 9.0 1.0 1.0 2.5 0.0 0.0 
47 -13.4236516404 4.17049781082 13.1298270124 -2.20339170482 -14.1700000763 0.360693660515 0.8125 9.0 1.0 1.0 2.5 0.0 0.0 
47 -13.6516778291 4.26055150065 13.1298270124 -2.20339170482 -30.2600002289 0.360693660515 0.8125 9.0 1.0 1.0 2.5 0.0 0.0 
47 -14.0133069401 4.51136633457 13.1298270124 -2.20339170482 -40.5900001526 0.360693660515 0.8125 9.0 1.0 1.0 2.5 0.0 0.0 
47 -14.1908718361 4.66777949506 13.1298270124 -2.20339170482 -42.9700012207 0.360693660515 0.8125 9.0 1.0 1.0 2.5 0.0 0.0 
47 -14.6100277442 5.05294323741 13.1298270124 -2.20339170482 -40.1100006104 0.360693660515 0.8125 9.0 1.0 1.0 2.5 0.0 0.0 
47 -15.1424406589 5.49526860991 13.1298270124 -2.20339170482 -36.9099998474 0.360693660515 0.8125 9.0 1.0 1.0 2.5 0.0 0.0 
47 -15.4132890884 5.70243508144 13.1298270124 -2.20339170482 -35.2099990845 0.360693660515 0.8125 9.0 1.0 1.0 2.5 0.0 0.0 
47 -15.384725151 5.68472554955 13.1298270124 -2.20339170482 -31.3600006104 0.360693660515 0.8125 9.0 1.0 1.0 2.5 0.0 0.0 
47 -15.7446031173 5.88255816644 13.1298270124 -2.20339170482 -23.3600006104 0.360693660515 0.8125 9.0 1.0 1.0 2.5 0.0 0.0 
47 -16.3169093395 6.12432216382 13.1298270124 -2.20339170482 -20.8500003815 0.360693660515 0.8125 9.0 1.0 1.0 2.5 0.0 0.0 
47 -17.0873982056 6.53281518393 13.1298270124 -2.20339170482 -41.8199996948 0.360693660515 0.8125 9.0 1.0 1.0 2.5 0.0 0.0 
47 -17.542133077 7.02881807896 13.1298270124 -2.20339170482 -55.2200012207 0.360693660515 0.8125 9.0 1.0 1.0 2.5 0.0 0.0 
47 -17.8105981961 7.4507008079 13.1298270124 -2.20339170482 -60.8899993896 0.360693660515 0.8125 9.0 1.0 1.0 2.5 0.0 0.0 
47 -18.0361695941 7.82987503351 13.1298270124 -2.20339170482 -50.7700004578 0.360693660515 0.8125 9.0 1.0 1.0 2.5 0.0 0.0 
47 -18.3667604826 8.15196924187 13.1298270124 -2.20339170482 -34.7299995422 0.360693660515 0.8125 9.0 1.0 1.0 2.5 0.0 0.0 
47 -18.9237613033 8.47291957663 13.1298270124 -2.20339170482 -24.7800006866 0.360693660515 0.8125 9.0 1.0 1.0 2.5 0.0 0.0 
47 -20.0274335667 8.96728508423 13.1298270124 -2.20339170482 -25.3400001526 0.360693660515 0.8125 9.0 1.0 1.0 2.5 0.0 0.0 
47 -20.8094990145 9.34446170601 13.1298270124 -2.20339170482 -27.75 0.360693660515 0.8125 9.0 1.0 1.0 2.5 0.0 0.0 
47 -21.4781484554 9.69236130145 13.1298270124 -2.20339170482 -25.2800006866 0.360693660515 0.8125 9.0 1.0 1.0 2.5 0.0 0.0 
47 -22.272856661 10.0529572949 13.1298270124 -2.20339170482 -21.1800003052 0.360693660515 0.8125 9.0 1.0 1.0 2.5 0.0 0.0 
47 -22.9132795445 10.2954438343 13.1298270124 -2.20339170482 -21.1299991608 0.360693660515 0.8125 9.0 1.0 1.0 2.5 0.0 0.0 
47 -23.5731606472 10.5521573157 13.1298270124 -2.20339170482 -23.2999992371 0.360693660515 0.8125 9.0 1.0 1.0 2.5 0.0 0.0 
47 -24.9073544754 11.2211459597 13.1298270124 -2.20339170482 -30.2299995422 0.360693660515 0.8125 9.0 1.0 1.0 2.5 0.0 0.0 
47 -25.1311456344 11.3515524392 13.1298270124 -2.20339170482 -31.5599994659 0.360693660515 0.8125 9.0 1.0 1.0 2.5 0.0 0.0 
47 -26.6570051669 12.308005324 13.1298270124 -2.20339170482 -33.5299987793 0.360693660515 0.8125 9.0 1.0 1.0 2.5 0.0 0.0 
47 -27.4955550293 12.8999757558 13.1298270124 -2.20339170482 -39.25 0.360693660515 0.8125 9.0 1.0 1.0 2.5 0.0 0.0 
47 -27.8261234426 13.1653537549 13.1298270124 -2.20339170482 -61.1199989319 0.360693660515 0.8125 9.0 1.0 1.0 2.5 0.0 0.0 
47 -28.0296845586 13.8057215392 13.1298270124 -2.20339170482 -107.930000305 0.360693660515 0.8125 9.0 1.0 1.0 2.5 0.0 0.0 
47 -28.08932175 13.6154685273 13.1298270124 -2.20339170482 -93.3199996948 0.360693660515 0.8125 9.0 1.0 1.0 2.5 0.0 0.0 
47 -28.125808802 14.021545314 13.1298270124 -2.20339170482 -79.3300018311 0.360693660515 0.8125 9.0 1.0 1.0 2.5 0.0 0.0 
47 -28.3022407025 14.6130377121 13.1298270124 -2.20339170482 -58.9799995422 0.360693660515 0.8125 9.0 1.0 1.0 2.5 0.0 0.0 
47 -28.3840457718 14.745315024 13.1298270124 -2.20339170482 -53.6300010681 0.360693660515 0.8125 9.0 1.0 1.0 2.5 0.0 0.0 
47 -28.4461112328 14.8337673602 13.1298270124 -2.20339170482 -58.1599998474 0.360693660515 0.8125 9.0 1.0 1.0 2.5 0.0 0.0 
47 -28.4855178541 14.9013582361 13.1298270124 -2.20339170482 -63.1699981689 0.360693660515 0.8125 9.0 1.0 1.0 2.5 0.0 0.0 
47 -28.4855178541 14.9013582361 13.1298270124 -2.20339170482 -63.3800010681 0.360693660515 0.8125 9.0 1.0 1.0 2.5 0.0 0.0 
47 -28.4855178541 14.9013582361 13.1298270124 -2.20339170482 -63.4000015259 0.360693660515 0.8125 9.0 1.0 1.0 2.5 0.0 0.0 
47 -28.4855178541 14.9013582361 13.1298270124 -2.20339170482 -63.4099998474 0.360693660515 0.8125 9.0 1.0 1.0 2.5 0.0 0.0 
47 -28.4851008198 14.9005250748 13.1298270124 -2.20339170482 -63.3899993896 0.360693660515 0.8125 9.0 1.0 1.0 2.5 0.0 0.0 
47 -28.4851008198 14.9005250748 13.1298270124 -2.20339170482 -63.4000015259 0.360693660515 0.8125 9.0 1.0 1.0 2.5 0.0 0.0 
47 -28.4851008198 14.9005250748 13.1298270124 -2.20339170482 -63.4000015259 0.360693660515 0.8125 9.0 1.0 1.0 2.5 0.0 0.0 
47 -28.4821805624 14.8946934551 13.1298270124 -2.20339170482 -63.3699989319 0.360693660515 0.8125 9.0 1.0 1.0 2.5 0.0 0.0 
47 -28.4379098355 14.8074558811 13.1298270124 -2.20339170482 -61.6500015259 0.360693660515 0.8125 9.0 1.0 1.0 2.5 0.0 0.0 
47 -28.2934308421 14.5749364868 13.1298270124 -2.20339170482 -53.6399993896 0.360693660515 0.8125 9.0 1.0 1.0 2.5 0.0 0.0 
47 -27.9471343468 14.1659096471 13.1298270124 -2.20339170482 -42.75 0.360693660515 0.8125 9.0 1.0 1.0 2.5 0.0 0.0 
47 -27.4070500289 13.7535987879 13.1298270124 -2.20339170482 -28.3899993896 0.360693660515 0.8125 9.0 1.0 1.0 2.5 0.0 0.0 
47 -26.6850845117 13.5873933923 13.1298270124 -2.20339170482 -9.44999980927 0.360693660515 0.8125 9.0 1.0 1.0 2.5 0.0 0.0 
47 -25.9433278241 13.350839377 13.1298270124 -2.20339170482 -2.05999994278 0.360693660515 0.8125 9.0 1.0 1.0 2.5 0.0 0.0 
47 -25.230709106 13.3408717038 13.1298270124 -2.20339170482 -0.75 0.360693660515 0.8125 9.0 1.0 1.0 2.5 0.0 0.0 
47 -24.5546746422 13.3230639331 13.1298270124 -2.20339170482 -7.82999992371 0.360693660515 0.8125 9.0 1.0 1.0 2.5 0.0 0.0 
47 -23.7637253058 13.1906685088 13.1298270124 -2.20339170482 -19.4099998474 0.360693660515 0.8125 9.0 1.0 1.0 2.5 0.0 0.0 
47 -23.3528525873 13.0566163962 13.1298270124 -2.20339170482 -24.0 0.360693660515 0.8125 9.0 1.0 1.0 2.5 0.0 0.0 
47 -22.5189349439 12.6705396217 13.1298270124 -2.20339170482 -30.2900009155 0.360693660515 0.8125 9.0 1.0 1.0 2.5 0.0 0.0 
47 -21.6848141726 12.1583138841 13.1298270124 -2.20339170482 -34.0400009155 0.360693660515 0.8125 9.0 1.0 1.0 2.5 0.0 0.0 
47 -20.8239204327 11.5620688537 13.1298270124 -2.20339170482 -34.8899993896 0.360693660515 0.8125 9.0 1.0 1.0 2.5 0.0 0.0 
47 -19.9398794738 10.963406926 13.1298270124 -2.20339170482 -32.6500015259 0.360693660515 0.8125 9.0 1.0 1.0 2.5 0.0 0.0 
47 -19.0201562635 10.39414793 13.1298270124 -2.20339170482 -30.3999996185 0.360693660515 0.8125 9.0 1.0 1.0 2.5 0.0 0.0 
47 -18.5383196017 10.1144078858 13.1298270124 -2.20339170482 -29.4099998474 0.360693660515 0.8125 9.0 1.0 1.0 2.5 0.0 0.0 
47 -17.5574603699 9.57398985077 13.1298270124 -2.20339170482 -27.7199993134 0.360693660515 0.8125 9.0 1.0 1.0 2.5 0.0 0.0 
47 -16.2972597773 8.91979958266 13.1298270124 -2.20339170482 -26.2999992371 0.360693660515 0.8125 9.0 1.0 1.0 2.5 0.0 0.0 
47 -15.0050479972 8.28769771144 13.1298270124 -2.20339170482 -25.1599998474 0.360693660515 0.8125 9.0 1.0 1.0 2.5 0.0 0.0 
47 -13.9463586575 7.79353132816 13.1298270124 -2.20339170482 -24.0900001526 0.360693660515 0.8125 9.0 1.0 1.0 2.5 0.0 0.0 
47 -13.4054295389 7.55161868534 13.1298270124 -2.20339170482 -23.6000003815 0.360693660515 0.8125 9.0 1.0 1.0 2.5 0.0 0.0 
47 -12.316120584 7.08482165803 13.1298270124 -2.20339170482 -22.5699996948 0.360693660515 0.8125 9.0 1.0 1.0 2.5 0.0 0.0 
47 -10.6837180668 6.45399943982 13.1298270124 -2.20339170482 -15.720000267 0.360693660515 0.8125 9.0 1.0 1.0 2.5 0.0 0.0 
47 -9.60993263179 6.22924607582 13.1298270124 -2.20339170482 -5.59999990463 0.360693660515 0.8125 9.0 1.0 1.0 2.5 0.0 0.0 
47 -8.66379495712 6.1653164965 13.1298270124 -2.20339170482 -3.24000000954 0.360693660515 0.8125 9.0 1.0 1.0 2.5 0.0 0.0 
47 -8.26121162692 6.13942159819 13.1298270124 -2.20339170482 -5.65000009537 0.360693660515 0.8125 9.0 1.0 1.0 2.5 0.0 0.0 
47 -7.79020580449 6.05846809365 13.1298270124 -2.20339170482 -19.2399997711 0.360693660515 0.8125 9.0 1.0 1.0 2.5 0.0 0.0 
47 -6.9524738736 5.59126234079 13.1298270124 -2.20339170482 -40.8600006104 0.360693660515 0.8125 9.0 1.0 1.0 2.5 0.0 0.0 
47 -6.38808499883 5.04587493458 13.1298270124 -2.20339170482 -47.0299987793 0.360693660515 0.8125 9.0 1.0 1.0 2.5 0.0 0.0 
47 -5.85107312601 4.47659044677 13.1298270124 -2.20339170482 -45.1699981689 0.360693660515 0.8125 9.0 1.0 1.0 2.5 0.0 0.0 
47 -5.34004402316 3.95340273697 13.1298270124 -2.20339170482 -50.1500015259 0.360693660515 0.8125 9.0 1.0 1.0 2.5 0.0 0.0 
47 -5.16462084894 3.75163750647 13.1298270124 -2.20339170482 -52.5400009155 0.360693660515 0.8125 9.0 1.0 1.0 2.5 0.0 0.0 
47 -5.2697022719 3.90486782658 13.1298270124 -2.20339170482 -67.5500030518 0.360693660515 0.8125 9.0 1.0 1.0 2.5 0.0 0.0 
47 -5.29058770841 3.9674634402 13.1298270124 -2.20339170482 -78.6699981689 0.360693660515 0.8125 9.0 1.0 1.0 2.5 0.0 0.0 
47 -5.29644506861 3.99669699037 13.1298270124 -2.20339170482 -80.1299972534 0.360693660515 0.8125 9.0 1.0 1.0 2.5 0.0 0.0 
47 -5.34974791092 4.28054259222 13.1298270124 -2.20339170482 -76.9100036621 0.360693660515 0.8125 9.0 1.0 1.0 2.5 0.0 0.0 
47 -5.45647078768 4.64899825881 13.1298270124 -2.20339170482 -69.6200027466 0.360693660515 0.8125 9.0 1.0 1.0 2.5 0.0 0.0 
49 -5.66462111395 5.1576141348 13.1298270124 -2.20339170482 -65.2600021362 0.642505827554 1.0625 9.0 1.0 1.0 2.5 0.0 0.0 
57 -5.97050954609 5.79826985194 12.2167416952 -4.9645438919 -64.0299987793 0.482197968632 0.6875 9.0 1.0 1.0 2.5 0.0 0.0 
62 -6.05898290589 5.98006440138 12.0600981082 -4.68606086911 -64.1800003052 0.430267744263 0.9375 9.0 1.0 1.0 2.5 0.0 0.0 
63 -6.20389537175 6.28152464703 11.5977960544 -3.7043527457 -64.2099990845 0.361901006688 1.28125 9.0 1.0 1.0 2.5 0.0 0.0 
64 -6.30004293714 6.46981379619 11.4860821585 -3.03570219186 -57.4900016785 0.291963647417 1.59375 9.0 1.0 1.0 2.5 0.0 0.0 
66 -6.38204989613 6.59310007826 11.5642499167 -2.95127344092 -53.3199996948 0.289060806289 -0.34375 9.0 1.0 1.0 2.5 0.0 0.0 
66 -6.47085354117 6.70932806409 11.5642499167 -2.95127344092 -51.3300018311 0.289060806289 -0.34375 9.0 1.0 1.0 2.5 0.0 0.0 
66 -6.49190013603 6.73544402472 11.5642499167 -2.95127344092 -50.7900009155 0.289060806289 -0.34375 9.0 1.0 1.0 2.5 0.0 0.0 
66 -6.4859114768 6.72707999616 11.5642499167 -2.95127344092 -47.6399993896 0.289060806289 -0.34375 9.0 1.0 1.0 2.5 0.0 0.0 
66 -6.55842514193 6.80721967168 11.5642499167 -2.95127344092 -48.9099998474 0.289060806289 -0.34375 9.0 1.0 1.0 2.5 0.0 0.0 
66 -6.58032285308 6.83262575457 11.5642499167 -2.95127344092 -52.0699996948 0.289060806289 -0.34375 9.0 1.0 1.0 2.5 0.0 0.0 
66 -6.59291467719 6.84879960657 11.5642499167 -2.95127344092 -51.8100013733 0.289060806289 -0.34375 9.0 1.0 1.0 2.5 0.0 0.0 
66 -6.61142871839 6.87216898529 11.5642499167 -2.95127344092 -50.1199989319 0.289060806289 -0.34375 9.0 1.0 1.0 2.5 0.0 0.0 
66 -6.60537475709 6.86508646297 11.5642499167 -2.95127344092 -49.6899986267 0.289060806289 -0.34375 9.0 1.0 1.0 2.5 0.0 0.0 
66 -6.59813665423 6.85656516186 11.5642499167 -2.95127344092 -49.5 0.289060806289 -0.34375 9.0 1.0 1.0 2.5 0.0 0.0 
66 -6.60234533258 6.86154722328 11.5642499167 -2.95127344092 -53.7299995422 0.289060806289 -0.34375 9.0 1.0 1.0 2.5 0.0 0.0 
66 -6.60577079532 6.86926773757 11.5642499167 -2.95127344092 -63.5099983215 0.289060806289 -0.34375 9.0 1.0 1.0 2.5 0.0 0.0 
66 -6.68321752768 7.0356599785 11.5642499167 -2.95127344092 -65.8600006104 0.289060806289 -0.34375 9.0 1.0 1.0 2.5 0.0 0.0 
66 -6.71533607479 7.11529447454 11.5642499167 -2.95127344092 -61.25 0.289060806289 -0.34375 9.0 1.0 1.0 2.5 0.0 0.0 
66 -6.66086894372 7.01660215682 11.5642499167 -2.95127344092 -58.6300010681 0.289060806289 -0.34375 9.0 1.0 1.0 2.5 0.0 0.0 
66 -6.69024152665 7.06416661349 11.5642499167 -2.95127344092 -58.3600006104 0.289060806289 -0.34375 9.0 1.0 1.0 2.5 0.0 0.0 
66 -6.73720554968 7.14028861874 11.5642499167 -2.95127344092 -58.6100006104 0.289060806289 -0.34375 9.0 1.0 1.0 2.5 0.0 0.0 
66 -6.80175356483 7.24606614305 11.5642499167 -2.95127344092 -58.5600013733 0.289060806289 -0.34375 9.0 1.0 1.0 2.5 0.0 0.0 
66 -6.79497215496 7.2349236385 11.5642499167 -2.95127344092 -58.5299987793 0.289060806289 -0.34375 9.0 1.0 1.0 2.5 0.0 0.0 
66 -6.7750359069 7.20233866461 11.5642499167 -2.95127344092 -58.5400009155 0.289060806289 -0.34375 9.0 1.0 1.0 2.5 0.0 0.0 
66 -6.76725532891 7.18962293094 11.5642499167 -2.95127344092 -58.4000015259 0.289060806289 -0.34375 9.0 1.0 1.0 2.5 0.0 0.0 
66 -6.77262234922 7.1983540359 11.5642499167 -2.95127344092 -58.4700012207 0.289060806289 -0.34375 9.0 1.0 1.0 2.5 0.0 0.0 
66 -6.77457168793 7.20153039916 11.5642499167 -2.95127344092 -58.5600013733 0.289060806289 -0.34375 9.0 1.0 1.0 2.5 0.0 0.0 
66 -6.77457168793 7.20153039916 11.5642499167 -2.95127344092 -58.5499992371 0.289060806289 -0.34375 9.0 1.0 1.0 2.5 0.0 0.0 
66 -6.64618792025 6.9917233851 11.5642499167 -2.95127344092 -58.5200004578 0.289060806289 -0.34375 9.0 1.0 1.0 2.5 0.0 0.0 
68 -6.20288153236 6.27565870676 11.5642499167 -2.95127344092 -55.0800018311 0.193040121304 -0.8125 9.0 1.0 1.0 2.5 0.0 0.0 
75 -6.0204352056 6.02361898798 11.1568947462 -2.14454486326 -50.8100013733 0.30379563809 -2.34375 9.0 1.0 1.0 2.5 0.0 0.0 
77 -5.53299367125 5.51028740175 12.0581382823 -2.72027296089 -38.4099998474 0.337161238849 1.09375 9.0 1.0 1.0 2.5 0.0 0.0 
77 -5.44001740489 5.43712050754 12.9627020278 -2.07038420247 -25.0499992371 0.337161238849 1.09375 9.0 1.0 1.0 2.5 0.0 0.0 
77 -5.31953550099 5.37376397744 12.9627020278 -2.07038420247 -8.14000034332 0.337161238849 1.09375 9.0 1.0 1.0 2.5 0.0 0.0 
77 -5.49223734912 5.3861233631 12.9627020278 -2.07038420247 3.79999995232 0.337161238849 1.09375 9.0 1.0 1.0 2.5 0.0 0.0 
77 -5.83970638297 5.36259817863 12.9627020278 -2.07038420247 9.03999996185 0.337161238849 1.09375 9.0 1.0 1.0 2.5 0.0 0.0 
77 -6.68938789782 5.21420546215 12.9627020278 -2.07038420247 11.6400003433 0.337161238849 1.09375 9.0 1.0 1.0 2.5 0.0 0.0 
77 -7.72517500358 5.01073849632 12.9627020278 -2.07038420247 9.46000003815 0.337161238849 1.09375 9.0 1.0 1.0 2.5 0.0 0.0 
77 -8.65061023671 4.88225745821 12.9627020278 -2.07038420247 5.5 0.337161238849 1.09375 9.0 1.0 1.0 2.5 0.0 0.0 
77 -9.65207801705 4.80744688463 12.9627020278 -2.07038420247 2.08999991417 0.337161238849 1.09375 9.0 1.0 1.0 2.5 0.0 0.0 
77 -10.7005186706 4.8141971294 12.9627020278 -2.07038420247 -5.69999980927 0.337161238849 1.09375 9.0 1.0 1.0 2.5 0.0 0.0 
77 -11.74640527 4.98693233104 12.9627020278 -2.07038420247 -15.1499996185 0.337161238849 1.09375 9.0 1.0 1.0 2.5 0.0 0.0 
77 -11.74640527 4.98693233104 12.9627020278 -2.07038420247 -17.4099998474 0.337161238849 1.09375 9.0 1.0 1.0 2.5 0.0 0.0 
77 -13.7072642542 5.75787427455 12.9627020278 -2.07038420247 -26.8899993896 0.337161238849 1.09375 9.0 1.0 1.0 2.5 0.0 0.0 
77 -14.1811097079 6.00176121766 12.9627020278 -2.07038420247 -28.1200008392 0.337161238849 1.09375 9.0 1.0 1.0 2.5 0.0 0.0 
77 -15.1408418862 6.52838331897 12.9627020278 -2.07038420247 -29.5799999237 0.337161238849 1.09375 9.0 1.0 1.0 2.5 0.0 0.0 
77 -16.1070960374 7.09076958631 12.9627020278 -2.07038420247 -31.6499996185 0.337161238849 1.09375 9.0 1.0 1.0 2.5 0.0 0.0 
77 -17.0386352389 7.68500656771 12.9627020278 -2.07038420247 -33.8300018311 0.337161238849 1.09375 9.0 1.0 1.0 2.5 0.0 0.0 
77 -17.9937611869 8.32833037227 12.9627020278 -2.07038420247 -34.4500007629 0.337161238849 1.09375 9.0 1.0 1.0 2.5 0.0 0.0 
77 -18.7088848475 8.82253848583 12.9627020278 -2.07038420247 -35.1500015259 0.337161238849 1.09375 9.0 1.0 1.0 2.5 0.0 0.0 
77 -19.6573791046 9.50784102409 12.9627020278 -2.07038420247 -38.0800018311 0.337161238849 1.09375 9.0 1.0 1.0 2.5 0.0 0.0 
77 -20.2880449776 10.0005421149 12.9627020278 -2.07038420247 -38.9000015259 0.337161238849 1.09375 9.0 1.0 1.0 2.5 0.0 0.0 
77 -21.1407453193 10.6595464803 12.9627020278 -2.07038420247 -31.75 0.337161238849 1.09375 9.0 1.0 1.0 2.5 0.0 0.0 
77 -21.8345289999 11.0645980333 12.9627020278 -2.07038420247 -29.2000007629 0.337161238849 1.09375 9.0 1.0 1.0 2.5 0.0 0.0 
77 -22.5658380038 11.4855308123 12.9627020278 -2.07038420247 -34.7999992371 0.337161238849 1.09375 9.0 1.0 1.0 2.5 0.0 0.0 
77 -23.1905278098 11.9187329302 12.9627020278 -2.07038420247 -34.2299995422 0.337161238849 1.09375 9.0 1.0 1.0 2.5 0.0 0.0 
77 -23.8497917618 12.3502542473 12.9627020278 -2.07038420247 -26.6000003815 0.337161238849 1.09375 9.0 1.0 1.0 2.5 0.0 0.0 
77 -24.6386661057 12.729023218 12.9627020278 -2.07038420247 -20.3700008392 0.337161238849 1.09375 9.0 1.0 1.0 2.5 0.0 0.0 
77 -25.5373557269 13.0600433996 12.9627020278 -2.07038420247 -19.5100002289 0.337161238849 1.09375 9.0 1.0 1.0 2.5 0.0 0.0 
77 -26.266228448 13.3442033176 12.9627020278 -2.07038420247 -30.7800006866 0.337161238849 1.09375 9.0 1.0 1.0 2.5 0.0 0.0 
77 -27.1305885238 13.9985582734 12.9627020278 -2.07038420247 -53.2400016785 0.337161238849 1.09375 9.0 1.0 1.0 2.5 0.0 0.0 
77 -27.2949216505 14.208277606 12.9627020278 -2.07038420247 -50.3699989319 0.337161238849 1.09375 9.0 1.0 1.0 2.5 0.0 0.0 
77 -26.8906136527 13.7145078121 12.9627020278 -2.07038420247 -52.1399993896 0.337161238849 1.09375 9.0 1.0 1.0 2.5 0.0 0.0 
77 -26.8030444269 13.6067980465 12.9627020278 -2.07038420247 -46.1800003052 0.337161238849 1.09375 9.0 1.0 1.0 2.5 0.0 0.0 
77 -26.603581209 13.3890490236 12.9627020278 -2.07038420247 -42.6699981689 0.337161238849 1.09375 9.0 1.0 1.0 2.5 0.0 0.0 
77 -26.2245790402 13.0530576001 12.9627020278 -2.07038420247 -33.4000015259 0.337161238849 1.09375 9.0 1.0 1.0 2.5 0.0 0.0 
77 -26.0635232806 12.9477408207 12.9627020278 -2.07038420247 -19.6800003052 0.337161238849 1.09375 9.0 1.0 1.0 2.5 0.0 0.0 
77 -26.1458551387 12.9683836676 12.9627020278 -2.07038420247 -10.029999733 0.337161238849 1.09375 9.0 1.0 1.0 2.5 0.0 0.0 
77 -26.5686131104 13.0379197816 12.9627020278 -2.07038420247 -7.76000022888 0.337161238849 1.09375 9.0 1.0 1.0 2.5 0.0 0.0 
77 -27.0473787465 13.106173469 12.9627020278 -2.07038420247 -14.9499998093 0.337161238849 1.09375 9.0 1.0 1.0 2.5 0.0 0.0 
77 -27.2271801746 13.1885153393 12.9627020278 -2.07038420247 -36.1800003052 0.337161238849 1.09375 9.0 1.0 1.0 2.5 0.0 0.0 
77 -27.6576716331 13.5328271852 12.9627020278 -2.07038420247 -51.1599998474 0.337161238849 1.09375 9.0 1.0 1.0 2.5 0.0 0.0 
77 -27.7978187696 13.7202764812 12.9627020278 -2.07038420247 -63.6300010681 0.337161238849 1.09375 9.0 1.0 1.0 2.5 0.0 0.0 
77 -27.8279828487 13.7801726499 12.9627020278 -2.07038420247 -64.2200012207 0.337161238849 1.09375 9.0 1.0 1.0 2.5 0.0 0.0 
77 -27.8312169482 13.7868881137 12.9627020278 -2.07038420247 -64.25 0.337161238849 1.09375 9.0 1.0 1.0 2.5 0.0 0.0 
77 -27.8312169482 13.7868881137 12.9627020278 -2.07038420247 -64.2600021362 0.337161238849 1.09375 9.0 1.0 1.0 2.5 0.0 0.0 
77 -27.8312169482 13.7868881137 12.9627020278 -2.07038420247 -64.2600021362 0.337161238849 1.09375 9.0 1.0 1.0 2.5 0.0 0.0 
77 -27.8312169482 13.7868881137 12.9627020278 -2.07038420247 -64.2699966431 0.337161238849 1.09375 9.0 1.0 1.0 2.5 0.0 0.0 
77 -27.8312169482 13.7868881137 12.9627020278 -2.07038420247 -64.2699966431 0.337161238849 1.09375 9.0 1.0 1.0 2.5 0.0 0.0 
77 -27.8308124661 13.7860487869 12.9627020278 -2.07038420247 -64.2600021362 0.337161238849 1.09375 9.0 1.0 1.0 2.5 0.0 0.0 
77 -27.8304078375 13.7852095306 12.9627020278 -2.07038420247 -64.2600021362 0.337161238849 1.09375 9.0 1.0 1.0 2.5 0.0 0.0 
77 -27.8259517969 13.7759801854 12.9627020278 -2.07038420247 -64.1900024414 0.337161238849 1.09375 9.0 1.0 1.0 2.5 0.0 0.0 
77 -27.791348932 13.7047448253 12.9627020278 -2.07038420247 -62.6199989319 0.337161238849 1.09375 9.0 1.0 1.0 2.5 0.0 0.0 
77 -27.6953377159 13.5300854807 12.9627020278 -2.07038420247 -54.9099998474 0.337161238849 1.09375 9.0 1.0 1.0 2.5 0.0 0.0 
77 -27.3936570601 13.1236468574 12.9627020278 -2.07038420247 -43.4599990845 0.337161238849 1.09375 9.0 1.0 1.0 2.5 0.0 0.0 
77 -26.9154561963 12.7016645516 12.9627020278 -2.07038420247 -28.6299991608 0.337161238849 1.09375 9.0 1.0 1.0 2.5 0.0 0.0 
77 -25.4515849935 12.2042168758 12.9627020278 -2.07038420247 -3.92000007629 0.337161238849 1.09375 9.0 1.0 1.0 2.5 0.0 0.0 
77 -24.7236193466 12.1792723488 12.9627020278 -2.07038420247 -0.460000008345 0.337161238849 1.09375 9.0 1.0 1.0 2.5 0.0 0.0 
77 -24.0253160098 12.1579415339 12.9627020278 -2.07038420247 -5.65999984741 0.337161238849 1.09375 9.0 1.0 1.0 2.5 0.0 0.0 
77 -23.3167154522 12.0352888668 12.9627020278 -2.07038420247 -20.7199993134 0.337161238849 1.09375 9.0 1.0 1.0 2.5 0.0 0.0 
77 -22.9293277063 11.901694675 12.9627020278 -2.07038420247 -20.7199993134 0.337161238849 1.09375 9.0 1.0 1.0 2.5 0.0 0.0 
77 -22.1453513529 11.5314738183 12.9627020278 -2.07038420247 -34.1199989319 0.337161238849 1.09375 9.0 1.0 1.0 2.5 0.0 0.0 
77 -21.7633306944 11.2833719569 12.9627020278 -2.07038420247 -37.9500007629 0.337161238849 1.09375 9.0 1.0 1.0 2.5 0.0 0.0 
77 -21.0120357209 10.6811153215 12.9627020278 -2.07038420247 -43.2599983215 0.337161238849 1.09375 9.0 1.0 1.0 2.5 0.0 0.0 
77 -20.39199043 10.0974680433 12.9627020278 -2.07038420247 -44.1500015259 0.337161238849 1.09375 9.0 1.0 1.0 2.5 0.0 0.0 
77 -19.5402319742 9.28423287816 12.9627020278 -2.07038420247 -42.9599990845 0.337161238849 1.09375 9.0 1.0 1.0 2.5 0.0 0.0 
77 -19.2448221539 9.00811753384 12.9627020278 -2.07038420247 -42.0099983215 0.337161238849 1.09375 9.0 1.0 1.0 2.5 0.0 0.0 
77 -18.6368926234 8.4966711953 12.9627020278 -2.07038420247 -36.2099990845 0.337161238849 1.09375 9.0 1.0 1.0 2.5 0.0 0.0 
77 -18.1543161436 8.16443749739 12.9627020278 -2.07038420247 -31.4200000763 0.337161238849 1.09375 9.0 1.0 1.0 2.5 0.0 0.0 
77 -17.6647494788 7.87960867477 12.9627020278 -2.07038420247 -28.1599998474 0.337161238849 1.09375 9.0 1.0 1.0 2.5 0.0 0.0 
77 -16.9647734937 7.51523967104 12.9627020278 -2.07038420247 -26.8199996948 0.337161238849 1.09375 9.0 1.0 1.0 2.5 0.0 0.0 
77 -16.1946941745 7.14552437924 12.9627020278 -2.07038420247 -22.2700004578 0.337161238849 1.09375 9.0 1.0 1.0 2.5 0.0 0.0 
77 -15.3076000872 6.80426659379 12.9627020278 -2.07038420247 -12.4600000381 0.337161238849 1.09375 9.0 1.0 1.0 2.5 0.0 0.0 
77 -14.8211289273 6.68406003472 12.9627020278 -2.07038420247 -5.71000003815 0.337161238849 1.09375 9.0 1.0 1.0 2.5 0.0 0.0 
77 -13.8616192537 6.61502505192 12.9627020278 -2.07038420247 8.53999996185 0.337161238849 1.09375 9.0 1.0 1.0 2.5 0.0 0.0 
77 -12.6257643323 6.85662494905 12.9627020278 -2.07038420247 14.0900001526 0.337161238849 1.09375 9.0 1.0 1.0 2.5 0.0 0.0 
77 -12.2603053733 6.94652305332 12.9627020278 -2.07038420247 11.1700000763 0.337161238849 1.09375 9.0 1.0 1.0 2.5 0.0 0.0 
77 -11.5445176915 7.04163927573 12.9627020278 -2.07038420247 0.129999995232 0.337161238849 1.09375 9.0 1.0 1.0 2.5 0.0 0.0 
77 -10.890122051 6.97688317718 12.9627020278 -2.07038420247 -16.6100006104 0.337161238849 1.09375 9.0 1.0 1.0 2.5 0.0 0.0 
77 -10.1648239707 6.64764271536 12.9627020278 -2.07038420247 -40.4199981689 0.337161238849 1.09375 9.0 1.0 1.0 2.5 0.0 0.0 
77 -9.53922764751 6.08911879294 12.9627020278 -2.07038420247 -49.1500015259 0.337161238849 1.09375 9.0 1.0 1.0 2.5 0.0 0.0 
77 -9.24546718724 5.75565328025 12.9627020278 -2.07038420247 -49.5699996948 0.337161238849 1.09375 9.0 1.0 1.0 2.5 0.0 0.0 
77 -8.62717234406 5.03518756787 12.9627020278 -2.07038420247 -47.6899986267 0.337161238849 1.09375 9.0 1.0 1.0 2.5 0.0 0.0 
77 -7.56719316117 3.95445473864 12.9627020278 -2.07038420247 -38.0299987793 0.337161238849 1.09375 9.0 1.0 1.0 2.5 0.0 0.0 
77 -7.16162366689 3.62487978871 12.9627020278 -2.07038420247 -35.5099983215 0.337161238849 1.09375 9.0 1.0 1.0 2.5 0.0 0.0 
77 -6.28250238418 3.02795027048 12.9627020278 -2.07038420247 -25.8099994659 0.337161238849 1.09375 9.0 1.0 1.0 2.5 0.0 0.0 
77 -5.31913119475 2.58029931198 12.9627020278 -2.07038420247 -18.9500007629 0.337161238849 1.09375 9.0 1.0 1.0 2.5 0.0 0.0 
77 -4.50242695797 2.30588505166 12.9627020278 -2.07038420247 -19.3700008392 0.337161238849 1.09375 9.0 1.0 1.0 2.5 0.0 0.0 
77 -4.74139431849 2.40286886178 12.9627020278 -2.07038420247 -30.6299991608 0.337161238849 1.09375 9.0 1.0 1.0 2.5 0.0 0.0 
77 -4.890475313 2.50649910806 12.9627020278 -2.07038420247 -38.5600013733 0.337161238849 1.09375 9.0 1.0 1.0 2.5 0.0 0.0 
77 -5.09761968881 2.69907374663 12.9627020278 -2.07038420247 -48.3600006104 0.337161238849 1.09375 9.0 1.0 1.0 2.5 0.0 0.0 
77 -5.35360554868 3.01543791041 12.9627020278 -2.07038420247 -55.3699989319 0.337161238849 1.09375 9.0 1.0 1.0 2.5 0.0 0.0 
77 -5.64865384935 3.45241966944 12.9627020278 -2.07038420247 -57.3600006104 0.337161238849 1.09375 9.0 1.0 1.0 2.5 0.0 0.0 
83 -5.76392214919 3.63306865472 12.3453987664 -4.5147025527 -56.8300018311 0.451054897804 -0.9375 9.0 1.0 1.0 2.5 0.0 0.0 
91 -6.10026576024 4.14450963086 12.0260342174 -4.07894267045 -56.3699989319 0.393712992718 -1.1875 9.0 1.0 1.0 2.5 0.0 0.0 
95 -6.2148589144 4.31670321384 11.8794198867 -3.8705294784 -56.5600013733 0.336671712291 -1.3125 9.0 1.0 1.0 2.5 0.0 0.0 
101 -6.44876073285 4.67360603686 11.5214589878 -3.37401917642 -56.8699989319 0.265656963776 -1.1875 9.0 1.0 1.0 2.5 0.0 0.0 
104 -6.68381073247 5.03086945158 11.2454539562 -2.86886360065 -56.4799995422 0.262013630094 -1.28125 9.0 1.0 1.0 2.5 0.0 0.0 
104 -6.98292058487 5.47531316451 11.2454539562 -2.86886360065 -54.5400009155 0.262013630094 -1.28125 9.0 1.0 1.0 2.5 0.0 0.0 
104 -7.17254042265 5.73714852584 11.2454539562 -2.86886360065 -52.6399993896 0.262013630094 -1.28125 9.0 1.0 1.0 2.5 0.0 0.0 
104 -7.26133200048 5.8533949999 11.2454539562 -2.86886360065 -53.2999992371 0.262013630094 -1.28125 9.0 1.0 1.0 2.5 0.0 0.0 
104 -7.71721653436 6.46181334967 11.2454539562 -2.86886360065 -52.4900016785 0.262013630094 -1.28125 9.0 1.0 1.0 2.5 0.0 0.0 
104 -7.83204584735 6.6121013126 11.2454539562 -2.86886360065 -53.2599983215 0.262013630094 -1.28125 9.0 1.0 1.0 2.5 0.0 0.0 
104 -7.98814254591 6.82112355506 11.2454539562 -2.86886360065 -53.8499984741 0.262013630094 -1.28125 9.0 1.0 1.0 2.5 0.0 0.0 
104 -8.0136063046 6.85559708625 11.2454539562 -2.86886360065 -53.9399986267 0.262013630094 -1.28125 9.0 1.0 1.0 2.5 0.0 0.0 
104 -7.95766481402 6.77877258736 11.2454539562 -2.86886360065 -53.9300003052 0.262013630094 -1.28125 9.0 1.0 1.0 2.5 0.0 0.0 
104 -7.91252829192 6.71713163689 11.2454539562 -2.86886360065 -53.4099998474 0.262013630094 -1.28125 9.0 1.0 1.0 2.5 0.0 0.0 
104 -7.89248105148 6.69024055389 11.2454539562 -2.86886360065 -53.0499992371 0.262013630094 -1.28125 9.0 1.0 1.0 2.5 0.0 0.0 
104 -7.89192098661 6.6894959717 11.2454539562 -2.86886360065 -53.0299987793 0.262013630094 -1.28125 9.0 1.0 1.0 2.5 0.0 0.0 
104 -7.89192098661 6.6894959717 11.2454539562 -2.86886360065 -53.0400009155 0.262013630094 -1.28125 9.0 1.0 1.0 2.5 0.0 0.0 
104 -7.89192098661 6.6894959717 11.2454539562 -2.86886360065 -53.0400009155 0.262013630094 -1.28125 9.0 1.0 1.0 2.5 0.0 0.0 
104 -7.89192098661 6.6894959717 11.2454539562 -2.86886360065 -53.0299987793 0.262013630094 -1.28125 9.0 1.0 1.0 2.5 0.0 0.0 
104 -7.90144676726 6.70215034915 11.2454539562 -2.86886360065 -53.0299987793 0.262013630094 -1.28125 9.0 1.0 1.0 2.5 0.0 0.0 
104 -7.9529576537 6.77066323986 11.2454539562 -2.86886360065 -53.0999984741 0.262013630094 -1.28125 9.0 1.0 1.0 2.5 0.0 0.0 
104 -7.98634696372 6.81549870629 11.2454539562 -2.86886360065 -53.4000015259 0.262013630094 -1.28125 9.0 1.0 1.0 2.5 0.0 0.0 
104 -7.99797735367 6.83123267889 11.2454539562 -2.86886360065 -53.3699989319 0.262013630094 -1.28125 9.0 1.0 1.0 2.5 0.0 0.0 
104 -7.99074807472 6.82151453858 11.2454539562 -2.86886360065 -53.3600006104 0.262013630094 -1.28125 9.0 1.0 1.0 2.5 0.0 0.0 
104 -7.99297218713 6.82450494475 11.2454539562 -2.86886360065 -53.3499984741 0.262013630094 -1.28125 9.0 1.0 1.0 2.5 0.0 0.0 
104 -7.99297218713 6.82450494475 11.2454539562 -2.86886360065 -53.3499984741 0.262013630094 -1.28125 9.0 1.0 1.0 2.5 0.0 0.0 
104 -7.98407299729 6.81254535864 11.2454539562 -2.86886360065 -53.3199996948 0.262013630094 -1.28125 9.0 1.0 1.0 2.5 0.0 0.0 
104 -7.98184666729 6.8095566031 11.2454539562 -2.86886360065 -53.2200012207 0.262013630094 -1.28125 9.0 1.0 1.0 2.5 0.0 0.0 
104 -7.98184666729 6.8095566031 11.2454539562 -2.86886360065 -53.2400016785 0.262013630094 -1.28125 9.0 1.0 1.0 2.5 0.0 0.0 
104 -7.98184666729 6.8095566031 11.2454539562 -2.86886360065 -53.25 0.262013630094 -1.28125 9.0 1.0 1.0 2.5 0.0 0.0 
104 -7.98184666729 6.8095566031 11.2454539562 -2.86886360065 -53.25 0.262013630094 -1.28125 9.0 1.0 1.0 2.5 0.0 0.0 
104 -7.98184666729 6.8095566031 11.2454539562 -2.86886360065 -53.25 0.262013630094 -1.28125 9.0 1.0 1.0 2.5 0.0 0.0 
104 -7.98184666729 6.8095566031 11.2454539562 -2.86886360065 -53.2400016785 0.262013630094 -1.28125 9.0 1.0 1.0 2.5 0.0 0.0 
104 -7.98184666729 6.8095566031 11.2454539562 -2.86886360065 -53.25 0.262013630094 -1.28125 9.0 1.0 1.0 2.5 0.0 0.0 
104 -7.98184666729 6.8095566031 11.2454539562 -2.86886360065 -53.25 0.262013630094 -1.28125 9.0 1.0 1.0 2.5 0.0 0.0 
104 -7.98184666729 6.8095566031 11.2454539562 -2.86886360065 -53.2400016785 0.262013630094 -1.28125 9.0 1.0 1.0 2.5 0.0 0.0 
104 -7.98184666729 6.8095566031 11.2454539562 -2.86886360065 -53.2400016785 0.262013630094 -1.28125 9.0 1.0 1.0 2.5 0.0 0.0 
104 -7.98184666729 6.8095566031 11.2454539562 -2.86886360065 -53.2299995422 0.262013630094 -1.28125 9.0 1.0 1.0 2.5 0.0 0.0 
104 -7.98184666729 6.8095566031 11.2454539562 -2.86886360065 -53.2299995422 0.262013630094 -1.28125 9.0 1.0 1.0 2.5 0.0 0.0 
104 -7.98184666729 6.8095566031 11.2454539562 -2.86886360065 -53.2299995422 0.262013630094 -1.28125 9.0 1.0 1.0 2.5 0.0 0.0 
104 -7.98184666729 6.8095566031 11.2454539562 -2.86886360065 -53.2299995422 0.262013630094 -1.28125 9.0 1.0 1.0 2.5 0.0 0.0 
104 -7.98184666729 6.8095566031 11.2454539562 -2.86886360065 -53.2299995422 0.262013630094 -1.28125 9.0 1.0 1.0 2.5 0.0 0.0 
104 -7.98128894435 6.80881026508 11.2454539562 -2.86886360065 -53.2299995422 0.262013630094 -1.28125 9.0 1.0 1.0 2.5 0.0 0.0 
104 -7.9617661671 6.78269028378 11.2454539562 -2.86886360065 -53.2299995422 0.262013630094 -1.28125 9.0 1.0 1.0 2.5 0.0 0.0 
104 -7.70032883884 6.43139911152 11.2454539562 -2.86886360065 -54.3600006104 0.262013630094 -1.28125 9.0 1.0 1.0 2.5 0.0 0.0 
107 -7.45828022725 6.08678893395 11.0244237857 -2.51823849375 -55.8600006104 0.198990101046 -1.53125 9.0 1.0 1.0 2.5 0.0 0.0 
112 -7.34212445212 5.91228659562 10.9483448443 -2.53170556545 -58.1800003052 0.264835857931 -0.3125 9.0 1.0 1.0 2.5 0.0 0.0 
112 -7.12341123377 5.51515219389 11.1024630938 -2.97998960385 -67.0500030518 0.264835857931 -0.3125 9.0 1.0 1.0 2.5 0.0 0.0 
112 -6.97640711169 5.07110123605 11.1024630938 -2.97998960385 -80.5800018311 0.264835857931 -0.3125 9.0 1.0 1.0 2.5 0.0 0.0 
112 -6.95846163684 4.91402865367 11.1024630938 -2.97998960385 -99.0 0.264835857931 -0.3125 9.0 1.0 1.0 2.5 0.0 0.0 
112 -6.95447294592 4.92934679873 11.1024630938 -2.97998960385 -112.660003662 0.264835857931 -0.3125 9.0 1.0 1.0 2.5 0.0 0.0 
112 -6.84564165524 5.06979753907 11.1024630938 -2.97998960385 -146.320007324 0.264835857931 -0.3125 9.0 1.0 1.0 2.5 0.0 0.0 
112 -6.64938304355 5.13768942681 11.1024630938 -2.97998960385 178.210006714 0.264835857931 -0.3125 9.0 1.0 1.0 2.5 0.0 0.0 
112 -6.44717637284 5.08862650286 11.1024630938 -2.97998960385 139.839996338 0.264835857931 -0.3125 9.0 1.0 1.0 2.5 0.0 0.0 
112 -6.35611637407 5.00702258306 11.1024630938 -2.97998960385 115.599998474 0.264835857931 -0.3125 9.0 1.0 1.0 2.5 0.0 0.0 
112 -6.39044664089 5.09462454183 11.1024630938 -2.97998960385 111.449996948 0.264835857931 -0.3125 9.0 1.0 1.0 2.5 0.0 0.0 
112 -6.46042902026 5.24689673746 11.1024630938 -2.97998960385 118.959999084 0.264835857931 -0.3125 9.0 1.0 1.0 2.5 0.0 0.0 
112 -6.56009548597 5.39959952075 11.1024630938 -2.97998960385 130.559997559 0.264835857931 -0.3125 9.0 1.0 1.0 2.5 0.0 0.0 
112 -6.67608399787 5.51358478623 11.1024630938 -2.97998960385 143.990005493 0.264835857931 -0.3125 9.0 1.0 1.0 2.5 0.0 0.0 
112 -6.78009047439 5.58917763753 11.1024630938 -2.97998960385 146.61000061 0.264835857931 -0.3125 9.0 1.0 1.0 2.5 0.0 0.0 
112 -7.0610843856 5.75608888792 11.1024630938 -2.97998960385 153.580001831 0.264835857931 -0.3125 9.0 1.0 1.0 2.5 0.0 0.0 
112 -7.24414420539 5.84619354824 11.1024630938 -2.97998960385 153.38999939 0.264835857931 -0.3125 9.0 1.0 1.0 2.5 0.0 0.0 
112 -7.43870220441 5.94850851813 11.1024630938 -2.97998960385 146.910003662 0.264835857931 -0.3125 9.0 1.0 1.0 2.5 0.0 0.0 
112 -7.55891426555 6.03168695788 11.1024630938 -2.97998960385 142.0 0.264835857931 -0.3125 9.0 1.0 1.0 2.5 0.0 0.0 
112 -7.6385740723 6.09615361492 11.1024630938 -2.97998960385 139.619995117 0.264835857931 -0.3125 9.0 1.0 1.0 2.5 0.0 0.0 
112 -7.70341507271 6.15221373147 11.1024630938 -2.97998960385 138.119995117 0.264835857931 -0.3125 9.0 1.0 1.0 2.5 0.0 0.0 
112 -7.76980972402 6.21214322309 11.1024630938 -2.97998960385 137.38999939 0.264835857931 -0.3125 9.0 1.0 1.0 2.5 0.0 0.0 
112 -7.79452325577 6.23482054326 11.1024630938 -2.97998960385 138.800003052 0.264835857931 -0.3125 9.0 1.0 1.0 2.5 0.0 0.0 
112 -7.79452325577 6.23482054326 11.1024630938 -2.97998960385 139.330001831 0.264835857931 -0.3125 9.0 1.0 1.0 2.5 0.0 0.0 
112 -7.79452325577 6.23482054326 11.1024630938 -2.97998960385 139.270004272 0.264835857931 -0.3125 9.0 1.0 1.0 2.5 0.0 0.0 
112 -7.79452325577 6.23482054326 11.1024630938 -2.97998960385 139.279998779 0.264835857931 -0.3125 9.0 1.0 1.0 2.5 0.0 0.0 
112 -7.79522940164 6.23542835353 11.1024630938 -2.97998960385 139.279998779 0.264835857931 -0.3125 9.0 1.0 1.0 2.5 0.0 0.0 
112 -7.81994220087 6.25670444795 11.1024630938 -2.97998960385 140.589996338 0.264835857931 -0.3125 9.0 1.0 1.0 2.5 0.0 0.0 
112 -7.81994220087 6.25670444795 11.1024630938 -2.97998960385 141.669998169 0.264835857931 -0.3125 9.0 1.0 1.0 2.5 0.0 0.0 
112 -7.81994220087 6.25670444795 11.1024630938 -2.97998960385 141.279998779 0.264835857931 -0.3125 9.0 1.0 1.0 2.5 0.0 0.0 
112 -7.81994220087 6.25670444795 11.1024630938 -2.97998960385 141.130004883 0.264835857931 -0.3125 9.0 1.0 1.0 2.5 0.0 0.0 
112 -7.81994220087 6.25670444795 11.1024630938 -2.97998960385 141.119995117 0.264835857931 -0.3125 9.0 1.0 1.0 2.5 0.0 0.0 
112 -7.84025237344 6.2730772282 11.1024630938 -2.97998960385 141.149993896 0.264835857931 -0.3125 9.0 1.0 1.0 2.5 0.0 0.0 
112 -7.96364189321 6.37238675985 11.1024630938 -2.97998960385 141.38999939 0.264835857931 -0.3125 9.0 1.0 1.0 2.5 0.0 0.0 
112 -8.16459836754 6.53133319456 11.1024630938 -2.97998960385 142.039993286 0.264835857931 -0.3125 9.0 1.0 1.0 2.5 0.0 0.0 
112 -8.32806682976 6.65806114323 11.1024630938 -2.97998960385 142.949996948 0.264835857931 -0.3125 9.0 1.0 1.0 2.5 0.0 0.0 
112 -8.48497478962 6.77649646576 11.1024630938 -2.97998960385 143.410003662 0.264835857931 -0.3125 9.0 1.0 1.0 2.5 0.0 0.0 
112 -8.68649999605 6.92550013209 11.1024630938 -2.97998960385 143.899993896 0.264835857931 -0.3125 9.0 1.0 1.0 2.5 0.0 0.0 
112 -8.84989823353 7.04457046887 11.1024630938 -2.97998960385 144.029998779 0.264835857931 -0.3125 9.0 1.0 1.0 2.5 0.0 0.0 
112 -8.99847591667 7.15233777251 11.1024630938 -2.97998960385 144.160003662 0.264835857931 -0.3125 9.0 1.0 1.0 2.5 0.0 0.0 
112 -9.17163681546 7.27698916627 11.1024630938 -2.97998960385 144.399993896 0.264835857931 -0.3125 9.0 1.0 1.0 2.5 0.0 0.0 
112 -9.26860800846 7.34640912208 11.1024630938 -2.97998960385 144.309997559 0.264835857931 -0.3125 9.0 1.0 1.0 2.5 0.0 0.0 
112 -9.38964543151 7.43343020304 11.1024630938 -2.97998960385 144.240005493 0.264835857931 -0.3125 9.0 1.0 1.0 2.5 0.0 0.0 
112 -9.48185709045 7.49989404096 11.1024630938 -2.97998960385 144.149993896 0.264835857931 -0.3125 9.0 1.0 1.0 2.5 0.0 0.0 
112 -9.55425009071 7.55242430892 11.1024630938 -2.97998960385 143.979995728 0.264835857931 -0.3125 9.0 1.0 1.0 2.5 0.0 0.0 
112 -9.61299165176 7.59521209756 11.1024630938 -2.97998960385 143.88999939 0.264835857931 -0.3125 9.0 1.0 1.0 2.5 0.0 0.0 
112 -9.80731729747 7.73670426878 11.1024630938 -2.97998960385 144.199996948 0.264835857931 -0.3125 9.0 1.0 1.0 2.5 0.0 0.0 
112 -9.96081272661 7.84721059312 11.1024630938 -2.97998960385 144.130004883 0.264835857931 -0.3125 9.0 1.0 1.0 2.5 0.0 0.0 
112 -10.0520692969 7.91340503397 11.1024630938 -2.97998960385 143.820007324 0.264835857931 -0.3125 9.0 1.0 1.0 2.5 0.0 0.0 
112 -10.0753775896 7.93046210795 11.1024630938 -2.97998960385 143.710006714 0.264835857931 -0.3125 9.0 1.0 1.0 2.5 0.0 0.0 
112 -10.0851395174 7.93763214884 11.1024630938 -2.97998960385 143.740005493 0.264835857931 -0.3125 9.0 1.0 1.0 2.5 0.0 0.0 
112 -10.5418793391 8.27428851896 11.1024630938 -2.97998960385 142.380004883 0.264835857931 -0.3125 9.0 1.0 1.0 2.5 0.0 0.0 
112 -10.8906172065 8.549705305 11.1024630938 -2.97998960385 138.070007324 0.264835857931 -0.3125 9.0 1.0 1.0 2.5 0.0 0.0 
112 -11.0212476725 8.66773137672 11.1024630938 -2.97998960385 133.580001831 0.264835857931 -0.3125 9.0 1.0 1.0 2.5 0.0 0.0 
112 -11.0375338589 8.68438273167 11.1024630938 -2.97998960385 128.839996338 0.264835857931 -0.3125 9.0 1.0 1.0 2.5 0.0 0.0 
112 -11.0375338589 8.68438273167 11.1024630938 -2.97998960385 122.949996948 0.264835857931 -0.3125 9.0 1.0 1.0 2.5 0.0 0.0 
112 -11.0375338589 8.68438273167 11.1024630938 -2.97998960385 119.739997864 0.264835857931 -0.3125 9.0 1.0 1.0 2.5 0.0 0.0 
112 -11.0375338589 8.68438273167 11.1024630938 -2.97998960385 116.489997864 0.264835857931 -0.3125 9.0 1.0 1.0 2.5 0.0 0.0 
112 -11.0375338589 8.68438273167 11.1024630938 -2.97998960385 115.489997864 0.264835857931 -0.3125 9.0 1.0 1.0 2.5 0.0 0.0 
112 -11.0375338589 8.68438273167 11.1024630938 -2.97998960385 116.339996338 0.264835857931 -0.3125 9.0 1.0 1.0 2.5 0.0 0.0 
112 -11.0375338589 8.68438273167 11.1024630938 -2.97998960385 116.760002136 0.264835857931 -0.3125 9.0 1.0 1.0 2.5 0.0 0.0 
112 -11.0375338589 8.68438273167 11.1024630938 -2.97998960385 117.260002136 0.264835857931 -0.3125 9.0 1.0 1.0 2.5 0.0 0.0 
112 -11.0375338589 8.68438273167 11.1024630938 -2.97998960385 117.980003357 0.264835857931 -0.3125 9.0 1.0 1.0 2.5 0.0 0.0 
112 -11.0375338589 8.68438273167 11.1024630938 -2.97998960385 118.919998169 0.264835857931 -0.3125 9.0 1.0 1.0 2.5 0.0 0.0 
112 -11.0375338589 8.68438273167 11.1024630938 -2.97998960385 120.510002136 0.264835857931 -0.3125 9.0 1.0 1.0 2.5 0.0 0.0 
112 -11.0375338589 8.68438273167 11.1024630938 -2.97998960385 122.809997559 0.264835857931 -0.3125 9.0 1.0 1.0 2.5 0.0 0.0 
112 -11.0375338589 8.68438273167 11.1024630938 -2.97998960385 128.630004883 0.264835857931 -0.3125 9.0 1.0 1.0 2.5 0.0 0.0 
112 -11.0375338589 8.68438273167 11.1024630938 -2.97998960385 137.630004883 0.264835857931 -0.3125 9.0 1.0 1.0 2.5 0.0 0.0 
112 -11.0375338589 8.68438273167 11.1024630938 -2.97998960385 144.600006104 0.264835857931 -0.3125 9.0 1.0 1.0 2.5 0.0 0.0 
112 -11.0375338589 8.68438273167 11.1024630938 -2.97998960385 147.220001221 0.264835857931 -0.3125 9.0 1.0 1.0 2.5 0.0 0.0 
112 -11.0375338589 8.68438273167 11.1024630938 -2.97998960385 147.11000061 0.264835857931 -0.3125 9.0 1.0 1.0 2.5 0.0 0.0 
112 -11.0375338589 8.68438273167 11.1024630938 -2.97998960385 146.289993286 0.264835857931 -0.3125 9.0 1.0 1.0 2.5 0.0 0.0 
112 -11.0375338589 8.68438273167 11.1024630938 -2.97998960385 155.710006714 0.264835857931 -0.3125 9.0 1.0 1.0 2.5 0.0 0.0 
112 -11.0375338589 8.68438273167 11.1024630938 -2.97998960385 -153.669998169 0.264835857931 -0.3125 9.0 1.0 1.0 2.5 0.0 0.0 
112 -11.0375338589 8.68438273167 11.1024630938 -2.97998960385 -114.720001221 0.264835857931 -0.3125 9.0 1.0 1.0 2.5 0.0 0.0 
112 -11.0375338589 8.68438273167 11.1024630938 -2.97998960385 -107.040000916 0.264835857931 -0.3125 9.0 1.0 1.0 2.5 0.0 0.0 
112 -11.0375338589 8.68438273167 11.1024630938 -2.97998960385 -80.4400024414 0.264835857931 -0.3125 9.0 1.0 1.0 2.5 0.0 0.0 
112 -11.0375338589 8.68438273167 11.1024630938 -2.97998960385 -59.3499984741 0.264835857931 -0.3125 9.0 1.0 1.0 2.5 0.0 0.0 
112 -11.0375338589 8.68438273167 11.1024630938 -2.97998960385 -46.3800010681 0.264835857931 -0.3125 9.0 1.0 1.0 2.5 0.0 0.0 
112 -11.0375338589 8.68438273167 11.1024630938 -2.97998960385 -22.7700004578 0.264835857931 -0.3125 9.0 1.0 1.0 2.5 0.0 0.0 
112 -11.0375338589 8.68438273167 11.1024630938 -2.97998960385 -19.6000003815 0.264835857931 -0.3125 9.0 1.0 1.0 2.5 0.0 0.0 
112 -11.0375338589 8.68438273167 11.1024630938 -2.97998960385 -19.3899993896 0.264835857931 -0.3125 9.0 1.0 1.0 2.5 0.0 0.0 
112 -11.0375338589 8.68438273167 11.1024630938 -2.97998960385 -13.4899997711 0.264835857931 -0.3125 9.0 1.0 1.0 2.5 0.0 0.0 
112 -11.0375338589 8.68438273167 11.1024630938 -2.97998960385 -2.97000002861 0.264835857931 -0.3125 9.0 1.0 1.0 2.5 0.0 0.0 
112 -11.0375338589 8.68438273167 11.1024630938 -2.97998960385 -4.19000005722 0.264835857931 -0.3125 9.0 1.0 1.0 2.5 0.0 0.0 
112 -11.0375338589 8.68438273167 11.1024630938 -2.97998960385 -17.5400009155 0.264835857931 -0.3125 9.0 1.0 1.0 2.5 0.0 0.0 
112 -11.0375338589 8.68438273167 11.1024630938 -2.97998960385 -20.0200004578 0.264835857931 -0.3125 9.0 1.0 1.0 2.5 0.0 0.0 
112 -11.0375338589 8.68438273167 11.1024630938 -2.97998960385 -18.4699993134 0.264835857931 -0.3125 9.0 1.0 1.0 2.5 0.0 0.0 
112 -11.0375338589 8.68438273167 11.1024630938 -2.97998960385 -18.5699996948 0.264835857931 -0.3125 9.0 1.0 1.0 2.5 0.0 0.0 
112 -11.0375338589 8.68438273167 11.1024630938 -2.97998960385 -18.9799995422 0.264835857931 -0.3125 9.0 1.0 1.0 2.5 0.0 0.0 
112 -11.0375338589 8.68438273167 11.1024630938 -2.97998960385 -12.8400001526 0.264835857931 -0.3125 9.0 1.0 1.0 2.5 0.0 0.0 
112 -11.0375338589 8.68438273167 11.1024630938 -2.97998960385 -6.73999977112 0.264835857931 -0.3125 9.0 1.0 1.0 2.5 0.0 0.0 
112 -11.0375338589 8.68438273167 11.1024630938 -2.97998960385 2.07999992371 0.264835857931 -0.3125 9.0 1.0 1.0 2.5 0.0 0.0 
112 -11.0375338589 8.68438273167 11.1024630938 -2.97998960385 7.40000009537 0.264835857931 -0.3125 9.0 1.0 1.0 2.5 0.0 0.0 
112 -11.0375338589 8.68438273167 11.1024630938 -2.97998960385 9.21000003815 0.264835857931 -0.3125 9.0 1.0 1.0 2.5 0.0 0.0 
112 -11.0375338589 8.68438273167 11.1024630938 -2.97998960385 4.75 0.264835857931 -0.3125 9.0 1.0 1.0 2.5 0.0 0.0 
112 -11.0375338589 8.68438273167 11.1024630938 -2.97998960385 -0.219999998808 0.264835857931 -0.3125 9.0 1.0 1.0 2.5 0.0 0.0 
112 -11.0375338589 8.68438273167 11.1024630938 -2.97998960385 -4.38000011444 0.264835857931 -0.3125 9.0 1.0 1.0 2.5 0.0 0.0 
112 -11.0375338589 8.68438273167 11.1024630938 -2.97998960385 -1.80999994278 0.264835857931 -0.3125 9.0 1.0 1.0 2.5 0.0 0.0 
112 -11.0375338589 8.68438273167 11.1024630938 -2.97998960385 4.0 0.264835857931 -0.3125 9.0 1.0 1.0 2.5 0.0 0.0 
112 -11.0375338589 8.68438273167 11.1024630938 -2.97998960385 8.89999961853 0.264835857931 -0.3125 9.0 1.0 1.0 2.5 0.0 0.0 
112 -11.0375338589 8.68438273167 11.1024630938 -2.97998960385 10.970000267 0.264835857931 -0.3125 9.0 1.0 1.0 2.5 0.0 0.0 
112 -11.0375338589 8.68438273167 11.1024630938 -2.97998960385 9.15999984741 0.264835857931 -0.3125 9.0 1.0 1.0 2.5 0.0 0.0 
112 -11.0375338589 8.68438273167 11.1024630938 -2.97998960385 4.55000019073 0.264835857931 -0.3125 9.0 1.0 1.0 2.5 0.0 0.0 
112 -11.0375338589 8.68438273167 11.1024630938 -2.97998960385 -0.219999998808 0.264835857931 -0.3125 9.0 1.0 1.0 2.5 0.0 0.0 
112 -11.0375338589 8.68438273167 11.1024630938 -2.97998960385 -2.17000007629 0.264835857931 -0.3125 9.0 1.0 1.0 2.5 0.0 0.0 
112 -11.0375338589 8.68438273167 11.1024630938 -2.97998960385 -1.25 0.264835857931 -0.3125 9.0 1.0 1.0 2.5 0.0 0.0 
112 -11.0375338589 8.68438273167 11.1024630938 -2.97998960385 2.51999998093 0.264835857931 -0.3125 9.0 1.0 1.0 2.5 0.0 0.0 
112 -11.0375338589 8.68438273167 11.1024630938 -2.97998960385 6.46999979019 0.264835857931 -0.3125 9.0 1.0 1.0 2.5 0.0 0.0 
112 -11.0375338589 8.68438273167 11.1024630938 -2.97998960385 8.73999977112 0.264835857931 -0.3125 9.0 1.0 1.0 2.5 0.0 0.0 
112 -11.0375338589 8.68438273167 11.1024630938 -2.97998960385 8.03999996185 0.264835857931 -0.3125 9.0 1.0 1.0 2.5 0.0 0.0 
112 -11.0375338589 8.68438273167 11.1024630938 -2.97998960385 5.61000013351 0.264835857931 -0.3125 9.0 1.0 1.0 2.5 0.0 0.0 
112 -11.0375338589 8.68438273167 11.1024630938 -2.97998960385 1.60000002384 0.264835857931 -0.3125 9.0 1.0 1.0 2.5 0.0 0.0 
112 -11.0375338589 8.68438273167 11.1024630938 -2.97998960385 -0.0399999991059 0.264835857931 -0.3125 9.0 1.0 1.0 2.5 0.0 0.0 
112 -11.0375338589 8.68438273167 11.1024630938 -2.97998960385 -1.58000004292 0.264835857931 -0.3125 9.0 1.0 1.0 2.5 0.0 0.0 
112 -11.0375338589 8.68438273167 11.1024630938 -2.97998960385 -0.219999998808 0.264835857931 -0.3125 9.0 1.0 1.0 2.5 0.0 0.0 
112 -11.0375338589 8.68438273167 11.1024630938 -2.97998960385 3.23000001907 0.264835857931 -0.3125 9.0 1.0 1.0 2.5 0.0 0.0 
112 -11.0375338589 8.68438273167 11.1024630938 -2.97998960385 5.55000019073 0.264835857931 -0.3125 9.0 1.0 1.0 2.5 0.0 0.0 
112 -11.0375338589 8.68438273167 11.1024630938 -2.97998960385 6.23999977112 0.264835857931 -0.3125 9.0 1.0 1.0 2.5 0.0 0.0 
112 -11.0375338589 8.68438273167 11.1024630938 -2.97998960385 5.21000003815 0.264835857931 -0.3125 9.0 1.0 1.0 2.5 0.0 0.0 
112 -11.0375338589 8.68438273167 11.1024630938 -2.97998960385 2.92000007629 0.264835857931 -0.3125 9.0 1.0 1.0 2.5 0.0 0.0 
112 -11.0375338589 8.68438273167 11.1024630938 -2.97998960385 0.800000011921 0.264835857931 -0.3125 9.0 1.0 1.0 2.5 0.0 0.0 
112 -11.0375338589 8.68438273167 11.1024630938 -2.97998960385 0.5 0.264835857931 -0.3125 9.0 1.0 1.0 2.5 0.0 0.0 
112 -11.0375338589 8.68438273167 11.1024630938 -2.97998960385 1.99000000954 0.264835857931 -0.3125 9.0 1.0 1.0 2.5 0.0 0.0 
112 -11.0375338589 8.68438273167 11.1024630938 -2.97998960385 3.47000002861 0.264835857931 -0.3125 9.0 1.0 1.0 2.5 0.0 0.0 
112 -11.0375338589 8.68438273167 11.1024630938 -2.97998960385 4.86999988556 0.264835857931 -0.3125 9.0 1.0 1.0 2.5 0.0 0.0 
112 -11.0375338589 8.68438273167 11.1024630938 -2.97998960385 5.05999994278 0.264835857931 -0.3125 9.0 1.0 1.0 2.5 0.0 0.0 
112 -11.0375338589 8.68438273167 11.1024630938 -2.97998960385 3.96000003815 0.264835857931 -0.3125 9.0 1.0 1.0 2.5 0.0 0.0 
112 -11.0375338589 8.68438273167 11.1024630938 -2.97998960385 1.82000005245 0.264835857931 -0.3125 9.0 1.0 1.0 2.5 0.0 0.0 
112 -11.0375338589 8.68438273167 11.1024630938 -2.97998960385 1.16999995708 0.264835857931 -0.3125 9.0 1.0 1.0 2.5 0.0 0.0 
112 -11.0375338589 8.68438273167 11.1024630938 -2.97998960385 0.699999988079 0.264835857931 -0.3125 9.0 1.0 1.0 2.5 0.0 0.0 
112 -11.0375338589 8.68438273167 11.1024630938 -2.97998960385 1.17999994755 0.264835857931 -0.3125 9.0 1.0 1.0 2.5 0.0 0.0 
112 -11.0375338589 8.68438273167 11.1024630938 -2.97998960385 2.96000003815 0.264835857931 -0.3125 9.0 1.0 1.0 2.5 0.0 0.0 
112 -11.0375338589 8.68438273167 11.1024630938 -2.97998960385 4.71000003815 0.264835857931 -0.3125 9.0 1.0 1.0 2.5 0.0 0.0 
112 -11.0375338589 8.68438273167 11.1024630938 -2.97998960385 5.44999980927 0.264835857931 -0.3125 9.0 1.0 1.0 2.5 0.0 0.0 
112 -11.0375338589 8.68438273167 11.1024630938 -2.97998960385 4.86999988556 0.264835857931 -0.3125 9.0 1.0 1.0 2.5 0.0 0.0 
112 -11.0375338589 8.68438273167 11.1024630938 -2.97998960385 2.77999997139 0.264835857931 -0.3125 9.0 1.0 1.0 2.5 0.0 0.0 
112 -11.0375338589 8.68438273167 11.1024630938 -2.97998960385 1.09000003338 0.264835857931 -0.3125 9.0 1.0 1.0 2.5 0.0 0.0 
112 -11.0375338589 8.68438273167 11.1024630938 -2.97998960385 0.360000014305 0.264835857931 -0.3125 9.0 1.0 1.0 2.5 0.0 0.0 
112 -11.0375338589 8.68438273167 11.1024630938 -2.97998960385 0.790000021458 0.264835857931 -0.3125 9.0 1.0 1.0 2.5 0.0 0.0 
112 -11.0375338589 8.68438273167 11.1024630938 -2.97998960385 2.68000006676 0.264835857931 -0.3125 9.0 1.0 1.0 2.5 0.0 0.0 
112 -11.0375338589 8.68438273167 11.1024630938 -2.97998960385 4.76999998093 0.264835857931 -0.3125 9.0 1.0 1.0 2.5 0.0 0.0 
112 -11.0375338589 8.68438273167 11.1024630938 -2.97998960385 5.82999992371 0.264835857931 -0.3125 9.0 1.0 1.0 2.5 0.0 0.0 
112 -11.0375338589 8.68438273167 11.1024630938 -2.97998960385 4.71999979019 0.264835857931 -0.3125 9.0 1.0 1.0 2.5 0.0 0.0 
112 -11.0375338589 8.68438273167 11.1024630938 -2.97998960385 2.75 0.264835857931 -0.3125 9.0 1.0 1.0 2.5 0.0 0.0 
112 -11.0375338589 8.68438273167 11.1024630938 -2.97998960385 1.30999994278 0.264835857931 -0.3125 9.0 1.0 1.0 2.5 0.0 0.0 
112 -11.0375338589 8.68438273167 11.1024630938 -2.97998960385 0.170000001788 0.264835857931 -0.3125 9.0 1.0 1.0 2.5 0.0 0.0 
112 -11.0375338589 8.68438273167 11.1024630938 -2.97998960385 0.5 0.264835857931 -0.3125 9.0 1.0 1.0 2.5 0.0 0.0 
112 -11.0375338589 8.68438273167 11.1024630938 -2.97998960385 2.8900001049 0.264835857931 -0.3125 9.0 1.0 1.0 2.5 0.0 0.0 
112 -11.0375338589 8.68438273167 11.1024630938 -2.97998960385 4.98000001907 0.264835857931 -0.3125 9.0 1.0 1.0 2.5 0.0 0.0 
112 -11.0375338589 8.68438273167 11.1024630938 -2.97998960385 5.84000015259 0.264835857931 -0.3125 9.0 1.0 1.0 2.5 0.0 0.0 
112 -11.0375338589 8.68438273167 11.1024630938 -2.97998960385 5.40000009537 0.264835857931 -0.3125 9.0 1.0 1.0 2.5 0.0 0.0 
112 -11.0375338589 8.68438273167 11.1024630938 -2.97998960385 3.69000005722 0.264835857931 -0.3125 9.0 1.0 1.0 2.5 0.0 0.0 
112 -11.0375338589 8.68438273167 11.1024630938 -2.97998960385 1.59000003338 0.264835857931 -0.3125 9.0 1.0 1.0 2.5 0.0 0.0 
112 -11.0375338589 8.68438273167 11.1024630938 -2.97998960385 0.699999988079 0.264835857931 -0.3125 9.0 1.0 1.0 2.5 0.0 0.0 
112 -11.0375338589 8.68438273167 11.1024630938 -2.97998960385 -0.019999999553 0.264835857931 -0.3125 9.0 1.0 1.0 2.5 0.0 0.0 
112 -11.0375338589 8.68438273167 11.1024630938 -2.97998960385 0.239999994636 0.264835857931 -0.3125 9.0 1.0 1.0 2.5 0.0 0.0 
112 -11.0375338589 8.68438273167 11.1024630938 -2.97998960385 2.47000002861 0.264835857931 -0.3125 9.0 1.0 1.0 2.5 0.0 0.0 
