# visionSample, x, y, visX, visY, angle, rawDist, rawAngle, distM, distC, angleC, angleM, distRSquared, angleRSquared
159 0.0 0.0 0.0 0.0 0.579999983311 0.679408031498 -5.6875 9.0 1.0 1.0 2.5 0.0 0.0 
161 0.0 0.0 16.3708405597 -1.53085786472 0.579999983311 0.686026624936 -5.625 9.0 1.0 1.0 2.5 0.0 0.0 
165 0.0 0.0 16.3713745124 -1.52845939084 0.589999973774 0.642930624842 -5.6875 9.0 1.0 1.0 2.5 0.0 0.0 
167 0.0 0.0 16.2300895184 -1.49703214502 0.589999973774 0.654953146328 -5.65625 9.0 1.0 1.0 2.5 0.0 0.0 
168 0.0 0.0 16.2300895184 -1.49703214502 0.589999973774 0.663431115543 -5.65625 9.0 1.0 1.0 2.5 0.0 0.0 
169 0.0 0.0 16.2357608281 -1.49952749779 0.589999973774 0.655628471972 -5.65625 9.0 1.0 1.0 2.5 0.0 0.0 
170 0.0 0.0 16.2357608281 -1.49952749779 0.589999973774 0.650503684854 -5.65625 9.0 1.0 1.0 2.5 0.0 0.0 
173 0.0 0.0 16.2446641594 -1.50633650595 0.589999973774 0.670070334274 -5.6875 9.0 1.0 1.0 2.5 0.0 0.0 
173 0.0 0.0 16.3602737761 -1.53832513364 0.589999973774 0.670070334274 -5.6875 9.0 1.0 1.0 2.5 0.0 0.0 
174 0.0 0.0 16.3602737761 -1.53832513364 0.589999973774 0.662498675004 -5.78125 9.0 1.0 1.0 2.5 0.0 0.0 
176 0.0 0.0 16.2877621655 -1.55000805795 0.600000023842 0.671035158869 -5.78125 9.0 1.0 1.0 2.5 0.0 0.0 
176 0.0 0.0 16.3626624877 -1.56711179554 0.589999973774 0.671035158869 -5.78125 9.0 1.0 1.0 2.5 0.0 0.0 
176 0.0 0.0 16.3626624877 -1.56711179554 0.600000023842 0.671035158869 -5.78125 9.0 1.0 1.0 2.5 0.0 0.0 
176 0.0 0.0 16.3626624877 -1.56711179554 0.600000023842 0.671035158869 -5.78125 9.0 1.0 1.0 2.5 0.0 0.0 
176 0.0 0.0 16.3626624877 -1.56711179554 0.469999998808 0.671035158869 -5.78125 9.0 1.0 1.0 2.5 0.0 0.0 
176 -0.0018633287577 -1.73993597495e-05 16.3626624877 -1.56711179554 -0.620000004768 0.671035158869 -5.78125 9.0 1.0 1.0 2.5 0.0 0.0 
176 -0.0018633287577 -1.73993597495e-05 16.3626624877 -1.56711179554 -0.360000014305 0.671035158869 -5.78125 9.0 1.0 1.0 2.5 0.0 0.0 
176 -0.0018633287577 -1.73993597495e-05 16.3626624877 -1.56711179554 0.389999985695 0.671035158869 -5.78125 9.0 1.0 1.0 2.5 0.0 0.0 
176 -0.0018633287577 -1.73993597495e-05 16.3626624877 -1.56711179554 0.460000008345 0.671035158869 -5.78125 9.0 1.0 1.0 2.5 0.0 0.0 
176 -0.0018633287577 -1.73993597495e-05 16.3626624877 -1.56711179554 0.430000007153 0.671035158869 -5.78125 9.0 1.0 1.0 2.5 0.0 0.0 
176 -0.0018633287577 -1.73993597495e-05 16.3626624877 -1.56711179554 0.419999986887 0.671035158869 -5.78125 9.0 1.0 1.0 2.5 0.0 0.0 
176 -0.0018633287577 -1.73993597495e-05 16.3626624877 -1.56711179554 0.430000007153 0.671035158869 -5.78125 9.0 1.0 1.0 2.5 0.0 0.0 
176 -0.0018633287577 -1.73993597495e-05 16.3626624877 -1.56711179554 0.430000007153 0.671035158869 -5.78125 9.0 1.0 1.0 2.5 0.0 0.0 
176 -0.0018633287577 -1.73993597495e-05 16.3626624877 -1.56711179554 0.419999986887 0.671035158869 -5.78125 9.0 1.0 1.0 2.5 0.0 0.0 
176 -0.0018633287577 -1.73993597495e-05 16.3626624877 -1.56711179554 0.40000000596 0.671035158869 -5.78125 9.0 1.0 1.0 2.5 0.0 0.0 
176 -0.0018633287577 -1.73993597495e-05 16.3626624877 -1.56711179554 0.850000023842 0.671035158869 -5.78125 9.0 1.0 1.0 2.5 0.0 0.0 
176 -0.00558974103587 -7.2685856299e-05 16.3626624877 -1.56711179554 0.52999997139 0.671035158869 -5.78125 9.0 1.0 1.0 2.5 0.0 0.0 
176 -0.00558974103587 -7.2685856299e-05 16.3626624877 -1.56711179554 0.140000000596 0.671035158869 -5.78125 9.0 1.0 1.0 2.5 0.0 0.0 
176 -0.00558974103587 -7.2685856299e-05 16.3626624877 -1.56711179554 0.40000000596 0.671035158869 -5.78125 9.0 1.0 1.0 2.5 0.0 0.0 
176 -0.00558974103587 -7.2685856299e-05 16.3626624877 -1.56711179554 0.519999980927 0.671035158869 -5.78125 9.0 1.0 1.0 2.5 0.0 0.0 
176 -0.00558974103587 -7.2685856299e-05 16.3626624877 -1.56711179554 0.419999986887 0.671035158869 -5.78125 9.0 1.0 1.0 2.5 0.0 0.0 
176 -0.00558974103587 -7.2685856299e-05 16.3626624877 -1.56711179554 0.070000000298 0.671035158869 -5.78125 9.0 1.0 1.0 2.5 0.0 0.0 
176 -0.00465807381184 -8.11416316614e-05 16.3626624877 -1.56711179554 -0.889999985695 0.671035158869 -5.78125 9.0 1.0 1.0 2.5 0.0 0.0 
177 -0.00931650869818 -0.000101305517821 15.2682980542 -0.876557010863 0.569999992847 0.537168803242 -4.15625 9.0 1.0 1.0 2.5 0.0 0.0 
177 -0.00931650869818 -0.000101305517821 15.2682980542 -0.876557010863 -0.140000000596 0.537168803242 -4.15625 9.0 1.0 1.0 2.5 0.0 0.0 
177 -0.00931650869818 -0.000101305517821 15.2682980542 -0.876557010863 0.0399999991059 0.537168803242 -4.15625 9.0 1.0 1.0 2.5 0.0 0.0 
177 -0.00931650869818 -0.000101305517821 15.2682980542 -0.876557010863 0.330000013113 0.537168803242 -4.15625 9.0 1.0 1.0 2.5 0.0 0.0 
177 -0.00931650869818 -0.000101305517821 15.2682980542 -0.876557010863 0.310000002384 0.537168803242 -4.15625 9.0 1.0 1.0 2.5 0.0 0.0 
177 -0.00931650869818 -0.000101305517821 15.2682980542 -0.876557010863 0.0 0.537168803242 -4.15625 9.0 1.0 1.0 2.5 0.0 0.0 
177 -0.00465800014824 -0.000107322168291 15.2682980542 -0.876557010863 -1.17999994755 0.537168803242 -4.15625 9.0 1.0 1.0 2.5 0.0 0.0 
177 -0.00465800014824 -0.000107322168291 15.2682980542 -0.876557010863 -0.75 0.537168803242 -4.15625 9.0 1.0 1.0 2.5 0.0 0.0 
177 -0.00465800014824 -0.000107322168291 15.2682980542 -0.876557010863 -0.180000007153 0.537168803242 -4.15625 9.0 1.0 1.0 2.5 0.0 0.0 
177 -0.00465800014824 -0.000107322168291 15.2682980542 -0.876557010863 -0.239999994636 0.537168803242 -4.15625 9.0 1.0 1.0 2.5 0.0 0.0 
179 0.00372521584652 -0.000283575708324 15.487001258 -1.67561422374 -3.11999988556 0.5796736197 -5.40625 9.0 1.0 1.0 2.5 0.0 0.0 
179 -0.00279175402614 -3.32189226217e-05 15.487001258 -1.67561422374 -1.13999998569 0.5796736197 -5.40625 9.0 1.0 1.0 2.5 0.0 0.0 
179 -0.00279175402614 -3.32189226217e-05 15.487001258 -1.67561422374 -2.02999997139 0.5796736197 -5.40625 9.0 1.0 1.0 2.5 0.0 0.0 
179 -0.00279175402614 -3.32189226217e-05 15.487001258 -1.67561422374 -1.00999999046 0.5796736197 -5.40625 9.0 1.0 1.0 2.5 0.0 0.0 
179 -0.00279175402614 -3.32189226217e-05 15.487001258 -1.67561422374 -1.0 0.5796736197 -5.40625 9.0 1.0 1.0 2.5 0.0 0.0 
179 -0.00279175402614 -3.32189226217e-05 15.487001258 -1.67561422374 -1.0 0.5796736197 -5.40625 9.0 1.0 1.0 2.5 0.0 0.0 
179 -0.00279175402614 -3.32189226217e-05 15.487001258 -1.67561422374 -0.980000019073 0.5796736197 -5.40625 9.0 1.0 1.0 2.5 0.0 0.0 
179 -0.00279175402614 -3.32189226217e-05 15.487001258 -1.67561422374 -0.990000009537 0.5796736197 -5.40625 9.0 1.0 1.0 2.5 0.0 0.0 
179 -0.00279175402614 -3.32189226217e-05 15.487001258 -1.67561422374 -1.0 0.5796736197 -5.40625 9.0 1.0 1.0 2.5 0.0 0.0 
179 -0.00279175402614 -3.32189226217e-05 15.487001258 -1.67561422374 -1.00999999046 0.5796736197 -5.40625 9.0 1.0 1.0 2.5 0.0 0.0 
179 -0.00279175402614 -3.32189226217e-05 15.487001258 -1.67561422374 -1.0 0.5796736197 -5.40625 9.0 1.0 1.0 2.5 0.0 0.0 
179 -0.00279175402614 -3.32189226217e-05 15.487001258 -1.67561422374 -1.00999999046 0.5796736197 -5.40625 9.0 1.0 1.0 2.5 0.0 0.0 
179 -0.00279175402614 -3.32189226217e-05 15.487001258 -1.67561422374 -1.00999999046 0.5796736197 -5.40625 9.0 1.0 1.0 2.5 0.0 0.0 
179 -0.00279175402614 -3.32189226217e-05 15.487001258 -1.67561422374 -1.01999998093 0.5796736197 -5.40625 9.0 1.0 1.0 2.5 0.0 0.0 
179 -0.00279175402614 -3.32189226217e-05 15.487001258 -1.67561422374 -1.03999996185 0.5796736197 -5.40625 9.0 1.0 1.0 2.5 0.0 0.0 
179 -0.00279175402614 -3.32189226217e-05 15.487001258 -1.67561422374 -1.03999996185 0.5796736197 -5.40625 9.0 1.0 1.0 2.5 0.0 0.0 
179 -0.00279175402614 -3.32189226217e-05 15.487001258 -1.67561422374 -1.02999997139 0.5796736197 -5.40625 9.0 1.0 1.0 2.5 0.0 0.0 
179 -0.00279175402614 -3.32189226217e-05 15.487001258 -1.67561422374 -1.04999995232 0.5796736197 -5.40625 9.0 1.0 1.0 2.5 0.0 0.0 
179 -0.00279175402614 -3.32189226217e-05 15.487001258 -1.67561422374 -1.03999996185 0.5796736197 -5.40625 9.0 1.0 1.0 2.5 0.0 0.0 
179 -0.00279175402614 -3.32189226217e-05 15.487001258 -1.67561422374 -1.04999995232 0.5796736197 -5.40625 9.0 1.0 1.0 2.5 0.0 0.0 
179 -0.00279175402614 -3.32189226217e-05 15.487001258 -1.67561422374 -1.08000004292 0.5796736197 -5.40625 9.0 1.0 1.0 2.5 0.0 0.0 
179 -0.00279175402614 -3.32189226217e-05 15.487001258 -1.67561422374 -1.02999997139 0.5796736197 -5.40625 9.0 1.0 1.0 2.5 0.0 0.0 
179 -0.00279175402614 -3.32189226217e-05 15.487001258 -1.67561422374 -1.01999998093 0.5796736197 -5.40625 9.0 1.0 1.0 2.5 0.0 0.0 
179 -0.00279175402614 -3.32189226217e-05 15.487001258 -1.67561422374 -1.02999997139 0.5796736197 -5.40625 9.0 1.0 1.0 2.5 0.0 0.0 
179 -0.00279175402614 -3.32189226217e-05 15.487001258 -1.67561422374 -1.02999997139 0.5796736197 -5.40625 9.0 1.0 1.0 2.5 0.0 0.0 
179 -0.00279175402614 -3.32189226217e-05 15.487001258 -1.67561422374 -1.01999998093 0.5796736197 -5.40625 9.0 1.0 1.0 2.5 0.0 0.0 
179 -0.00279175402614 -3.32189226217e-05 15.487001258 -1.67561422374 -1.02999997139 0.5796736197 -5.40625 9.0 1.0 1.0 2.5 0.0 0.0 
179 -0.00279175402614 -3.32189226217e-05 15.487001258 -1.67561422374 -1.03999996185 0.5796736197 -5.40625 9.0 1.0 1.0 2.5 0.0 0.0 
179 -0.00279175402614 -3.32189226217e-05 15.487001258 -1.67561422374 -1.03999996185 0.5796736197 -5.40625 9.0 1.0 1.0 2.5 0.0 0.0 
179 -0.00279175402614 -3.32189226217e-05 15.487001258 -1.67561422374 -1.01999998093 0.5796736197 -5.40625 9.0 1.0 1.0 2.5 0.0 0.0 
179 -0.00279175402614 -3.32189226217e-05 15.487001258 -1.67561422374 -1.04999995232 0.5796736197 -5.40625 9.0 1.0 1.0 2.5 0.0 0.0 
179 -0.00279175402614 -3.32189226217e-05 15.487001258 -1.67561422374 -1.04999995232 0.5796736197 -5.40625 9.0 1.0 1.0 2.5 0.0 0.0 
179 -0.00279175402614 -3.32189226217e-05 15.487001258 -1.67561422374 -1.07000005245 0.5796736197 -5.40625 9.0 1.0 1.0 2.5 0.0 0.0 
179 -0.00279175402614 -3.32189226217e-05 15.487001258 -1.67561422374 -1.03999996185 0.5796736197 -5.40625 9.0 1.0 1.0 2.5 0.0 0.0 
179 -0.00279175402614 -3.32189226217e-05 15.487001258 -1.67561422374 -1.03999996185 0.5796736197 -5.40625 9.0 1.0 1.0 2.5 0.0 0.0 
179 -0.00279175402614 -3.32189226217e-05 15.487001258 -1.67561422374 -1.02999997139 0.5796736197 -5.40625 9.0 1.0 1.0 2.5 0.0 0.0 
179 -0.00279175402614 -3.32189226217e-05 15.487001258 -1.67561422374 -1.02999997139 0.5796736197 -5.40625 9.0 1.0 1.0 2.5 0.0 0.0 
179 -0.00279175402614 -3.32189226217e-05 15.487001258 -1.67561422374 -1.02999997139 0.5796736197 -5.40625 9.0 1.0 1.0 2.5 0.0 0.0 
179 -0.00279175402614 -3.32189226217e-05 15.487001258 -1.67561422374 -1.04999995232 0.5796736197 -5.40625 9.0 1.0 1.0 2.5 0.0 0.0 
179 -0.00279175402614 -3.32189226217e-05 15.487001258 -1.67561422374 -1.05999994278 0.5796736197 -5.40625 9.0 1.0 1.0 2.5 0.0 0.0 
179 -0.00279175402614 -3.32189226217e-05 15.487001258 -1.67561422374 -1.05999994278 0.5796736197 -5.40625 9.0 1.0 1.0 2.5 0.0 0.0 
179 -0.00279175402614 -3.32189226217e-05 15.487001258 -1.67561422374 -1.03999996185 0.5796736197 -5.40625 9.0 1.0 1.0 2.5 0.0 0.0 
179 -0.00279175402614 -3.32189226217e-05 15.487001258 -1.67561422374 -1.02999997139 0.5796736197 -5.40625 9.0 1.0 1.0 2.5 0.0 0.0 
179 -0.00279175402614 -3.32189226217e-05 15.487001258 -1.67561422374 -1.03999996185 0.5796736197 -5.40625 9.0 1.0 1.0 2.5 0.0 0.0 
179 -0.00279175402614 -3.32189226217e-05 15.487001258 -1.67561422374 -1.04999995232 0.5796736197 -5.40625 9.0 1.0 1.0 2.5 0.0 0.0 
179 -0.00279175402614 -3.32189226217e-05 15.487001258 -1.67561422374 -1.03999996185 0.5796736197 -5.40625 9.0 1.0 1.0 2.5 0.0 0.0 
179 -0.00279175402614 -3.32189226217e-05 15.487001258 -1.67561422374 -1.00999999046 0.5796736197 -5.40625 9.0 1.0 1.0 2.5 0.0 0.0 
179 -0.00279175402614 -3.32189226217e-05 15.487001258 -1.67561422374 -1.0 0.5796736197 -5.40625 9.0 1.0 1.0 2.5 0.0 0.0 
179 -0.00279175402614 -3.32189226217e-05 15.487001258 -1.67561422374 -1.02999997139 0.5796736197 -5.40625 9.0 1.0 1.0 2.5 0.0 0.0 
179 -0.00279175402614 -3.32189226217e-05 15.487001258 -1.67561422374 -1.03999996185 0.5796736197 -5.40625 9.0 1.0 1.0 2.5 0.0 0.0 
179 -0.00279175402614 -3.32189226217e-05 15.487001258 -1.67561422374 -1.02999997139 0.5796736197 -5.40625 9.0 1.0 1.0 2.5 0.0 0.0 
179 -0.00279175402614 -3.32189226217e-05 15.487001258 -1.67561422374 -1.04999995232 0.5796736197 -5.40625 9.0 1.0 1.0 2.5 0.0 0.0 
179 -0.00279175402614 -3.32189226217e-05 15.487001258 -1.67561422374 -1.04999995232 0.5796736197 -5.40625 9.0 1.0 1.0 2.5 0.0 0.0 
179 -0.00279175402614 -3.32189226217e-05 15.487001258 -1.67561422374 -1.05999994278 0.5796736197 -5.40625 9.0 1.0 1.0 2.5 0.0 0.0 
179 -0.00279175402614 -3.32189226217e-05 15.487001258 -1.67561422374 -1.07000005245 0.5796736197 -5.40625 9.0 1.0 1.0 2.5 0.0 0.0 
179 -0.00279175402614 -3.32189226217e-05 15.487001258 -1.67561422374 -1.07000005245 0.5796736197 -5.40625 9.0 1.0 1.0 2.5 0.0 0.0 
179 -0.00279175402614 -3.32189226217e-05 15.487001258 -1.67561422374 -1.08000004292 0.5796736197 -5.40625 9.0 1.0 1.0 2.5 0.0 0.0 
179 -0.00279175402614 -3.32189226217e-05 15.487001258 -1.67561422374 -1.09000003338 0.5796736197 -5.40625 9.0 1.0 1.0 2.5 0.0 0.0 
179 -0.00279175402614 -3.32189226217e-05 15.487001258 -1.67561422374 -1.08000004292 0.5796736197 -5.40625 9.0 1.0 1.0 2.5 0.0 0.0 
179 -0.00279175402614 -3.32189226217e-05 15.487001258 -1.67561422374 -1.10000002384 0.5796736197 -5.40625 9.0 1.0 1.0 2.5 0.0 0.0 
179 -0.00279175402614 -3.32189226217e-05 15.487001258 -1.67561422374 -1.11000001431 0.5796736197 -5.40625 9.0 1.0 1.0 2.5 0.0 0.0 
179 -0.00279175402614 -3.32189226217e-05 15.487001258 -1.67561422374 -1.12000000477 0.5796736197 -5.40625 9.0 1.0 1.0 2.5 0.0 0.0 
179 -0.00279175402614 -3.32189226217e-05 15.487001258 -1.67561422374 -1.11000001431 0.5796736197 -5.40625 9.0 1.0 1.0 2.5 0.0 0.0 
179 -0.00279175402614 -3.32189226217e-05 15.487001258 -1.67561422374 -1.12000000477 0.5796736197 -5.40625 9.0 1.0 1.0 2.5 0.0 0.0 
179 -0.00279175402614 -3.32189226217e-05 15.487001258 -1.67561422374 -1.14999997616 0.5796736197 -5.40625 9.0 1.0 1.0 2.5 0.0 0.0 
179 -0.00279175402614 -3.32189226217e-05 15.487001258 -1.67561422374 -1.16999995708 0.5796736197 -5.40625 9.0 1.0 1.0 2.5 0.0 0.0 
179 -0.00279175402614 -3.32189226217e-05 15.487001258 -1.67561422374 -1.15999996662 0.5796736197 -5.40625 9.0 1.0 1.0 2.5 0.0 0.0 
179 -0.00279175402614 -3.32189226217e-05 15.487001258 -1.67561422374 -1.13999998569 0.5796736197 -5.40625 9.0 1.0 1.0 2.5 0.0 0.0 
179 -0.00279175402614 -3.32189226217e-05 15.487001258 -1.67561422374 -1.15999996662 0.5796736197 -5.40625 9.0 1.0 1.0 2.5 0.0 0.0 
179 -0.00279175402614 -3.32189226217e-05 15.487001258 -1.67561422374 -1.17999994755 0.5796736197 -5.40625 9.0 1.0 1.0 2.5 0.0 0.0 
179 -0.00279175402614 -3.32189226217e-05 15.487001258 -1.67561422374 -1.16999995708 0.5796736197 -5.40625 9.0 1.0 1.0 2.5 0.0 0.0 
179 -0.00279175402614 -3.32189226217e-05 15.487001258 -1.67561422374 -1.16999995708 0.5796736197 -5.40625 9.0 1.0 1.0 2.5 0.0 0.0 
179 -0.00279175402614 -3.32189226217e-05 15.487001258 -1.67561422374 -1.16999995708 0.5796736197 -5.40625 9.0 1.0 1.0 2.5 0.0 0.0 
179 -0.00279175402614 -3.32189226217e-05 15.487001258 -1.67561422374 -1.11000001431 0.5796736197 -5.40625 9.0 1.0 1.0 2.5 0.0 0.0 
179 -0.00279175402614 -3.32189226217e-05 15.487001258 -1.67561422374 -1.20000004768 0.5796736197 -5.40625 9.0 1.0 1.0 2.5 0.0 0.0 
179 -0.00279175402614 -3.32189226217e-05 15.487001258 -1.67561422374 -1.19000005722 0.5796736197 -5.40625 9.0 1.0 1.0 2.5 0.0 0.0 
179 -0.00279175402614 -3.32189226217e-05 15.487001258 -1.67561422374 -1.20000004768 0.5796736197 -5.40625 9.0 1.0 1.0 2.5 0.0 0.0 
179 -0.00279175402614 -3.32189226217e-05 15.487001258 -1.67561422374 -1.20000004768 0.5796736197 -5.40625 9.0 1.0 1.0 2.5 0.0 0.0 
179 -0.00279175402614 -3.32189226217e-05 15.487001258 -1.67561422374 -1.20000004768 0.5796736197 -5.40625 9.0 1.0 1.0 2.5 0.0 0.0 
179 -0.00279175402614 -3.32189226217e-05 15.487001258 -1.67561422374 -1.20000004768 0.5796736197 -5.40625 9.0 1.0 1.0 2.5 0.0 0.0 
179 -0.00279175402614 -3.32189226217e-05 15.487001258 -1.67561422374 -1.20000004768 0.5796736197 -5.40625 9.0 1.0 1.0 2.5 0.0 0.0 
179 -0.00279175402614 -3.32189226217e-05 15.487001258 -1.67561422374 -1.19000005722 0.5796736197 -5.40625 9.0 1.0 1.0 2.5 0.0 0.0 
179 -0.00279175402614 -3.32189226217e-05 15.487001258 -1.67561422374 -1.21000003815 0.5796736197 -5.40625 9.0 1.0 1.0 2.5 0.0 0.0 
179 -0.00279175402614 -3.32189226217e-05 15.487001258 -1.67561422374 -1.19000005722 0.5796736197 -5.40625 9.0 1.0 1.0 2.5 0.0 0.0 
179 -0.00279175402614 -3.32189226217e-05 15.487001258 -1.67561422374 -1.20000004768 0.5796736197 -5.40625 9.0 1.0 1.0 2.5 0.0 0.0 
179 -0.00279175402614 -3.32189226217e-05 15.487001258 -1.67561422374 -1.22000002861 0.5796736197 -5.40625 9.0 1.0 1.0 2.5 0.0 0.0 
179 -0.00279175402614 -3.32189226217e-05 15.487001258 -1.67561422374 -1.22000002861 0.5796736197 -5.40625 9.0 1.0 1.0 2.5 0.0 0.0 
179 -0.00279175402614 -3.32189226217e-05 15.487001258 -1.67561422374 -1.24000000954 0.5796736197 -5.40625 9.0 1.0 1.0 2.5 0.0 0.0 
179 -0.00279175402614 -3.32189226217e-05 15.487001258 -1.67561422374 -1.23000001907 0.5796736197 -5.40625 9.0 1.0 1.0 2.5 0.0 0.0 
179 -0.00279175402614 -3.32189226217e-05 15.487001258 -1.67561422374 -1.24000000954 0.5796736197 -5.40625 9.0 1.0 1.0 2.5 0.0 0.0 
179 -0.00279175402614 -3.32189226217e-05 15.487001258 -1.67561422374 -1.25 0.5796736197 -5.40625 9.0 1.0 1.0 2.5 0.0 0.0 
179 -0.00279175402614 -3.32189226217e-05 15.487001258 -1.67561422374 -1.25999999046 0.5796736197 -5.40625 9.0 1.0 1.0 2.5 0.0 0.0 
179 -0.00279175402614 -3.32189226217e-05 15.487001258 -1.67561422374 -1.25 0.5796736197 -5.40625 9.0 1.0 1.0 2.5 0.0 0.0 
179 -0.00279175402614 -3.32189226217e-05 15.487001258 -1.67561422374 -1.23000001907 0.5796736197 -5.40625 9.0 1.0 1.0 2.5 0.0 0.0 
179 -0.00279175402614 -3.32189226217e-05 15.487001258 -1.67561422374 -1.24000000954 0.5796736197 -5.40625 9.0 1.0 1.0 2.5 0.0 0.0 
179 -0.00279175402614 -3.32189226217e-05 15.487001258 -1.67561422374 -1.23000001907 0.5796736197 -5.40625 9.0 1.0 1.0 2.5 0.0 0.0 
179 -0.00279175402614 -3.32189226217e-05 15.487001258 -1.67561422374 -1.23000001907 0.5796736197 -5.40625 9.0 1.0 1.0 2.5 0.0 0.0 
179 -0.00279175402614 -3.32189226217e-05 15.487001258 -1.67561422374 -1.24000000954 0.5796736197 -5.40625 9.0 1.0 1.0 2.5 0.0 0.0 
179 -0.00279175402614 -3.32189226217e-05 15.487001258 -1.67561422374 -1.22000002861 0.5796736197 -5.40625 9.0 1.0 1.0 2.5 0.0 0.0 
179 -0.00279175402614 -3.32189226217e-05 15.487001258 -1.67561422374 -1.25 0.5796736197 -5.40625 9.0 1.0 1.0 2.5 0.0 0.0 
179 -0.00279175402614 -3.32189226217e-05 15.487001258 -1.67561422374 -1.24000000954 0.5796736197 -5.40625 9.0 1.0 1.0 2.5 0.0 0.0 
179 -0.00279175402614 -3.32189226217e-05 15.487001258 -1.67561422374 -1.25 0.5796736197 -5.40625 9.0 1.0 1.0 2.5 0.0 0.0 
179 -0.00279175402614 -3.32189226217e-05 15.487001258 -1.67561422374 -1.25999999046 0.5796736197 -5.40625 9.0 1.0 1.0 2.5 0.0 0.0 
179 -0.00279175402614 -3.32189226217e-05 15.487001258 -1.67561422374 -1.25999999046 0.5796736197 -5.40625 9.0 1.0 1.0 2.5 0.0 0.0 
179 -0.00279175402614 -3.32189226217e-05 15.487001258 -1.67561422374 -1.26999998093 0.5796736197 -5.40625 9.0 1.0 1.0 2.5 0.0 0.0 
179 -0.00279175402614 -3.32189226217e-05 15.487001258 -1.67561422374 -1.25999999046 0.5796736197 -5.40625 9.0 1.0 1.0 2.5 0.0 0.0 
179 -0.00279175402614 -3.32189226217e-05 15.487001258 -1.67561422374 -1.27999997139 0.5796736197 -5.40625 9.0 1.0 1.0 2.5 0.0 0.0 
179 -0.00279175402614 -3.32189226217e-05 15.487001258 -1.67561422374 -1.26999998093 0.5796736197 -5.40625 9.0 1.0 1.0 2.5 0.0 0.0 
179 -0.00279175402614 -3.32189226217e-05 15.487001258 -1.67561422374 -1.26999998093 0.5796736197 -5.40625 9.0 1.0 1.0 2.5 0.0 0.0 
179 -0.00279175402614 -3.32189226217e-05 15.487001258 -1.67561422374 -1.26999998093 0.5796736197 -5.40625 9.0 1.0 1.0 2.5 0.0 0.0 
179 -0.00279175402614 -3.32189226217e-05 15.487001258 -1.67561422374 -1.27999997139 0.5796736197 -5.40625 9.0 1.0 1.0 2.5 0.0 0.0 
179 -0.00279175402614 -3.32189226217e-05 15.487001258 -1.67561422374 -1.26999998093 0.5796736197 -5.40625 9.0 1.0 1.0 2.5 0.0 0.0 
179 -0.00279175402614 -3.32189226217e-05 15.487001258 -1.67561422374 -1.29999995232 0.5796736197 -5.40625 9.0 1.0 1.0 2.5 0.0 0.0 
179 -0.00279175402614 -3.32189226217e-05 15.487001258 -1.67561422374 -1.28999996185 0.5796736197 -5.40625 9.0 1.0 1.0 2.5 0.0 0.0 
179 -0.00279175402614 -3.32189226217e-05 15.487001258 -1.67561422374 -1.27999997139 0.5796736197 -5.40625 9.0 1.0 1.0 2.5 0.0 0.0 
179 -0.00279175402614 -3.32189226217e-05 15.487001258 -1.67561422374 -1.33000004292 0.5796736197 -5.40625 9.0 1.0 1.0 2.5 0.0 0.0 
179 -0.00279175402614 -3.32189226217e-05 15.487001258 -1.67561422374 -1.29999995232 0.5796736197 -5.40625 9.0 1.0 1.0 2.5 0.0 0.0 
179 -0.00279175402614 -3.32189226217e-05 15.487001258 -1.67561422374 -1.30999994278 0.5796736197 -5.40625 9.0 1.0 1.0 2.5 0.0 0.0 
179 -0.00279175402614 -3.32189226217e-05 15.487001258 -1.67561422374 -1.29999995232 0.5796736197 -5.40625 9.0 1.0 1.0 2.5 0.0 0.0 
179 -0.00279175402614 -3.32189226217e-05 15.487001258 -1.67561422374 -1.34000003338 0.5796736197 -5.40625 9.0 1.0 1.0 2.5 0.0 0.0 
179 -0.00279175402614 -3.32189226217e-05 15.487001258 -1.67561422374 -1.32000005245 0.5796736197 -5.40625 9.0 1.0 1.0 2.5 0.0 0.0 
179 -0.00279175402614 -3.32189226217e-05 15.487001258 -1.67561422374 -1.33000004292 0.5796736197 -5.40625 9.0 1.0 1.0 2.5 0.0 0.0 
179 -0.00279175402614 -3.32189226217e-05 15.487001258 -1.67561422374 -1.35000002384 0.5796736197 -5.40625 9.0 1.0 1.0 2.5 0.0 0.0 
179 -0.00279175402614 -3.32189226217e-05 15.487001258 -1.67561422374 -1.37000000477 0.5796736197 -5.40625 9.0 1.0 1.0 2.5 0.0 0.0 
179 -0.00279175402614 -3.32189226217e-05 15.487001258 -1.67561422374 -1.37999999523 0.5796736197 -5.40625 9.0 1.0 1.0 2.5 0.0 0.0 
179 -0.00279175402614 -3.32189226217e-05 15.487001258 -1.67561422374 -1.40999996662 0.5796736197 -5.40625 9.0 1.0 1.0 2.5 0.0 0.0 
179 -0.00279175402614 -3.32189226217e-05 15.487001258 -1.67561422374 -1.37000000477 0.5796736197 -5.40625 9.0 1.0 1.0 2.5 0.0 0.0 
179 -0.00279175402614 -3.32189226217e-05 15.487001258 -1.67561422374 -1.38999998569 0.5796736197 -5.40625 9.0 1.0 1.0 2.5 0.0 0.0 
179 -0.00279175402614 -3.32189226217e-05 15.487001258 -1.67561422374 -1.37999999523 0.5796736197 -5.40625 9.0 1.0 1.0 2.5 0.0 0.0 
179 -0.00279175402614 -3.32189226217e-05 15.487001258 -1.67561422374 -1.36000001431 0.5796736197 -5.40625 9.0 1.0 1.0 2.5 0.0 0.0 
179 -0.00279175402614 -3.32189226217e-05 15.487001258 -1.67561422374 -1.40999996662 0.5796736197 -5.40625 9.0 1.0 1.0 2.5 0.0 0.0 
179 -0.00279175402614 -3.32189226217e-05 15.487001258 -1.67561422374 -1.39999997616 0.5796736197 -5.40625 9.0 1.0 1.0 2.5 0.0 0.0 
179 -0.00279175402614 -3.32189226217e-05 15.487001258 -1.67561422374 -1.41999995708 0.5796736197 -5.40625 9.0 1.0 1.0 2.5 0.0 0.0 
179 -0.00279175402614 -3.32189226217e-05 15.487001258 -1.67561422374 -1.41999995708 0.5796736197 -5.40625 9.0 1.0 1.0 2.5 0.0 0.0 
179 -0.00279175402614 -3.32189226217e-05 15.487001258 -1.67561422374 -1.42999994755 0.5796736197 -5.40625 9.0 1.0 1.0 2.5 0.0 0.0 
179 -0.00279175402614 -3.32189226217e-05 15.487001258 -1.67561422374 -1.44000005722 0.5796736197 -5.40625 9.0 1.0 1.0 2.5 0.0 0.0 
179 -0.00279175402614 -3.32189226217e-05 15.487001258 -1.67561422374 -1.41999995708 0.5796736197 -5.40625 9.0 1.0 1.0 2.5 0.0 0.0 
179 -0.00279175402614 -3.32189226217e-05 15.487001258 -1.67561422374 -1.42999994755 0.5796736197 -5.40625 9.0 1.0 1.0 2.5 0.0 0.0 
179 -0.00279175402614 -3.32189226217e-05 15.487001258 -1.67561422374 -1.45000004768 0.5796736197 -5.40625 9.0 1.0 1.0 2.5 0.0 0.0 
179 -0.00279175402614 -3.32189226217e-05 15.487001258 -1.67561422374 -1.46000003815 0.5796736197 -5.40625 9.0 1.0 1.0 2.5 0.0 0.0 
179 -0.00279175402614 -3.32189226217e-05 15.487001258 -1.67561422374 -1.45000004768 0.5796736197 -5.40625 9.0 1.0 1.0 2.5 0.0 0.0 
179 -0.00279175402614 -3.32189226217e-05 15.487001258 -1.67561422374 -1.46000003815 0.5796736197 -5.40625 9.0 1.0 1.0 2.5 0.0 0.0 
179 -0.00279175402614 -3.32189226217e-05 15.487001258 -1.67561422374 -1.47000002861 0.5796736197 -5.40625 9.0 1.0 1.0 2.5 0.0 0.0 
179 -0.00279175402614 -3.32189226217e-05 15.487001258 -1.67561422374 -1.48000001907 0.5796736197 -5.40625 9.0 1.0 1.0 2.5 0.0 0.0 
179 -0.00279175402614 -3.32189226217e-05 15.487001258 -1.67561422374 -1.5 0.5796736197 -5.40625 9.0 1.0 1.0 2.5 0.0 0.0 
179 -0.00279175402614 -3.32189226217e-05 15.487001258 -1.67561422374 -1.5 0.5796736197 -5.40625 9.0 1.0 1.0 2.5 0.0 0.0 
179 -0.00279175402614 -3.32189226217e-05 15.487001258 -1.67561422374 -1.51999998093 0.5796736197 -5.40625 9.0 1.0 1.0 2.5 0.0 0.0 
179 -0.00279175402614 -3.32189226217e-05 15.487001258 -1.67561422374 -1.51999998093 0.5796736197 -5.40625 9.0 1.0 1.0 2.5 0.0 0.0 
179 -0.00279175402614 -3.32189226217e-05 15.487001258 -1.67561422374 -1.52999997139 0.5796736197 -5.40625 9.0 1.0 1.0 2.5 0.0 0.0 
179 -0.00279175402614 -3.32189226217e-05 15.487001258 -1.67561422374 -1.51999998093 0.5796736197 -5.40625 9.0 1.0 1.0 2.5 0.0 0.0 
179 -0.00279175402614 -3.32189226217e-05 15.487001258 -1.67561422374 -1.52999997139 0.5796736197 -5.40625 9.0 1.0 1.0 2.5 0.0 0.0 
179 -0.00279175402614 -3.32189226217e-05 15.487001258 -1.67561422374 -1.53999996185 0.5796736197 -5.40625 9.0 1.0 1.0 2.5 0.0 0.0 
179 -0.00279175402614 -3.32189226217e-05 15.487001258 -1.67561422374 -1.54999995232 0.5796736197 -5.40625 9.0 1.0 1.0 2.5 0.0 0.0 
179 -0.00279175402614 -3.32189226217e-05 15.487001258 -1.67561422374 -1.54999995232 0.5796736197 -5.40625 9.0 1.0 1.0 2.5 0.0 0.0 
179 -0.00279175402614 -3.32189226217e-05 15.487001258 -1.67561422374 -1.54999995232 0.5796736197 -5.40625 9.0 1.0 1.0 2.5 0.0 0.0 
179 -0.00279175402614 -3.32189226217e-05 15.487001258 -1.67561422374 -1.55999994278 0.5796736197 -5.40625 9.0 1.0 1.0 2.5 0.0 0.0 
179 -0.00279175402614 -3.32189226217e-05 15.487001258 -1.67561422374 -1.55999994278 0.5796736197 -5.40625 9.0 1.0 1.0 2.5 0.0 0.0 
179 -0.00279175402614 -3.32189226217e-05 15.487001258 -1.67561422374 -1.55999994278 0.5796736197 -5.40625 9.0 1.0 1.0 2.5 0.0 0.0 
179 -0.00279175402614 -3.32189226217e-05 15.487001258 -1.67561422374 -1.57000005245 0.5796736197 -5.40625 9.0 1.0 1.0 2.5 0.0 0.0 
179 -0.00279175402614 -3.32189226217e-05 15.487001258 -1.67561422374 -1.58000004292 0.5796736197 -5.40625 9.0 1.0 1.0 2.5 0.0 0.0 
179 -0.00279175402614 -3.32189226217e-05 15.487001258 -1.67561422374 -1.58000004292 0.5796736197 -5.40625 9.0 1.0 1.0 2.5 0.0 0.0 
179 -0.00279175402614 -3.32189226217e-05 15.487001258 -1.67561422374 -1.58000004292 0.5796736197 -5.40625 9.0 1.0 1.0 2.5 0.0 0.0 
179 -0.00279175402614 -3.32189226217e-05 15.487001258 -1.67561422374 -1.59000003338 0.5796736197 -5.40625 9.0 1.0 1.0 2.5 0.0 0.0 
179 -0.00279175402614 -3.32189226217e-05 15.487001258 -1.67561422374 -1.38999998569 0.5796736197 -5.40625 9.0 1.0 1.0 2.5 0.0 0.0 
179 -0.00279175402614 -3.32189226217e-05 15.487001258 -1.67561422374 -1.30999994278 0.5796736197 -5.40625 9.0 1.0 1.0 2.5 0.0 0.0 
179 -0.00279175402614 -3.32189226217e-05 15.487001258 -1.67561422374 -1.40999996662 0.5796736197 -5.40625 9.0 1.0 1.0 2.5 0.0 0.0 
179 -0.00279175402614 -3.32189226217e-05 15.487001258 -1.67561422374 -1.42999994755 0.5796736197 -5.40625 9.0 1.0 1.0 2.5 0.0 0.0 
179 -0.00279175402614 -3.32189226217e-05 15.487001258 -1.67561422374 -1.44000005722 0.5796736197 -5.40625 9.0 1.0 1.0 2.5 0.0 0.0 
179 -0.00279175402614 -3.32189226217e-05 15.487001258 -1.67561422374 -1.45000004768 0.5796736197 -5.40625 9.0 1.0 1.0 2.5 0.0 0.0 
179 -0.00279175402614 -3.32189226217e-05 15.487001258 -1.67561422374 -1.46000003815 0.5796736197 -5.40625 9.0 1.0 1.0 2.5 0.0 0.0 
179 -0.00279175402614 -3.32189226217e-05 15.487001258 -1.67561422374 -1.47000002861 0.5796736197 -5.40625 9.0 1.0 1.0 2.5 0.0 0.0 
179 -0.00279175402614 -3.32189226217e-05 15.487001258 -1.67561422374 -1.47000002861 0.5796736197 -5.40625 9.0 1.0 1.0 2.5 0.0 0.0 
179 -0.00279175402614 -3.32189226217e-05 15.487001258 -1.67561422374 -1.51999998093 0.5796736197 -5.40625 9.0 1.0 1.0 2.5 0.0 0.0 
179 -0.00279175402614 -3.32189226217e-05 15.487001258 -1.67561422374 -1.51999998093 0.5796736197 -5.40625 9.0 1.0 1.0 2.5 0.0 0.0 
179 -0.00279175402614 -3.32189226217e-05 15.487001258 -1.67561422374 -1.48000001907 0.5796736197 -5.40625 9.0 1.0 1.0 2.5 0.0 0.0 
179 -0.00279175402614 -3.32189226217e-05 15.487001258 -1.67561422374 -1.49000000954 0.5796736197 -5.40625 9.0 1.0 1.0 2.5 0.0 0.0 
179 -0.00279175402614 -3.32189226217e-05 15.487001258 -1.67561422374 -1.49000000954 0.5796736197 -5.40625 9.0 1.0 1.0 2.5 0.0 0.0 
179 -0.00279175402614 -3.32189226217e-05 15.487001258 -1.67561422374 -1.49000000954 0.5796736197 -5.40625 9.0 1.0 1.0 2.5 0.0 0.0 
179 -0.00279175402614 -3.32189226217e-05 15.487001258 -1.67561422374 -1.49000000954 0.5796736197 -5.40625 9.0 1.0 1.0 2.5 0.0 0.0 
179 -0.00279175402614 -3.32189226217e-05 15.487001258 -1.67561422374 -1.5 0.5796736197 -5.40625 9.0 1.0 1.0 2.5 0.0 0.0 
179 -0.00279175402614 -3.32189226217e-05 15.487001258 -1.67561422374 -1.49000000954 0.5796736197 -5.40625 9.0 1.0 1.0 2.5 0.0 0.0 
179 -0.00279175402614 -3.32189226217e-05 15.487001258 -1.67561422374 -1.49000000954 0.5796736197 -5.40625 9.0 1.0 1.0 2.5 0.0 0.0 
179 -0.00279175402614 -3.32189226217e-05 15.487001258 -1.67561422374 -1.5 0.5796736197 -5.40625 9.0 1.0 1.0 2.5 0.0 0.0 
179 -0.00279175402614 -3.32189226217e-05 15.487001258 -1.67561422374 -1.5 0.5796736197 -5.40625 9.0 1.0 1.0 2.5 0.0 0.0 
179 -0.00279175402614 -3.32189226217e-05 15.487001258 -1.67561422374 -1.50999999046 0.5796736197 -5.40625 9.0 1.0 1.0 2.5 0.0 0.0 
179 -0.00279175402614 -3.32189226217e-05 15.487001258 -1.67561422374 -1.50999999046 0.5796736197 -5.40625 9.0 1.0 1.0 2.5 0.0 0.0 
179 -0.00279175402614 -3.32189226217e-05 15.487001258 -1.67561422374 -1.48000001907 0.5796736197 -5.40625 9.0 1.0 1.0 2.5 0.0 0.0 
179 -0.00279175402614 -3.32189226217e-05 15.487001258 -1.67561422374 -1.5 0.5796736197 -5.40625 9.0 1.0 1.0 2.5 0.0 0.0 
179 -0.00279175402614 -3.32189226217e-05 15.487001258 -1.67561422374 -1.50999999046 0.5796736197 -5.40625 9.0 1.0 1.0 2.5 0.0 0.0 
179 -0.00279175402614 -3.32189226217e-05 15.487001258 -1.67561422374 -1.52999997139 0.5796736197 -5.40625 9.0 1.0 1.0 2.5 0.0 0.0 
179 -0.00279175402614 -3.32189226217e-05 15.487001258 -1.67561422374 -1.53999996185 0.5796736197 -5.40625 9.0 1.0 1.0 2.5 0.0 0.0 
179 -0.00279175402614 -3.32189226217e-05 15.487001258 -1.67561422374 -1.54999995232 0.5796736197 -5.40625 9.0 1.0 1.0 2.5 0.0 0.0 
179 -0.00279175402614 -3.32189226217e-05 15.487001258 -1.67561422374 -1.53999996185 0.5796736197 -5.40625 9.0 1.0 1.0 2.5 0.0 0.0 
179 -0.00279175402614 -3.32189226217e-05 15.487001258 -1.67561422374 -1.53999996185 0.5796736197 -5.40625 9.0 1.0 1.0 2.5 0.0 0.0 
179 -0.00279175402614 -3.32189226217e-05 15.487001258 -1.67561422374 -1.54999995232 0.5796736197 -5.40625 9.0 1.0 1.0 2.5 0.0 0.0 
179 -0.00279175402614 -3.32189226217e-05 15.487001258 -1.67561422374 -1.53999996185 0.5796736197 -5.40625 9.0 1.0 1.0 2.5 0.0 0.0 
179 -0.00279175402614 -3.32189226217e-05 15.487001258 -1.67561422374 -1.54999995232 0.5796736197 -5.40625 9.0 1.0 1.0 2.5 0.0 0.0 
179 -0.00279175402614 -3.32189226217e-05 15.487001258 -1.67561422374 -1.53999996185 0.5796736197 -5.40625 9.0 1.0 1.0 2.5 0.0 0.0 
179 -0.00279175402614 -3.32189226217e-05 15.487001258 -1.67561422374 -1.55999994278 0.5796736197 -5.40625 9.0 1.0 1.0 2.5 0.0 0.0 
179 -0.00279175402614 -3.32189226217e-05 15.487001258 -1.67561422374 -1.53999996185 0.5796736197 -5.40625 9.0 1.0 1.0 2.5 0.0 0.0 
179 -0.00279175402614 -3.32189226217e-05 15.487001258 -1.67561422374 -1.54999995232 0.5796736197 -5.40625 9.0 1.0 1.0 2.5 0.0 0.0 
179 -0.00279175402614 -3.32189226217e-05 15.487001258 -1.67561422374 -1.57000005245 0.5796736197 -5.40625 9.0 1.0 1.0 2.5 0.0 0.0 
179 -0.00279175402614 -3.32189226217e-05 15.487001258 -1.67561422374 -1.55999994278 0.5796736197 -5.40625 9.0 1.0 1.0 2.5 0.0 0.0 
179 -0.00279175402614 -3.32189226217e-05 15.487001258 -1.67561422374 -1.57000005245 0.5796736197 -5.40625 9.0 1.0 1.0 2.5 0.0 0.0 
181 -0.00279175402614 -3.32189226217e-05 15.487001258 -1.67561422374 -1.55999994278 0.642930624842 -3.84375 9.0 1.0 1.0 2.5 0.0 0.0 
182 -0.00279175402614 -3.32189226217e-05 16.1795532527 -1.19935918233 -1.58000004292 0.642930624842 -3.84375 9.0 1.0 1.0 2.5 0.0 0.0 
182 -0.00279175402614 -3.32189226217e-05 16.1795532527 -1.19935918233 -1.57000005245 0.642930624842 -3.84375 9.0 1.0 1.0 2.5 0.0 0.0 
182 -0.00279175402614 -3.32189226217e-05 16.1795532527 -1.19935918233 -1.58000004292 0.642930624842 -3.84375 9.0 1.0 1.0 2.5 0.0 0.0 
182 -0.00279175402614 -3.32189226217e-05 16.1795532527 -1.19935918233 -1.57000005245 0.642930624842 -3.84375 9.0 1.0 1.0 2.5 0.0 0.0 
182 -0.00279175402614 -3.32189226217e-05 16.1795532527 -1.19935918233 -1.59000003338 0.642930624842 -3.84375 9.0 1.0 1.0 2.5 0.0 0.0 
182 -0.00279175402614 -3.32189226217e-05 16.1795532527 -1.19935918233 -1.59000003338 0.642930624842 -3.84375 9.0 1.0 1.0 2.5 0.0 0.0 
182 -0.00279175402614 -3.32189226217e-05 16.1795532527 -1.19935918233 -1.60000002384 0.642930624842 -3.84375 9.0 1.0 1.0 2.5 0.0 0.0 
182 -0.00279175402614 -3.32189226217e-05 16.1795532527 -1.19935918233 -1.59000003338 0.642930624842 -3.84375 9.0 1.0 1.0 2.5 0.0 0.0 
182 -0.00279175402614 -3.32189226217e-05 16.1795532527 -1.19935918233 -1.60000002384 0.642930624842 -3.84375 9.0 1.0 1.0 2.5 0.0 0.0 
182 -0.00279175402614 -3.32189226217e-05 16.1795532527 -1.19935918233 -1.61000001431 0.642930624842 -3.84375 9.0 1.0 1.0 2.5 0.0 0.0 
182 -0.00279175402614 -3.32189226217e-05 16.1795532527 -1.19935918233 -1.59000003338 0.642930624842 -3.84375 9.0 1.0 1.0 2.5 0.0 0.0 
182 -0.00279175402614 -3.32189226217e-05 16.1795532527 -1.19935918233 -1.60000002384 0.642930624842 -3.84375 9.0 1.0 1.0 2.5 0.0 0.0 
182 -0.00279175402614 -3.32189226217e-05 16.1795532527 -1.19935918233 -1.61000001431 0.642930624842 -3.84375 9.0 1.0 1.0 2.5 0.0 0.0 
182 -0.00279175402614 -3.32189226217e-05 16.1795532527 -1.19935918233 -1.61000001431 0.642930624842 -3.84375 9.0 1.0 1.0 2.5 0.0 0.0 
182 -0.00279175402614 -3.32189226217e-05 16.1795532527 -1.19935918233 -1.62000000477 0.642930624842 -3.84375 9.0 1.0 1.0 2.5 0.0 0.0 
182 -0.00279175402614 -3.32189226217e-05 16.1795532527 -1.19935918233 -1.63999998569 0.642930624842 -3.84375 9.0 1.0 1.0 2.5 0.0 0.0 
182 -0.00279175402614 -3.32189226217e-05 16.1795532527 -1.19935918233 -1.63999998569 0.642930624842 -3.84375 9.0 1.0 1.0 2.5 0.0 0.0 
182 -0.00279175402614 -3.32189226217e-05 16.1795532527 -1.19935918233 -1.63999998569 0.642930624842 -3.84375 9.0 1.0 1.0 2.5 0.0 0.0 
182 -0.00279175402614 -3.32189226217e-05 16.1795532527 -1.19935918233 -1.64999997616 0.642930624842 -3.84375 9.0 1.0 1.0 2.5 0.0 0.0 
182 -0.00279175402614 -3.32189226217e-05 16.1795532527 -1.19935918233 -1.64999997616 0.642930624842 -3.84375 9.0 1.0 1.0 2.5 0.0 0.0 
182 -0.00279175402614 -3.32189226217e-05 16.1795532527 -1.19935918233 -1.64999997616 0.642930624842 -3.84375 9.0 1.0 1.0 2.5 0.0 0.0 
182 -0.00279175402614 -3.32189226217e-05 16.1795532527 -1.19935918233 -1.64999997616 0.642930624842 -3.84375 9.0 1.0 1.0 2.5 0.0 0.0 
182 -0.00279175402614 -3.32189226217e-05 16.1795532527 -1.19935918233 -1.65999996662 0.642930624842 -3.84375 9.0 1.0 1.0 2.5 0.0 0.0 
182 -0.00279175402614 -3.32189226217e-05 16.1795532527 -1.19935918233 -1.65999996662 0.642930624842 -3.84375 9.0 1.0 1.0 2.5 0.0 0.0 
182 -0.00279175402614 -3.32189226217e-05 16.1795532527 -1.19935918233 -1.67999994755 0.642930624842 -3.84375 9.0 1.0 1.0 2.5 0.0 0.0 
182 -0.00279175402614 -3.32189226217e-05 16.1795532527 -1.19935918233 -1.69000005722 0.642930624842 -3.84375 9.0 1.0 1.0 2.5 0.0 0.0 
182 -0.00279175402614 -3.32189226217e-05 16.1795532527 -1.19935918233 -1.66999995708 0.642930624842 -3.84375 9.0 1.0 1.0 2.5 0.0 0.0 
182 -0.00279175402614 -3.32189226217e-05 16.1795532527 -1.19935918233 -1.69000005722 0.642930624842 -3.84375 9.0 1.0 1.0 2.5 0.0 0.0 
182 -0.00279175402614 -3.32189226217e-05 16.1795532527 -1.19935918233 -1.66999995708 0.642930624842 -3.84375 9.0 1.0 1.0 2.5 0.0 0.0 
182 -0.00279175402614 -3.32189226217e-05 16.1795532527 -1.19935918233 -1.70000004768 0.642930624842 -3.84375 9.0 1.0 1.0 2.5 0.0 0.0 
182 -0.00279175402614 -3.32189226217e-05 16.1795532527 -1.19935918233 -1.67999994755 0.642930624842 -3.84375 9.0 1.0 1.0 2.5 0.0 0.0 
182 -0.00279175402614 -3.32189226217e-05 16.1795532527 -1.19935918233 -1.69000005722 0.642930624842 -3.84375 9.0 1.0 1.0 2.5 0.0 0.0 
182 -0.00279175402614 -3.32189226217e-05 16.1795532527 -1.19935918233 -1.71000003815 0.642930624842 -3.84375 9.0 1.0 1.0 2.5 0.0 0.0 
182 -0.00279175402614 -3.32189226217e-05 16.1795532527 -1.19935918233 -1.71000003815 0.642930624842 -3.84375 9.0 1.0 1.0 2.5 0.0 0.0 
182 -0.00279175402614 -3.32189226217e-05 16.1795532527 -1.19935918233 -1.70000004768 0.642930624842 -3.84375 9.0 1.0 1.0 2.5 0.0 0.0 
182 -0.00279175402614 -3.32189226217e-05 16.1795532527 -1.19935918233 -1.70000004768 0.642930624842 -3.84375 9.0 1.0 1.0 2.5 0.0 0.0 
182 -0.00279175402614 -3.32189226217e-05 16.1795532527 -1.19935918233 -1.72000002861 0.642930624842 -3.84375 9.0 1.0 1.0 2.5 0.0 0.0 
182 -0.00279175402614 -3.32189226217e-05 16.1795532527 -1.19935918233 -1.70000004768 0.642930624842 -3.84375 9.0 1.0 1.0 2.5 0.0 0.0 
182 -0.00279175402614 -3.32189226217e-05 16.1795532527 -1.19935918233 -1.72000002861 0.642930624842 -3.84375 9.0 1.0 1.0 2.5 0.0 0.0 
182 -0.00279175402614 -3.32189226217e-05 16.1795532527 -1.19935918233 -1.73000001907 0.642930624842 -3.84375 9.0 1.0 1.0 2.5 0.0 0.0 
182 -0.00279175402614 -3.32189226217e-05 16.1795532527 -1.19935918233 -1.72000002861 0.642930624842 -3.84375 9.0 1.0 1.0 2.5 0.0 0.0 
182 -0.00279175402614 -3.32189226217e-05 16.1795532527 -1.19935918233 -1.73000001907 0.642930624842 -3.84375 9.0 1.0 1.0 2.5 0.0 0.0 
182 -0.00279175402614 -3.32189226217e-05 16.1795532527 -1.19935918233 -1.74000000954 0.642930624842 -3.84375 9.0 1.0 1.0 2.5 0.0 0.0 
182 -0.00279175402614 -3.32189226217e-05 16.1795532527 -1.19935918233 -1.75 0.642930624842 -3.84375 9.0 1.0 1.0 2.5 0.0 0.0 
182 -0.00279175402614 -3.32189226217e-05 16.1795532527 -1.19935918233 -1.75999999046 0.642930624842 -3.84375 9.0 1.0 1.0 2.5 0.0 0.0 
182 -0.00279175402614 -3.32189226217e-05 16.1795532527 -1.19935918233 -1.75999999046 0.642930624842 -3.84375 9.0 1.0 1.0 2.5 0.0 0.0 
182 -0.00279175402614 -3.32189226217e-05 16.1795532527 -1.19935918233 -1.77999997139 0.642930624842 -3.84375 9.0 1.0 1.0 2.5 0.0 0.0 
182 -0.00279175402614 -3.32189226217e-05 16.1795532527 -1.19935918233 -1.78999996185 0.642930624842 -3.84375 9.0 1.0 1.0 2.5 0.0 0.0 
182 -0.00279175402614 -3.32189226217e-05 16.1795532527 -1.19935918233 -1.77999997139 0.642930624842 -3.84375 9.0 1.0 1.0 2.5 0.0 0.0 
182 -0.00279175402614 -3.32189226217e-05 16.1795532527 -1.19935918233 -1.77999997139 0.642930624842 -3.84375 9.0 1.0 1.0 2.5 0.0 0.0 
182 -0.00279175402614 -3.32189226217e-05 16.1795532527 -1.19935918233 -1.78999996185 0.642930624842 -3.84375 9.0 1.0 1.0 2.5 0.0 0.0 
182 -0.00279175402614 -3.32189226217e-05 16.1795532527 -1.19935918233 -1.78999996185 0.642930624842 -3.84375 9.0 1.0 1.0 2.5 0.0 0.0 
182 -0.00279175402614 -3.32189226217e-05 16.1795532527 -1.19935918233 -1.78999996185 0.642930624842 -3.84375 9.0 1.0 1.0 2.5 0.0 0.0 
182 -0.00279175402614 -3.32189226217e-05 16.1795532527 -1.19935918233 -1.79999995232 0.642930624842 -3.84375 9.0 1.0 1.0 2.5 0.0 0.0 
182 -0.00279175402614 -3.32189226217e-05 16.1795532527 -1.19935918233 -1.79999995232 0.642930624842 -3.84375 9.0 1.0 1.0 2.5 0.0 0.0 
182 -0.00279175402614 -3.32189226217e-05 16.1795532527 -1.19935918233 -1.80999994278 0.642930624842 -3.84375 9.0 1.0 1.0 2.5 0.0 0.0 
182 -0.00279175402614 -3.32189226217e-05 16.1795532527 -1.19935918233 -1.79999995232 0.642930624842 -3.84375 9.0 1.0 1.0 2.5 0.0 0.0 
182 -0.00279175402614 -3.32189226217e-05 16.1795532527 -1.19935918233 -1.82000005245 0.642930624842 -3.84375 9.0 1.0 1.0 2.5 0.0 0.0 
182 -0.00279175402614 -3.32189226217e-05 16.1795532527 -1.19935918233 -1.79999995232 0.642930624842 -3.84375 9.0 1.0 1.0 2.5 0.0 0.0 
182 -0.00279175402614 -3.32189226217e-05 16.1795532527 -1.19935918233 -1.83000004292 0.642930624842 -3.84375 9.0 1.0 1.0 2.5 0.0 0.0 
182 -0.00279175402614 -3.32189226217e-05 16.1795532527 -1.19935918233 -1.82000005245 0.642930624842 -3.84375 9.0 1.0 1.0 2.5 0.0 0.0 
182 -0.00279175402614 -3.32189226217e-05 16.1795532527 -1.19935918233 -1.82000005245 0.642930624842 -3.84375 9.0 1.0 1.0 2.5 0.0 0.0 
182 -0.00279175402614 -3.32189226217e-05 16.1795532527 -1.19935918233 -1.85000002384 0.642930624842 -3.84375 9.0 1.0 1.0 2.5 0.0 0.0 
182 -0.00279175402614 -3.32189226217e-05 16.1795532527 -1.19935918233 -1.85000002384 0.642930624842 -3.84375 9.0 1.0 1.0 2.5 0.0 0.0 
182 -0.00279175402614 -3.32189226217e-05 16.1795532527 -1.19935918233 -1.85000002384 0.642930624842 -3.84375 9.0 1.0 1.0 2.5 0.0 0.0 
182 -0.00279175402614 -3.32189226217e-05 16.1795532527 -1.19935918233 -1.86000001431 0.642930624842 -3.84375 9.0 1.0 1.0 2.5 0.0 0.0 
182 -0.00279175402614 -3.32189226217e-05 16.1795532527 -1.19935918233 -1.87000000477 0.642930624842 -3.84375 9.0 1.0 1.0 2.5 0.0 0.0 
182 -0.00279175402614 -3.32189226217e-05 16.1795532527 -1.19935918233 -1.87999999523 0.642930624842 -3.84375 9.0 1.0 1.0 2.5 0.0 0.0 
182 -0.00279175402614 -3.32189226217e-05 16.1795532527 -1.19935918233 -1.87999999523 0.642930624842 -3.84375 9.0 1.0 1.0 2.5 0.0 0.0 
182 -0.00279175402614 -3.32189226217e-05 16.1795532527 -1.19935918233 -1.88999998569 0.642930624842 -3.84375 9.0 1.0 1.0 2.5 0.0 0.0 
182 -0.00279175402614 -3.32189226217e-05 16.1795532527 -1.19935918233 -1.87999999523 0.642930624842 -3.84375 9.0 1.0 1.0 2.5 0.0 0.0 
182 -0.00279175402614 -3.32189226217e-05 16.1795532527 -1.19935918233 -1.90999996662 0.642930624842 -3.84375 9.0 1.0 1.0 2.5 0.0 0.0 
182 -0.00279175402614 -3.32189226217e-05 16.1795532527 -1.19935918233 -1.90999996662 0.642930624842 -3.84375 9.0 1.0 1.0 2.5 0.0 0.0 
182 -0.00279175402614 -3.32189226217e-05 16.1795532527 -1.19935918233 -1.90999996662 0.642930624842 -3.84375 9.0 1.0 1.0 2.5 0.0 0.0 
182 -0.00279175402614 -3.32189226217e-05 16.1795532527 -1.19935918233 -1.90999996662 0.642930624842 -3.84375 9.0 1.0 1.0 2.5 0.0 0.0 
182 -0.00279175402614 -3.32189226217e-05 16.1795532527 -1.19935918233 -1.94000005722 0.642930624842 -3.84375 9.0 1.0 1.0 2.5 0.0 0.0 
182 -0.00279175402614 -3.32189226217e-05 16.1795532527 -1.19935918233 -1.91999995708 0.642930624842 -3.84375 9.0 1.0 1.0 2.5 0.0 0.0 
182 -0.00279175402614 -3.32189226217e-05 16.1795532527 -1.19935918233 -1.94000005722 0.642930624842 -3.84375 9.0 1.0 1.0 2.5 0.0 0.0 
182 -0.00279175402614 -3.32189226217e-05 16.1795532527 -1.19935918233 -1.91999995708 0.642930624842 -3.84375 9.0 1.0 1.0 2.5 0.0 0.0 
182 -0.00279175402614 -3.32189226217e-05 16.1795532527 -1.19935918233 -1.94000005722 0.642930624842 -3.84375 9.0 1.0 1.0 2.5 0.0 0.0 
182 -0.00279175402614 -3.32189226217e-05 16.1795532527 -1.19935918233 -1.92999994755 0.642930624842 -3.84375 9.0 1.0 1.0 2.5 0.0 0.0 
182 -0.00279175402614 -3.32189226217e-05 16.1795532527 -1.19935918233 -1.94000005722 0.642930624842 -3.84375 9.0 1.0 1.0 2.5 0.0 0.0 
182 -0.00279175402614 -3.32189226217e-05 16.1795532527 -1.19935918233 -1.94000005722 0.642930624842 -3.84375 9.0 1.0 1.0 2.5 0.0 0.0 
182 -0.00279175402614 -3.32189226217e-05 16.1795532527 -1.19935918233 -1.94000005722 0.642930624842 -3.84375 9.0 1.0 1.0 2.5 0.0 0.0 
182 -0.00279175402614 -3.32189226217e-05 16.1795532527 -1.19935918233 -1.94000005722 0.642930624842 -3.84375 9.0 1.0 1.0 2.5 0.0 0.0 
182 -0.00279175402614 -3.32189226217e-05 16.1795532527 -1.19935918233 -1.94000005722 0.642930624842 -3.84375 9.0 1.0 1.0 2.5 0.0 0.0 
182 -0.00279175402614 -3.32189226217e-05 16.1795532527 -1.19935918233 -1.94000005722 0.642930624842 -3.84375 9.0 1.0 1.0 2.5 0.0 0.0 
182 -0.00279175402614 -3.32189226217e-05 16.1795532527 -1.19935918233 -1.94000005722 0.642930624842 -3.84375 9.0 1.0 1.0 2.5 0.0 0.0 
182 -0.00279175402614 -3.32189226217e-05 16.1795532527 -1.19935918233 -1.94000005722 0.642930624842 -3.84375 9.0 1.0 1.0 2.5 0.0 0.0 
182 -0.00279175402614 -3.32189226217e-05 16.1795532527 -1.19935918233 -1.94000005722 0.642930624842 -3.84375 9.0 1.0 1.0 2.5 0.0 0.0 
182 -0.00279175402614 -3.32189226217e-05 16.1795532527 -1.19935918233 -1.94000005722 0.642930624842 -3.84375 9.0 1.0 1.0 2.5 0.0 0.0 
182 -0.00279175402614 -3.32189226217e-05 16.1795532527 -1.19935918233 -1.94000005722 0.642930624842 -3.84375 9.0 1.0 1.0 2.5 0.0 0.0 
182 -0.00279175402614 -3.32189226217e-05 16.1795532527 -1.19935918233 -1.94000005722 0.642930624842 -3.84375 9.0 1.0 1.0 2.5 0.0 0.0 
182 -0.00279175402614 -3.32189226217e-05 16.1795532527 -1.19935918233 -1.94000005722 0.642930624842 -3.84375 9.0 1.0 1.0 2.5 0.0 0.0 
182 -0.00279175402614 -3.32189226217e-05 16.1795532527 -1.19935918233 -1.94000005722 0.642930624842 -3.84375 9.0 1.0 1.0 2.5 0.0 0.0 
182 -0.00279175402614 -3.32189226217e-05 16.1795532527 -1.19935918233 -1.94000005722 0.642930624842 -3.84375 9.0 1.0 1.0 2.5 0.0 0.0 
182 -0.00279175402614 -3.32189226217e-05 16.1795532527 -1.19935918233 -1.94000005722 0.642930624842 -3.84375 9.0 1.0 1.0 2.5 0.0 0.0 
182 -0.00279175402614 -3.32189226217e-05 16.1795532527 -1.19935918233 -1.94000005722 0.642930624842 -3.84375 9.0 1.0 1.0 2.5 0.0 0.0 
182 -0.00279175402614 -3.32189226217e-05 16.1795532527 -1.19935918233 -1.94000005722 0.642930624842 -3.84375 9.0 1.0 1.0 2.5 0.0 0.0 
182 -0.00279175402614 -3.32189226217e-05 16.1795532527 -1.19935918233 -1.94000005722 0.642930624842 -3.84375 9.0 1.0 1.0 2.5 0.0 0.0 
182 -0.00279175402614 -3.32189226217e-05 16.1795532527 -1.19935918233 -1.94000005722 0.642930624842 -3.84375 9.0 1.0 1.0 2.5 0.0 0.0 
182 -0.00279175402614 -3.32189226217e-05 16.1795532527 -1.19935918233 -1.94000005722 0.642930624842 -3.84375 9.0 1.0 1.0 2.5 0.0 0.0 
182 -0.00279175402614 -3.32189226217e-05 16.1795532527 -1.19935918233 -1.94000005722 0.642930624842 -3.84375 9.0 1.0 1.0 2.5 0.0 0.0 
182 -0.00279175402614 -3.32189226217e-05 16.1795532527 -1.19935918233 -1.94000005722 0.642930624842 -3.84375 9.0 1.0 1.0 2.5 0.0 0.0 
182 -0.00279175402614 -3.32189226217e-05 16.1795532527 -1.19935918233 -1.94000005722 0.642930624842 -3.84375 9.0 1.0 1.0 2.5 0.0 0.0 
182 -0.00279175402614 -3.32189226217e-05 16.1795532527 -1.19935918233 -1.94000005722 0.642930624842 -3.84375 9.0 1.0 1.0 2.5 0.0 0.0 
182 -0.00279175402614 -3.32189226217e-05 16.1795532527 -1.19935918233 -1.94000005722 0.642930624842 -3.84375 9.0 1.0 1.0 2.5 0.0 0.0 
182 -0.00279175402614 -3.32189226217e-05 16.1795532527 -1.19935918233 -1.94000005722 0.642930624842 -3.84375 9.0 1.0 1.0 2.5 0.0 0.0 
182 -0.00279175402614 -3.32189226217e-05 16.1795532527 -1.19935918233 -1.94000005722 0.642930624842 -3.84375 9.0 1.0 1.0 2.5 0.0 0.0 
182 -0.00279175402614 -3.32189226217e-05 16.1795532527 -1.19935918233 -1.94000005722 0.642930624842 -3.84375 9.0 1.0 1.0 2.5 0.0 0.0 
182 -0.00279175402614 -3.32189226217e-05 16.1795532527 -1.19935918233 -1.94000005722 0.642930624842 -3.84375 9.0 1.0 1.0 2.5 0.0 0.0 
182 -0.00279175402614 -3.32189226217e-05 16.1795532527 -1.19935918233 -1.94000005722 0.642930624842 -3.84375 9.0 1.0 1.0 2.5 0.0 0.0 
182 -0.00279175402614 -3.32189226217e-05 16.1795532527 -1.19935918233 -1.94000005722 0.642930624842 -3.84375 9.0 1.0 1.0 2.5 0.0 0.0 
